0.000000, 0.000000
0.001000, 1.487912
0.002000, 2.975795
0.003000, 4.463678
0.004000, 5.951473
0.005000, 7.439268
0.006000, 8.926915
0.007000, 10.414563
0.008000, 11.902006
0.009000, 13.389448
0.010000, 14.876626
0.011000, 16.363804
0.012000, 17.850659
0.013000, 19.337514
0.014000, 20.823988
0.015000, 22.310461
0.016000, 23.796494
0.017000, 25.282527
0.018000, 26.768061
0.019000, 28.253595
0.020000, 29.738571
0.021000, 31.223547
0.022000, 32.707907
0.023000, 34.192267
0.024000, 35.675952
0.025000, 37.159637
0.026000, 38.642588
0.027000, 40.125540
0.028000, 41.607699
0.029000, 43.089858
0.030000, 44.571167
0.031000, 46.052476
0.032000, 47.532876
0.033000, 49.013276
0.034000, 50.492708
0.035000, 51.972140
0.036000, 53.450547
0.037000, 54.928953
0.038000, 56.406276
0.039000, 57.883598
0.040000, 59.359777
0.041000, 60.835957
0.042000, 62.310936
0.043000, 63.785915
0.044000, 65.259634
0.045000, 66.733354
0.046000, 68.205756
0.047000, 69.678159
0.048000, 71.149186
0.049000, 72.620213
0.050000, 74.089806
0.051000, 75.559400
0.052000, 77.027502
0.053000, 78.495604
0.054000, 79.962157
0.055000, 81.428710
0.056000, 82.893655
0.057000, 84.358600
0.058000, 85.821880
0.059000, 87.285161
0.060000, 88.746718
0.061000, 90.208275
0.062000, 91.668052
0.063000, 93.127828
0.064000, 94.585767
0.065000, 96.043705
0.066000, 97.499747
0.067000, 98.955790
0.068000, 100.409879
0.069000, 101.863968
0.070000, 103.316047
0.071000, 104.768125
0.072000, 106.218136
0.073000, 107.668146
0.074000, 109.116032
0.075000, 110.563917
0.076000, 112.009620
0.077000, 113.455322
0.078000, 114.898786
0.079000, 116.342249
0.080000, 117.783416
0.081000, 119.224582
0.082000, 120.663396
0.083000, 122.102209
0.084000, 123.538612
0.085000, 124.975015
0.086000, 126.408952
0.087000, 127.842888
0.088000, 129.274301
0.089000, 130.705713
0.090000, 132.134546
0.091000, 133.563379
0.092000, 134.989575
0.093000, 136.415772
0.094000, 137.839275
0.095000, 139.262779
0.096000, 140.683533
0.097000, 142.104288
0.098000, 143.522238
0.099000, 144.940187
0.100000, 146.355276
0.101000, 147.770365
0.102000, 149.182536
0.103000, 150.594708
0.104000, 152.003907
0.105000, 153.413107
0.106000, 154.819277
0.107000, 156.225448
0.108000, 157.628536
0.109000, 159.031623
0.110000, 160.431571
0.111000, 161.831519
0.112000, 163.228272
0.113000, 164.625026
0.114000, 166.018530
0.115000, 167.412034
0.116000, 168.802234
0.117000, 170.192433
0.118000, 171.579273
0.119000, 172.966113
0.120000, 174.349539
0.121000, 175.732965
0.122000, 177.112922
0.123000, 178.492879
0.124000, 179.869312
0.125000, 181.245746
0.126000, 182.618602
0.127000, 183.991458
0.128000, 185.360683
0.129000, 186.729907
0.130000, 188.095445
0.131000, 189.460984
0.132000, 190.822782
0.133000, 192.184581
0.134000, 193.542586
0.135000, 194.900591
0.136000, 196.254748
0.137000, 197.608906
0.138000, 198.959163
0.139000, 200.309421
0.140000, 201.655724
0.141000, 203.002027
0.142000, 204.344323
0.143000, 205.686620
0.144000, 207.024856
0.145000, 208.363092
0.146000, 209.697215
0.147000, 211.031338
0.148000, 212.361296
0.149000, 213.691253
0.150000, 215.016993
0.151000, 216.342732
0.152000, 217.664201
0.153000, 218.985671
0.154000, 220.302817
0.155000, 221.619964
0.156000, 222.932736
0.157000, 224.245507
0.158000, 225.553853
0.159000, 226.862198
0.160000, 228.166066
0.161000, 229.469933
0.162000, 230.769271
0.163000, 232.068609
0.164000, 233.363366
0.165000, 234.658123
0.166000, 235.948248
0.167000, 237.238374
0.168000, 238.523816
0.169000, 239.809258
0.170000, 241.089967
0.171000, 242.370675
0.172000, 243.646600
0.173000, 244.922524
0.174000, 246.193614
0.175000, 247.464704
0.176000, 248.730909
0.177000, 249.997114
0.178000, 251.258384
0.179000, 252.519655
0.180000, 253.775941
0.181000, 255.032227
0.182000, 256.283478
0.183000, 257.534730
0.184000, 258.780898
0.185000, 260.027067
0.186000, 261.268102
0.187000, 262.509138
0.188000, 263.744991
0.189000, 264.980845
0.190000, 266.211469
0.191000, 267.442092
0.192000, 268.667436
0.193000, 269.892780
0.194000, 271.112797
0.195000, 272.332814
0.196000, 273.547455
0.197000, 274.762096
0.198000, 275.971314
0.199000, 277.180531
0.200000, 278.384278
0.201000, 279.588024
0.202000, 280.786252
0.203000, 281.984479
0.204000, 283.177140
0.205000, 284.369802
0.206000, 285.556850
0.207000, 286.743898
0.208000, 287.925286
0.209000, 289.106674
0.210000, 290.282355
0.211000, 291.458037
0.212000, 292.627965
0.213000, 293.797893
0.214000, 294.962022
0.215000, 296.126151
0.216000, 297.284434
0.217000, 298.442718
0.218000, 299.595111
0.219000, 300.747503
0.220000, 301.893959
0.221000, 303.040415
0.222000, 304.180890
0.223000, 305.321364
0.224000, 306.455812
0.225000, 307.590259
0.226000, 308.718635
0.227000, 309.847011
0.228000, 310.969271
0.229000, 312.091531
0.230000, 313.207630
0.231000, 314.323730
0.232000, 315.433625
0.233000, 316.543520
0.234000, 317.647166
0.235000, 318.750813
0.236000, 319.848168
0.237000, 320.945523
0.238000, 322.036542
0.239000, 323.127562
0.240000, 324.212203
0.241000, 325.296845
0.242000, 326.375065
0.243000, 327.453285
0.244000, 328.525042
0.245000, 329.596798
0.246000, 330.662049
0.247000, 331.727300
0.248000, 332.786002
0.249000, 333.844705
0.250000, 334.896818
0.251000, 335.948931
0.252000, 336.994412
0.253000, 338.039894
0.254000, 339.078703
0.255000, 340.117511
0.256000, 341.149607
0.257000, 342.181702
0.258000, 343.207043
0.259000, 344.232384
0.260000, 345.250930
0.261000, 346.269476
0.262000, 347.281187
0.263000, 348.292898
0.264000, 349.297734
0.265000, 350.302570
0.266000, 351.300491
0.267000, 352.298412
0.268000, 353.289379
0.269000, 354.280347
0.270000, 355.264321
0.271000, 356.248295
0.272000, 357.225237
0.273000, 358.202179
0.274000, 359.172050
0.275000, 360.141921
0.276000, 361.104684
0.277000, 362.067446
0.278000, 363.023062
0.279000, 363.978678
0.280000, 364.927109
0.281000, 365.875540
0.282000, 366.816748
0.283000, 367.757957
0.284000, 368.691907
0.285000, 369.625857
0.286000, 370.552510
0.287000, 371.479164
0.288000, 372.398485
0.289000, 373.317806
0.290000, 374.229758
0.291000, 375.141709
0.292000, 376.046256
0.293000, 376.950803
0.294000, 377.847910
0.295000, 378.745016
0.296000, 379.634646
0.297000, 380.524276
0.298000, 381.406395
0.299000, 382.288514
0.300000, 383.163087
0.301000, 384.037660
0.302000, 384.904652
0.303000, 385.771644
0.304000, 386.631022
0.305000, 387.490399
0.306000, 388.342128
0.307000, 389.193857
0.308000, 390.037903
0.309000, 390.881950
0.310000, 391.718281
0.311000, 392.554611
0.312000, 393.383193
0.313000, 394.211775
0.314000, 395.032576
0.315000, 395.853377
0.316000, 396.666364
0.317000, 397.479350
0.318000, 398.284491
0.319000, 399.089632
0.320000, 399.886895
0.321000, 400.684159
0.322000, 401.473513
0.323000, 402.262867
0.324000, 403.044281
0.325000, 403.825694
0.326000, 404.599137
0.327000, 405.372580
0.328000, 406.138021
0.329000, 406.903461
0.330000, 407.660870
0.331000, 408.418279
0.332000, 409.167626
0.333000, 409.916974
0.334000, 410.658229
0.335000, 411.399485
0.336000, 412.132620
0.337000, 412.865755
0.338000, 413.590741
0.339000, 414.315726
0.340000, 415.032533
0.341000, 415.749340
0.342000, 416.457941
0.343000, 417.166542
0.344000, 417.866908
0.345000, 418.567274
0.346000, 419.259378
0.347000, 419.951482
0.348000, 420.635297
0.349000, 421.319111
0.350000, 421.994609
0.351000, 422.670107
0.352000, 423.337262
0.353000, 424.004417
0.354000, 424.663202
0.355000, 425.321988
0.356000, 425.972378
0.357000, 426.622767
0.358000, 427.264736
0.359000, 427.906705
0.360000, 428.540227
0.361000, 429.173749
0.362000, 429.798800
0.363000, 430.423851
0.364000, 431.040405
0.365000, 431.656960
0.366000, 432.264994
0.367000, 432.873028
0.368000, 433.472517
0.369000, 434.072007
0.370000, 434.662928
0.371000, 435.253849
0.372000, 435.836179
0.373000, 436.418508
0.374000, 436.992223
0.375000, 437.565939
0.376000, 438.131017
0.377000, 438.696095
0.378000, 439.252513
0.379000, 439.808932
0.380000, 440.356669
0.381000, 440.904406
0.382000, 441.443440
0.383000, 441.982474
0.384000, 442.512783
0.385000, 443.043093
0.386000, 443.564657
0.387000, 444.086221
0.388000, 444.599020
0.389000, 445.111818
0.390000, 445.615830
0.391000, 446.119843
0.392000, 446.615049
0.393000, 447.110255
0.394000, 447.596636
0.395000, 448.083017
0.396000, 448.560553
0.397000, 449.038089
0.398000, 449.506761
0.399000, 449.975433
0.400000, 450.435223
0.401000, 450.895014
0.402000, 451.345903
0.403000, 451.796793
0.404000, 452.238765
0.405000, 452.680737
0.406000, 453.113773
0.407000, 453.546810
0.408000, 453.970893
0.409000, 454.394977
0.410000, 454.810091
0.411000, 455.225205
0.412000, 455.631334
0.413000, 456.037462
0.414000, 456.434589
0.415000, 456.831716
0.416000, 457.219825
0.417000, 457.607934
0.418000, 457.987011
0.419000, 458.366087
0.420000, 458.736116
0.421000, 459.106145
0.422000, 459.467111
0.423000, 459.828078
0.424000, 460.179967
0.425000, 460.531857
0.426000, 460.874656
0.427000, 461.217456
0.428000, 461.551151
0.429000, 461.884846
0.430000, 462.209424
0.431000, 462.534002
0.432000, 462.849450
0.433000, 463.164898
0.434000, 463.471204
0.435000, 463.777509
0.436000, 464.074660
0.437000, 464.371811
0.438000, 464.659796
0.439000, 464.947780
0.440000, 465.226587
0.441000, 465.505394
0.442000, 465.775012
0.443000, 466.044631
0.444000, 466.305050
0.445000, 466.565469
0.446000, 466.816678
0.447000, 467.067887
0.448000, 467.309877
0.449000, 467.551867
0.450000, 467.784628
0.451000, 468.017388
0.452000, 468.240911
0.453000, 468.464433
0.454000, 468.678709
0.455000, 468.892984
0.456000, 469.098004
0.457000, 469.303024
0.458000, 469.498780
0.459000, 469.694536
0.460000, 469.881021
0.461000, 470.067506
0.462000, 470.244712
0.463000, 470.421918
0.464000, 470.589839
0.465000, 470.757759
0.466000, 470.916387
0.467000, 471.075015
0.468000, 471.224345
0.469000, 471.373674
0.470000, 471.513699
0.471000, 471.653724
0.472000, 471.784439
0.473000, 471.915154
0.474000, 472.036553
0.475000, 472.157953
0.476000, 472.270033
0.477000, 472.382112
0.478000, 472.484868
0.479000, 472.587623
0.480000, 472.681050
0.481000, 472.774476
0.482000, 472.858571
0.483000, 472.942666
0.484000, 473.017425
0.485000, 473.092184
0.486000, 473.157605
0.487000, 473.223025
0.488000, 473.279105
0.489000, 473.335185
0.490000, 473.381921
0.491000, 473.428658
0.492000, 473.466049
0.493000, 473.503440
0.494000, 473.531485
0.495000, 473.559530
0.496000, 473.578227
0.497000, 473.596924
0.498000, 473.606273
0.499000, 473.615622
0.500000, 473.615622
0.501000, 473.615622
0.502000, 473.606273
0.503000, 473.596924
0.504000, 473.578227
0.505000, 473.559530
0.506000, 473.531485
0.507000, 473.503440
0.508000, 473.466049
0.509000, 473.428658
0.510000, 473.381921
0.511000, 473.335185
0.512000, 473.279105
0.513000, 473.223025
0.514000, 473.157605
0.515000, 473.092184
0.516000, 473.017425
0.517000, 472.942666
0.518000, 472.858571
0.519000, 472.774476
0.520000, 472.681050
0.521000, 472.587623
0.522000, 472.484868
0.523000, 472.382112
0.524000, 472.270033
0.525000, 472.157953
0.526000, 472.036553
0.527000, 471.915154
0.528000, 471.784439
0.529000, 471.653724
0.530000, 471.513699
0.531000, 471.373674
0.532000, 471.224345
0.533000, 471.075015
0.534000, 470.916387
0.535000, 470.757759
0.536000, 470.589839
0.537000, 470.421918
0.538000, 470.244712
0.539000, 470.067506
0.540000, 469.881021
0.541000, 469.694536
0.542000, 469.498780
0.543000, 469.303024
0.544000, 469.098004
0.545000, 468.892984
0.546000, 468.678709
0.547000, 468.464433
0.548000, 468.240911
0.549000, 468.017388
0.550000, 467.784628
0.551000, 467.551867
0.552000, 467.309877
0.553000, 467.067887
0.554000, 466.816678
0.555000, 466.565469
0.556000, 466.305050
0.557000, 466.044631
0.558000, 465.775012
0.559000, 465.505394
0.560000, 465.226587
0.561000, 464.947780
0.562000, 464.659796
0.563000, 464.371811
0.564000, 464.074660
0.565000, 463.777509
0.566000, 463.471204
0.567000, 463.164898
0.568000, 462.849450
0.569000, 462.534002
0.570000, 462.209424
0.571000, 461.884846
0.572000, 461.551151
0.573000, 461.217456
0.574000, 460.874656
0.575000, 460.531857
0.576000, 460.179967
0.577000, 459.828078
0.578000, 459.467111
0.579000, 459.106145
0.580000, 458.736116
0.581000, 458.366087
0.582000, 457.987011
0.583000, 457.607934
0.584000, 457.219825
0.585000, 456.831716
0.586000, 456.434589
0.587000, 456.037462
0.588000, 455.631334
0.589000, 455.225205
0.590000, 454.810091
0.591000, 454.394977
0.592000, 453.970893
0.593000, 453.546810
0.594000, 453.113773
0.595000, 452.680737
0.596000, 452.238765
0.597000, 451.796793
0.598000, 451.345903
0.599000, 450.895014
0.600000, 450.435223
0.601000, 449.975433
0.602000, 449.506761
0.603000, 449.038089
0.604000, 448.560553
0.605000, 448.083017
0.606000, 447.596636
0.607000, 447.110255
0.608000, 446.615049
0.609000, 446.119843
0.610000, 445.615830
0.611000, 445.111818
0.612000, 444.599020
0.613000, 444.086221
0.614000, 443.564657
0.615000, 443.043093
0.616000, 442.512783
0.617000, 441.982474
0.618000, 441.443440
0.619000, 440.904406
0.620000, 440.356669
0.621000, 439.808932
0.622000, 439.252513
0.623000, 438.696095
0.624000, 438.131017
0.625000, 437.565939
0.626000, 436.992223
0.627000, 436.418508
0.628000, 435.836179
0.629000, 435.253849
0.630000, 434.662928
0.631000, 434.072007
0.632000, 433.472517
0.633000, 432.873028
0.634000, 432.264994
0.635000, 431.656960
0.636000, 431.040405
0.637000, 430.423851
0.638000, 429.798800
0.639000, 429.173749
0.640000, 428.540227
0.641000, 427.906705
0.642000, 427.264736
0.643000, 426.622767
0.644000, 425.972378
0.645000, 425.321988
0.646000, 424.663202
0.647000, 424.004417
0.648000, 423.337262
0.649000, 422.670107
0.650000, 421.994609
0.651000, 421.319111
0.652000, 420.635297
0.653000, 419.951482
0.654000, 419.259378
0.655000, 418.567274
0.656000, 417.866908
0.657000, 417.166542
0.658000, 416.457941
0.659000, 415.749340
0.660000, 415.032533
0.661000, 414.315726
0.662000, 413.590741
0.663000, 412.865755
0.664000, 412.132620
0.665000, 411.399485
0.666000, 410.658229
0.667000, 409.916974
0.668000, 409.167626
0.669000, 408.418279
0.670000, 407.660870
0.671000, 406.903461
0.672000, 406.138021
0.673000, 405.372580
0.674000, 404.599137
0.675000, 403.825694
0.676000, 403.044281
0.677000, 402.262867
0.678000, 401.473513
0.679000, 400.684159
0.680000, 399.886895
0.681000, 399.089632
0.682000, 398.284491
0.683000, 397.479350
0.684000, 396.666364
0.685000, 395.853377
0.686000, 395.032576
0.687000, 394.211775
0.688000, 393.383193
0.689000, 392.554611
0.690000, 391.718281
0.691000, 390.881950
0.692000, 390.037903
0.693000, 389.193857
0.694000, 388.342128
0.695000, 387.490399
0.696000, 386.631022
0.697000, 385.771644
0.698000, 384.904652
0.699000, 384.037660
0.700000, 383.163087
0.701000, 382.288514
0.702000, 381.406395
0.703000, 380.524276
0.704000, 379.634646
0.705000, 378.745016
0.706000, 377.847910
0.707000, 376.950803
0.708000, 376.046256
0.709000, 375.141709
0.710000, 374.229758
0.711000, 373.317806
0.712000, 372.398485
0.713000, 371.479164
0.714000, 370.552510
0.715000, 369.625857
0.716000, 368.691907
0.717000, 367.757957
0.718000, 366.816748
0.719000, 365.875540
0.720000, 364.927109
0.721000, 363.978678
0.722000, 363.023062
0.723000, 362.067446
0.724000, 361.104684
0.725000, 360.141921
0.726000, 359.172050
0.727000, 358.202179
0.728000, 357.225237
0.729000, 356.248295
0.730000, 355.264321
0.731000, 354.280347
0.732000, 353.289379
0.733000, 352.298412
0.734000, 351.300491
0.735000, 350.302570
0.736000, 349.297734
0.737000, 348.292898
0.738000, 347.281187
0.739000, 346.269476
0.740000, 345.250930
0.741000, 344.232384
0.742000, 343.207043
0.743000, 342.181702
0.744000, 341.149607
0.745000, 340.117511
0.746000, 339.078703
0.747000, 338.039894
0.748000, 336.994412
0.749000, 335.948931
0.750000, 334.896818
0.751000, 333.844705
0.752000, 332.786002
0.753000, 331.727300
0.754000, 330.662049
0.755000, 329.596798
0.756000, 328.525042
0.757000, 327.453285
0.758000, 326.375065
0.759000, 325.296845
0.760000, 324.212203
0.761000, 323.127562
0.762000, 322.036542
0.763000, 320.945523
0.764000, 319.848168
0.765000, 318.750813
0.766000, 317.647166
0.767000, 316.543520
0.768000, 315.433625
0.769000, 314.323730
0.770000, 313.207630
0.771000, 312.091531
0.772000, 310.969271
0.773000, 309.847011
0.774000, 308.718635
0.775000, 307.590259
0.776000, 306.455812
0.777000, 305.321364
0.778000, 304.180890
0.779000, 303.040415
0.780000, 301.893959
0.781000, 300.747503
0.782000, 299.595111
0.783000, 298.442718
0.784000, 297.284434
0.785000, 296.126151
0.786000, 294.962022
0.787000, 293.797893
0.788000, 292.627965
0.789000, 291.458037
0.790000, 290.282355
0.791000, 289.106674
0.792000, 287.925286
0.793000, 286.743898
0.794000, 285.556850
0.795000, 284.369802
0.796000, 283.177140
0.797000, 281.984479
0.798000, 280.786252
0.799000, 279.588024
0.800000, 278.384278
0.801000, 277.180531
0.802000, 275.971314
0.803000, 274.762096
0.804000, 273.547455
0.805000, 272.332814
0.806000, 271.112797
0.807000, 269.892780
0.808000, 268.667436
0.809000, 267.442092
0.810000, 266.211469
0.811000, 264.980845
0.812000, 263.744991
0.813000, 262.509138
0.814000, 261.268102
0.815000, 260.027067
0.816000, 258.780898
0.817000, 257.534730
0.818000, 256.283478
0.819000, 255.032227
0.820000, 253.775941
0.821000, 252.519655
0.822000, 251.258384
0.823000, 249.997114
0.824000, 248.730909
0.825000, 247.464704
0.826000, 246.193614
0.827000, 244.922524
0.828000, 243.646600
0.829000, 242.370675
0.830000, 241.089967
0.831000, 239.809258
0.832000, 238.523816
0.833000, 237.238374
0.834000, 235.948248
0.835000, 234.658123
0.836000, 233.363366
0.837000, 232.068609
0.838000, 230.769271
0.839000, 229.469933
0.840000, 228.166066
0.841000, 226.862198
0.842000, 225.553853
0.843000, 224.245507
0.844000, 222.932736
0.845000, 221.619964
0.846000, 220.302817
0.847000, 218.985671
0.848000, 217.664201
0.849000, 216.342732
0.850000, 215.016993
0.851000, 213.691253
0.852000, 212.361296
0.853000, 211.031338
0.854000, 209.697215
0.855000, 208.363092
0.856000, 207.024856
0.857000, 205.686620
0.858000, 204.344323
0.859000, 203.002027
0.860000, 201.655724
0.861000, 200.309421
0.862000, 198.959163
0.863000, 197.608906
0.864000, 196.254748
0.865000, 194.900591
0.866000, 193.542586
0.867000, 192.184581
0.868000, 190.822782
0.869000, 189.460984
0.870000, 188.095445
0.871000, 186.729907
0.872000, 185.360683
0.873000, 183.991458
0.874000, 182.618602
0.875000, 181.245746
0.876000, 179.869312
0.877000, 178.492879
0.878000, 177.112922
0.879000, 175.732965
0.880000, 174.349539
0.881000, 172.966113
0.882000, 171.579273
0.883000, 170.192433
0.884000, 168.802234
0.885000, 167.412034
0.886000, 166.018530
0.887000, 164.625026
0.888000, 163.228272
0.889000, 161.831519
0.890000, 160.431571
0.891000, 159.031623
0.892000, 157.628536
0.893000, 156.225448
0.894000, 154.819277
0.895000, 153.413107
0.896000, 152.003907
0.897000, 150.594708
0.898000, 149.182536
0.899000, 147.770365
0.900000, 146.355276
0.901000, 144.940187
0.902000, 143.522238
0.903000, 142.104288
0.904000, 140.683533
0.905000, 139.262779
0.906000, 137.839275
0.907000, 136.415772
0.908000, 134.989575
0.909000, 133.563379
0.910000, 132.134546
0.911000, 130.705713
0.912000, 129.274301
0.913000, 127.842888
0.914000, 126.408952
0.915000, 124.975015
0.916000, 123.538612
0.917000, 122.102209
0.918000, 120.663396
0.919000, 119.224582
0.920000, 117.783416
0.921000, 116.342249
0.922000, 114.898786
0.923000, 113.455322
0.924000, 112.009620
0.925000, 110.563917
0.926000, 109.116032
0.927000, 107.668146
0.928000, 106.218136
0.929000, 104.768125
0.930000, 103.316047
0.931000, 101.863968
0.932000, 100.409879
0.933000, 98.955790
0.934000, 97.499747
0.935000, 96.043705
0.936000, 94.585767
0.937000, 93.127828
0.938000, 91.668052
0.939000, 90.208275
0.940000, 88.746718
0.941000, 87.285161
0.942000, 85.821880
0.943000, 84.358600
0.944000, 82.893655
0.945000, 81.428710
0.946000, 79.962157
0.947000, 78.495604
0.948000, 77.027502
0.949000, 75.559400
0.950000, 74.089806
0.951000, 72.620213
0.952000, 71.149186
0.953000, 69.678159
0.954000, 68.205756
0.955000, 66.733354
0.956000, 65.259634
0.957000, 63.785915
0.958000, 62.310936
0.959000, 60.835957
0.960000, 59.359777
0.961000, 57.883598
0.962000, 56.406276
0.963000, 54.928953
0.964000, 53.450547
0.965000, 51.972140
0.966000, 50.492708
0.967000, 49.013276
0.968000, 47.532876
0.969000, 46.052476
0.970000, 44.571167
0.971000, 43.089858
0.972000, 41.607699
0.973000, 40.125540
0.974000, 38.642588
0.975000, 37.159637
0.976000, 35.675952
0.977000, 34.192267
0.978000, 32.707907
0.979000, 31.223547
0.980000, 29.738571
0.981000, 28.253595
0.982000, 26.768061
0.983000, 25.282527
0.984000, 23.796494
0.985000, 22.310461
0.986000, 20.823988
0.987000, 19.337514
0.988000, 17.850659
0.989000, 16.363804
0.990000, 14.876626
0.991000, 13.389448
0.992000, 11.902006
0.993000, 10.414563
0.994000, 8.926915
0.995000, 7.439268
0.996000, 5.951473
0.997000, 4.463678
0.998000, 2.975795
0.999000, 1.487912
1.000000, 0.000000
