0.000000, 0.000000
0.001000, 42.650755
0.002000, 85.300669
0.003000, 127.950582
0.004000, 170.597970
0.005000, 213.245357
0.006000, 255.888536
0.007000, 298.531714
0.008000, 341.169000
0.009000, 383.806285
0.010000, 426.435995
0.011000, 469.065705
0.012000, 511.686155
0.013000, 554.306606
0.014000, 596.916115
0.015000, 639.525625
0.016000, 682.122510
0.017000, 724.719395
0.018000, 767.301976
0.019000, 809.884556
0.020000, 852.451149
0.021000, 895.017743
0.022000, 937.566670
0.023000, 980.115597
0.024000, 1022.645177
0.025000, 1065.174757
0.026000, 1107.683312
0.027000, 1150.191866
0.028000, 1192.677717
0.029000, 1235.163568
0.030000, 1277.625037
0.031000, 1320.086507
0.032000, 1362.521919
0.033000, 1404.957332
0.034000, 1447.365011
0.035000, 1489.772691
0.036000, 1532.150964
0.037000, 1574.529236
0.038000, 1616.876429
0.039000, 1659.223622
0.040000, 1701.538064
0.041000, 1743.852505
0.042000, 1786.132524
0.043000, 1828.412543
0.044000, 1870.656471
0.045000, 1912.900399
0.046000, 1955.106568
0.047000, 1997.312736
0.048000, 2039.479480
0.049000, 2081.646224
0.050000, 2123.771877
0.051000, 2165.897531
0.052000, 2207.980432
0.053000, 2250.063332
0.054000, 2292.101819
0.055000, 2334.140305
0.056000, 2376.132717
0.057000, 2418.125130
0.058000, 2460.069811
0.059000, 2502.014491
0.060000, 2543.909784
0.061000, 2585.805078
0.062000, 2627.649329
0.063000, 2669.493581
0.064000, 2711.285139
0.065000, 2753.076697
0.066000, 2794.813911
0.067000, 2836.551126
0.068000, 2878.232349
0.069000, 2919.913573
0.070000, 2961.537160
0.071000, 3003.160747
0.072000, 3044.725054
0.073000, 3086.289361
0.074000, 3127.792747
0.075000, 3169.296134
0.076000, 3210.736961
0.077000, 3252.177788
0.078000, 3293.554420
0.079000, 3334.931052
0.080000, 3376.241856
0.081000, 3417.552659
0.082000, 3458.796003
0.083000, 3500.039346
0.084000, 3541.213602
0.085000, 3582.387858
0.086000, 3623.491401
0.087000, 3664.594944
0.088000, 3705.626150
0.089000, 3746.657357
0.090000, 3787.614608
0.091000, 3828.571859
0.092000, 3869.453537
0.093000, 3910.335215
0.094000, 3951.139707
0.095000, 3991.944199
0.096000, 4032.669893
0.097000, 4073.395587
0.098000, 4114.040875
0.099000, 4154.686164
0.100000, 4195.249442
0.101000, 4235.812721
0.102000, 4276.292389
0.103000, 4316.772056
0.104000, 4357.166514
0.105000, 4397.560972
0.106000, 4437.868626
0.107000, 4478.176280
0.108000, 4518.395538
0.109000, 4558.614797
0.110000, 4598.744072
0.111000, 4638.873347
0.112000, 4678.911055
0.113000, 4718.948763
0.114000, 4758.893323
0.115000, 4798.837883
0.116000, 4838.687718
0.117000, 4878.537553
0.118000, 4918.291090
0.119000, 4958.044627
0.120000, 4997.700296
0.121000, 5037.355966
0.122000, 5076.912202
0.123000, 5116.468438
0.124000, 5155.923680
0.125000, 5195.378921
0.126000, 5234.731610
0.127000, 5274.084300
0.128000, 5313.332883
0.129000, 5352.581466
0.130000, 5391.724394
0.131000, 5430.867322
0.132000, 5469.903049
0.133000, 5508.938776
0.134000, 5547.865762
0.135000, 5586.792747
0.136000, 5625.609454
0.137000, 5664.426161
0.138000, 5703.131057
0.139000, 5741.835954
0.140000, 5780.427511
0.141000, 5819.019068
0.142000, 5857.495762
0.143000, 5895.972457
0.144000, 5934.332770
0.145000, 5972.693084
0.146000, 6010.935501
0.147000, 6049.177918
0.148000, 6087.300930
0.149000, 6125.423942
0.150000, 6163.426043
0.151000, 6201.428144
0.152000, 6239.307835
0.153000, 6277.187525
0.154000, 6314.943309
0.155000, 6352.699093
0.156000, 6390.329480
0.157000, 6427.959867
0.158000, 6465.463372
0.159000, 6502.966877
0.160000, 6540.342018
0.161000, 6577.717160
0.162000, 6614.962463
0.163000, 6652.207766
0.164000, 6689.321761
0.165000, 6726.435755
0.166000, 6763.416975
0.167000, 6800.398196
0.168000, 6837.245182
0.169000, 6874.092168
0.170000, 6910.803465
0.171000, 6947.514763
0.172000, 6984.088922
0.173000, 7020.663082
0.174000, 7057.098660
0.175000, 7093.534237
0.176000, 7129.829795
0.177000, 7166.125352
0.178000, 7202.279456
0.179000, 7238.433560
0.180000, 7274.444784
0.181000, 7310.456008
0.182000, 7346.322929
0.183000, 7382.189851
0.184000, 7417.911054
0.185000, 7453.632258
0.186000, 7489.206333
0.187000, 7524.780408
0.188000, 7560.205950
0.189000, 7595.631493
0.190000, 7630.907104
0.191000, 7666.182715
0.192000, 7701.307002
0.193000, 7736.431289
0.194000, 7771.402866
0.195000, 7806.374443
0.196000, 7841.191928
0.197000, 7876.009414
0.198000, 7910.671434
0.199000, 7945.333454
0.200000, 7979.838639
0.201000, 8014.343825
0.202000, 8048.690815
0.203000, 8083.037804
0.204000, 8117.225242
0.205000, 8151.412679
0.206000, 8185.439214
0.207000, 8219.465750
0.208000, 8253.330040
0.209000, 8287.194330
0.210000, 8320.895038
0.211000, 8354.595746
0.212000, 8388.131541
0.213000, 8421.667337
0.214000, 8455.036896
0.215000, 8488.406455
0.216000, 8521.608460
0.217000, 8554.810465
0.218000, 8587.843605
0.219000, 8620.876746
0.220000, 8653.739718
0.221000, 8686.602689
0.222000, 8719.294195
0.223000, 8751.985700
0.224000, 8784.504449
0.225000, 8817.023198
0.226000, 8849.367907
0.227000, 8881.712615
0.228000, 8913.882006
0.229000, 8946.051397
0.230000, 8978.044201
0.231000, 9010.037004
0.232000, 9041.851958
0.233000, 9073.666911
0.234000, 9105.302758
0.235000, 9136.938604
0.236000, 9168.394096
0.237000, 9199.849587
0.238000, 9231.123482
0.239000, 9262.397376
0.240000, 9293.488438
0.241000, 9324.579501
0.242000, 9355.486504
0.243000, 9386.393507
0.244000, 9417.115231
0.245000, 9447.836955
0.246000, 9478.372187
0.247000, 9508.907419
0.248000, 9539.254953
0.249000, 9569.602487
0.250000, 9599.761125
0.251000, 9629.919763
0.252000, 9659.888315
0.253000, 9689.856867
0.254000, 9719.634149
0.255000, 9749.411432
0.256000, 9778.996269
0.257000, 9808.581106
0.258000, 9837.972331
0.259000, 9867.363555
0.260000, 9896.560006
0.261000, 9925.756457
0.262000, 9954.756982
0.263000, 9983.757507
0.264000, 10012.560962
0.265000, 10041.364416
0.266000, 10069.969662
0.267000, 10098.574909
0.268000, 10126.980818
0.269000, 10155.386727
0.270000, 10183.592178
0.271000, 10211.797628
0.272000, 10239.801506
0.273000, 10267.805385
0.274000, 10295.606585
0.275000, 10323.407786
0.276000, 10351.005212
0.277000, 10378.602637
0.278000, 10405.995198
0.279000, 10433.387758
0.280000, 10460.574373
0.281000, 10487.760988
0.282000, 10514.740583
0.283000, 10541.720178
0.284000, 10568.491688
0.285000, 10595.263199
0.286000, 10621.825568
0.287000, 10648.387937
0.288000, 10674.740117
0.289000, 10701.092296
0.290000, 10727.233244
0.291000, 10753.374193
0.292000, 10779.302879
0.293000, 10805.231566
0.294000, 10830.946966
0.295000, 10856.662366
0.296000, 10882.163465
0.297000, 10907.664564
0.298000, 10932.950356
0.299000, 10958.236147
0.300000, 10983.305632
0.301000, 11008.375117
0.302000, 11033.227306
0.303000, 11058.079495
0.304000, 11082.713407
0.305000, 11107.347319
0.306000, 11131.761981
0.307000, 11156.176644
0.308000, 11180.371093
0.309000, 11204.565542
0.310000, 11228.538822
0.311000, 11252.512103
0.312000, 11276.263269
0.313000, 11300.014434
0.314000, 11323.542547
0.315000, 11347.070660
0.316000, 11370.374792
0.317000, 11393.678923
0.318000, 11416.758153
0.319000, 11439.837383
0.320000, 11462.690801
0.321000, 11485.544218
0.322000, 11508.170921
0.323000, 11530.797624
0.324000, 11553.196718
0.325000, 11575.595813
0.326000, 11597.766415
0.327000, 11619.937017
0.328000, 11641.878252
0.329000, 11663.819487
0.330000, 11685.530487
0.331000, 11707.241488
0.332000, 11728.721398
0.333000, 11750.201308
0.334000, 11771.449279
0.335000, 11792.697250
0.336000, 11813.712443
0.337000, 11834.727636
0.338000, 11855.509222
0.339000, 11876.290808
0.340000, 11896.837966
0.341000, 11917.385124
0.342000, 11937.697043
0.343000, 11958.008962
0.344000, 11978.084841
0.345000, 11998.160719
0.346000, 12017.999764
0.347000, 12037.838808
0.348000, 12057.440236
0.349000, 12077.041665
0.350000, 12096.404702
0.351000, 12115.767740
0.352000, 12134.891623
0.353000, 12154.015506
0.354000, 12172.899478
0.355000, 12191.783451
0.356000, 12210.426769
0.357000, 12229.070087
0.358000, 12247.472013
0.359000, 12265.873939
0.360000, 12284.033747
0.361000, 12302.193556
0.362000, 12320.110529
0.363000, 12338.027503
0.364000, 12355.700934
0.365000, 12373.374366
0.366000, 12390.803557
0.367000, 12408.232749
0.368000, 12425.417013
0.369000, 12442.601277
0.370000, 12459.539934
0.371000, 12476.478592
0.372000, 12493.170974
0.373000, 12509.863356
0.374000, 12526.308805
0.375000, 12542.754253
0.376000, 12558.952119
0.377000, 12575.149984
0.378000, 12591.099626
0.379000, 12607.049269
0.380000, 12622.750059
0.381000, 12638.450849
0.382000, 12653.902167
0.383000, 12669.353485
0.384000, 12684.554721
0.385000, 12699.755957
0.386000, 12714.706510
0.387000, 12729.657064
0.388000, 12744.356345
0.389000, 12759.055626
0.390000, 12773.503054
0.391000, 12787.950482
0.392000, 12802.145487
0.393000, 12816.340492
0.394000, 12830.282513
0.395000, 12844.224535
0.396000, 12857.913022
0.397000, 12871.601509
0.398000, 12885.035922
0.399000, 12898.470335
0.400000, 12911.650143
0.401000, 12924.829952
0.402000, 12937.754635
0.403000, 12950.679318
0.404000, 12963.348366
0.405000, 12976.017413
0.406000, 12988.430326
0.407000, 13000.843238
0.408000, 13012.999525
0.409000, 13025.155812
0.410000, 13037.054993
0.411000, 13048.954174
0.412000, 13060.595781
0.413000, 13072.237387
0.414000, 13083.620958
0.415000, 13095.004530
0.416000, 13106.129617
0.417000, 13117.254704
0.418000, 13128.120868
0.419000, 13138.987032
0.420000, 13149.593843
0.421000, 13160.200655
0.422000, 13170.547695
0.423000, 13180.894736
0.424000, 13190.981596
0.425000, 13201.068457
0.426000, 13210.894740
0.427000, 13220.721023
0.428000, 13230.286341
0.429000, 13239.851658
0.430000, 13249.155632
0.431000, 13258.459606
0.432000, 13267.501869
0.433000, 13276.544133
0.434000, 13285.324328
0.435000, 13294.104524
0.436000, 13302.622306
0.437000, 13311.140087
0.438000, 13319.395118
0.439000, 13327.650149
0.440000, 13335.642104
0.441000, 13343.634058
0.442000, 13351.362621
0.443000, 13359.091184
0.444000, 13366.556049
0.445000, 13374.020915
0.446000, 13381.221789
0.447000, 13388.422663
0.448000, 13395.359261
0.449000, 13402.295859
0.450000, 13408.967907
0.451000, 13415.639955
0.452000, 13422.047190
0.453000, 13428.454424
0.454000, 13434.596593
0.455000, 13440.738762
0.456000, 13446.615622
0.457000, 13452.492482
0.458000, 13458.103801
0.459000, 13463.715120
0.460000, 13469.060677
0.461000, 13474.406234
0.462000, 13479.485818
0.463000, 13484.565402
0.464000, 13489.378812
0.465000, 13494.192222
0.466000, 13498.739268
0.467000, 13503.286315
0.468000, 13507.566818
0.469000, 13511.847320
0.470000, 13515.861111
0.471000, 13519.874902
0.472000, 13523.621822
0.473000, 13527.368741
0.474000, 13530.848643
0.475000, 13534.328544
0.476000, 13537.541289
0.477000, 13540.754034
0.478000, 13543.699496
0.479000, 13546.644959
0.480000, 13549.323022
0.481000, 13552.001085
0.482000, 13554.411643
0.483000, 13556.822201
0.484000, 13558.965159
0.485000, 13561.108117
0.486000, 13562.983391
0.487000, 13564.858664
0.488000, 13566.466179
0.489000, 13568.073694
0.490000, 13569.413386
0.491000, 13570.753079
0.492000, 13571.824897
0.493000, 13572.896714
0.494000, 13573.700614
0.495000, 13574.504515
0.496000, 13575.040466
0.497000, 13575.576417
0.498000, 13575.844398
0.499000, 13576.112378
0.500000, 13576.112378
0.501000, 13576.112378
0.502000, 13575.844398
0.503000, 13575.576417
0.504000, 13575.040466
0.505000, 13574.504515
0.506000, 13573.700614
0.507000, 13572.896714
0.508000, 13571.824897
0.509000, 13570.753079
0.510000, 13569.413386
0.511000, 13568.073694
0.512000, 13566.466179
0.513000, 13564.858664
0.514000, 13562.983391
0.515000, 13561.108117
0.516000, 13558.965159
0.517000, 13556.822201
0.518000, 13554.411643
0.519000, 13552.001085
0.520000, 13549.323022
0.521000, 13546.644959
0.522000, 13543.699496
0.523000, 13540.754034
0.524000, 13537.541289
0.525000, 13534.328544
0.526000, 13530.848643
0.527000, 13527.368741
0.528000, 13523.621822
0.529000, 13519.874902
0.530000, 13515.861111
0.531000, 13511.847320
0.532000, 13507.566818
0.533000, 13503.286315
0.534000, 13498.739268
0.535000, 13494.192222
0.536000, 13489.378812
0.537000, 13484.565402
0.538000, 13479.485818
0.539000, 13474.406234
0.540000, 13469.060677
0.541000, 13463.715120
0.542000, 13458.103801
0.543000, 13452.492482
0.544000, 13446.615622
0.545000, 13440.738762
0.546000, 13434.596593
0.547000, 13428.454424
0.548000, 13422.047190
0.549000, 13415.639955
0.550000, 13408.967907
0.551000, 13402.295859
0.552000, 13395.359261
0.553000, 13388.422663
0.554000, 13381.221789
0.555000, 13374.020915
0.556000, 13366.556049
0.557000, 13359.091184
0.558000, 13351.362621
0.559000, 13343.634058
0.560000, 13335.642104
0.561000, 13327.650149
0.562000, 13319.395118
0.563000, 13311.140087
0.564000, 13302.622306
0.565000, 13294.104524
0.566000, 13285.324328
0.567000, 13276.544133
0.568000, 13267.501869
0.569000, 13258.459606
0.570000, 13249.155632
0.571000, 13239.851658
0.572000, 13230.286341
0.573000, 13220.721023
0.574000, 13210.894740
0.575000, 13201.068457
0.576000, 13190.981596
0.577000, 13180.894736
0.578000, 13170.547695
0.579000, 13160.200655
0.580000, 13149.593843
0.581000, 13138.987032
0.582000, 13128.120868
0.583000, 13117.254704
0.584000, 13106.129617
0.585000, 13095.004530
0.586000, 13083.620958
0.587000, 13072.237387
0.588000, 13060.595781
0.589000, 13048.954174
0.590000, 13037.054993
0.591000, 13025.155812
0.592000, 13012.999525
0.593000, 13000.843238
0.594000, 12988.430326
0.595000, 12976.017413
0.596000, 12963.348366
0.597000, 12950.679318
0.598000, 12937.754635
0.599000, 12924.829952
0.600000, 12911.650143
0.601000, 12898.470335
0.602000, 12885.035922
0.603000, 12871.601509
0.604000, 12857.913022
0.605000, 12844.224535
0.606000, 12830.282513
0.607000, 12816.340492
0.608000, 12802.145487
0.609000, 12787.950482
0.610000, 12773.503054
0.611000, 12759.055626
0.612000, 12744.356345
0.613000, 12729.657064
0.614000, 12714.706510
0.615000, 12699.755957
0.616000, 12684.554721
0.617000, 12669.353485
0.618000, 12653.902167
0.619000, 12638.450849
0.620000, 12622.750059
0.621000, 12607.049269
0.622000, 12591.099626
0.623000, 12575.149984
0.624000, 12558.952119
0.625000, 12542.754253
0.626000, 12526.308805
0.627000, 12509.863356
0.628000, 12493.170974
0.629000, 12476.478592
0.630000, 12459.539934
0.631000, 12442.601277
0.632000, 12425.417013
0.633000, 12408.232749
0.634000, 12390.803557
0.635000, 12373.374366
0.636000, 12355.700934
0.637000, 12338.027503
0.638000, 12320.110529
0.639000, 12302.193556
0.640000, 12284.033747
0.641000, 12265.873939
0.642000, 12247.472013
0.643000, 12229.070087
0.644000, 12210.426769
0.645000, 12191.783451
0.646000, 12172.899478
0.647000, 12154.015506
0.648000, 12134.891623
0.649000, 12115.767740
0.650000, 12096.404702
0.651000, 12077.041665
0.652000, 12057.440236
0.653000, 12037.838808
0.654000, 12017.999764
0.655000, 11998.160719
0.656000, 11978.084841
0.657000, 11958.008962
0.658000, 11937.697043
0.659000, 11917.385124
0.660000, 11896.837966
0.661000, 11876.290808
0.662000, 11855.509222
0.663000, 11834.727636
0.664000, 11813.712443
0.665000, 11792.697250
0.666000, 11771.449279
0.667000, 11750.201308
0.668000, 11728.721398
0.669000, 11707.241488
0.670000, 11685.530487
0.671000, 11663.819487
0.672000, 11641.878252
0.673000, 11619.937017
0.674000, 11597.766415
0.675000, 11575.595813
0.676000, 11553.196718
0.677000, 11530.797624
0.678000, 11508.170921
0.679000, 11485.544218
0.680000, 11462.690801
0.681000, 11439.837383
0.682000, 11416.758153
0.683000, 11393.678923
0.684000, 11370.374792
0.685000, 11347.070660
0.686000, 11323.542547
0.687000, 11300.014434
0.688000, 11276.263269
0.689000, 11252.512103
0.690000, 11228.538822
0.691000, 11204.565542
0.692000, 11180.371093
0.693000, 11156.176644
0.694000, 11131.761981
0.695000, 11107.347319
0.696000, 11082.713407
0.697000, 11058.079495
0.698000, 11033.227306
0.699000, 11008.375117
0.700000, 10983.305632
0.701000, 10958.236147
0.702000, 10932.950356
0.703000, 10907.664564
0.704000, 10882.163465
0.705000, 10856.662366
0.706000, 10830.946966
0.707000, 10805.231566
0.708000, 10779.302879
0.709000, 10753.374193
0.710000, 10727.233244
0.711000, 10701.092296
0.712000, 10674.740117
0.713000, 10648.387937
0.714000, 10621.825568
0.715000, 10595.263199
0.716000, 10568.491688
0.717000, 10541.720178
0.718000, 10514.740583
0.719000, 10487.760988
0.720000, 10460.574373
0.721000, 10433.387758
0.722000, 10405.995198
0.723000, 10378.602637
0.724000, 10351.005212
0.725000, 10323.407786
0.726000, 10295.606585
0.727000, 10267.805385
0.728000, 10239.801506
0.729000, 10211.797628
0.730000, 10183.592178
0.731000, 10155.386727
0.732000, 10126.980818
0.733000, 10098.574909
0.734000, 10069.969662
0.735000, 10041.364416
0.736000, 10012.560962
0.737000, 9983.757507
0.738000, 9954.756982
0.739000, 9925.756457
0.740000, 9896.560006
0.741000, 9867.363555
0.742000, 9837.972331
0.743000, 9808.581106
0.744000, 9778.996269
0.745000, 9749.411432
0.746000, 9719.634149
0.747000, 9689.856867
0.748000, 9659.888315
0.749000, 9629.919763
0.750000, 9599.761125
0.751000, 9569.602487
0.752000, 9539.254953
0.753000, 9508.907419
0.754000, 9478.372187
0.755000, 9447.836955
0.756000, 9417.115231
0.757000, 9386.393507
0.758000, 9355.486504
0.759000, 9324.579501
0.760000, 9293.488438
0.761000, 9262.397376
0.762000, 9231.123482
0.763000, 9199.849587
0.764000, 9168.394096
0.765000, 9136.938604
0.766000, 9105.302758
0.767000, 9073.666911
0.768000, 9041.851958
0.769000, 9010.037004
0.770000, 8978.044201
0.771000, 8946.051397
0.772000, 8913.882006
0.773000, 8881.712615
0.774000, 8849.367907
0.775000, 8817.023198
0.776000, 8784.504449
0.777000, 8751.985700
0.778000, 8719.294195
0.779000, 8686.602689
0.780000, 8653.739718
0.781000, 8620.876746
0.782000, 8587.843605
0.783000, 8554.810465
0.784000, 8521.608460
0.785000, 8488.406455
0.786000, 8455.036896
0.787000, 8421.667337
0.788000, 8388.131541
0.789000, 8354.595746
0.790000, 8320.895038
0.791000, 8287.194330
0.792000, 8253.330040
0.793000, 8219.465750
0.794000, 8185.439214
0.795000, 8151.412679
0.796000, 8117.225242
0.797000, 8083.037804
0.798000, 8048.690815
0.799000, 8014.343825
0.800000, 7979.838639
0.801000, 7945.333454
0.802000, 7910.671434
0.803000, 7876.009414
0.804000, 7841.191928
0.805000, 7806.374443
0.806000, 7771.402866
0.807000, 7736.431289
0.808000, 7701.307002
0.809000, 7666.182715
0.810000, 7630.907104
0.811000, 7595.631493
0.812000, 7560.205950
0.813000, 7524.780408
0.814000, 7489.206333
0.815000, 7453.632258
0.816000, 7417.911054
0.817000, 7382.189851
0.818000, 7346.322929
0.819000, 7310.456008
0.820000, 7274.444784
0.821000, 7238.433560
0.822000, 7202.279456
0.823000, 7166.125352
0.824000, 7129.829795
0.825000, 7093.534237
0.826000, 7057.098660
0.827000, 7020.663082
0.828000, 6984.088922
0.829000, 6947.514763
0.830000, 6910.803465
0.831000, 6874.092168
0.832000, 6837.245182
0.833000, 6800.398196
0.834000, 6763.416975
0.835000, 6726.435755
0.836000, 6689.321761
0.837000, 6652.207766
0.838000, 6614.962463
0.839000, 6577.717160
0.840000, 6540.342018
0.841000, 6502.966877
0.842000, 6465.463372
0.843000, 6427.959867
0.844000, 6390.329480
0.845000, 6352.699093
0.846000, 6314.943309
0.847000, 6277.187525
0.848000, 6239.307835
0.849000, 6201.428144
0.850000, 6163.426043
0.851000, 6125.423942
0.852000, 6087.300930
0.853000, 6049.177918
0.854000, 6010.935501
0.855000, 5972.693084
0.856000, 5934.332770
0.857000, 5895.972457
0.858000, 5857.495762
0.859000, 5819.019068
0.860000, 5780.427511
0.861000, 5741.835954
0.862000, 5703.131057
0.863000, 5664.426161
0.864000, 5625.609454
0.865000, 5586.792747
0.866000, 5547.865762
0.867000, 5508.938776
0.868000, 5469.903049
0.869000, 5430.867322
0.870000, 5391.724394
0.871000, 5352.581466
0.872000, 5313.332883
0.873000, 5274.084300
0.874000, 5234.731610
0.875000, 5195.378921
0.876000, 5155.923680
0.877000, 5116.468438
0.878000, 5076.912202
0.879000, 5037.355966
0.880000, 4997.700296
0.881000, 4958.044627
0.882000, 4918.291090
0.883000, 4878.537553
0.884000, 4838.687718
0.885000, 4798.837883
0.886000, 4758.893323
0.887000, 4718.948763
0.888000, 4678.911055
0.889000, 4638.873347
0.890000, 4598.744072
0.891000, 4558.614797
0.892000, 4518.395538
0.893000, 4478.176280
0.894000, 4437.868626
0.895000, 4397.560972
0.896000, 4357.166514
0.897000, 4316.772056
0.898000, 4276.292389
0.899000, 4235.812721
0.900000, 4195.249442
0.901000, 4154.686164
0.902000, 4114.040875
0.903000, 4073.395587
0.904000, 4032.669893
0.905000, 3991.944199
0.906000, 3951.139707
0.907000, 3910.335215
0.908000, 3869.453537
0.909000, 3828.571859
0.910000, 3787.614608
0.911000, 3746.657357
0.912000, 3705.626150
0.913000, 3664.594944
0.914000, 3623.491401
0.915000, 3582.387858
0.916000, 3541.213602
0.917000, 3500.039346
0.918000, 3458.796003
0.919000, 3417.552659
0.920000, 3376.241856
0.921000, 3334.931052
0.922000, 3293.554420
0.923000, 3252.177788
0.924000, 3210.736961
0.925000, 3169.296134
0.926000, 3127.792747
0.927000, 3086.289361
0.928000, 3044.725054
0.929000, 3003.160747
0.930000, 2961.537160
0.931000, 2919.913573
0.932000, 2878.232349
0.933000, 2836.551126
0.934000, 2794.813911
0.935000, 2753.076697
0.936000, 2711.285139
0.937000, 2669.493581
0.938000, 2627.649329
0.939000, 2585.805078
0.940000, 2543.909784
0.941000, 2502.014491
0.942000, 2460.069811
0.943000, 2418.125130
0.944000, 2376.132717
0.945000, 2334.140305
0.946000, 2292.101819
0.947000, 2250.063332
0.948000, 2207.980432
0.949000, 2165.897531
0.950000, 2123.771877
0.951000, 2081.646224
0.952000, 2039.479480
0.953000, 1997.312736
0.954000, 1955.106568
0.955000, 1912.900399
0.956000, 1870.656471
0.957000, 1828.412543
0.958000, 1786.132524
0.959000, 1743.852505
0.960000, 1701.538064
0.961000, 1659.223622
0.962000, 1616.876429
0.963000, 1574.529236
0.964000, 1532.150964
0.965000, 1489.772691
0.966000, 1447.365011
0.967000, 1404.957332
0.968000, 1362.521919
0.969000, 1320.086507
0.970000, 1277.625037
0.971000, 1235.163568
0.972000, 1192.677717
0.973000, 1150.191866
0.974000, 1107.683312
0.975000, 1065.174757
0.976000, 1022.645177
0.977000, 980.115597
0.978000, 937.566670
0.979000, 895.017743
0.980000, 852.451149
0.981000, 809.884556
0.982000, 767.301976
0.983000, 724.719395
0.984000, 682.122510
0.985000, 639.525625
0.986000, 596.916115
0.987000, 554.306606
0.988000, 511.686155
0.989000, 469.065705
0.990000, 426.435995
0.991000, 383.806285
0.992000, 341.169000
0.993000, 298.531714
0.994000, 255.888536
0.995000, 213.245357
0.996000, 170.597970
0.997000, 127.950582
0.998000, 85.300669
0.999000, 42.650755
1.000000, 0.000000
