0.000000, 0.000000
0.001000, 824612.517225
0.002000, 1649208.756880
0.003000, 2473804.996535
0.004000, 3298352.404123
0.005000, 4122899.811712
0.006000, 4947365.834665
0.007000, 5771831.857618
0.008000, 6596183.946581
0.009000, 7420536.035544
0.010000, 8244741.645661
0.011000, 9068947.255778
0.012000, 9892973.847977
0.013000, 10717000.440176
0.014000, 11540815.482454
0.015000, 12364630.524732
0.016000, 13188201.493440
0.017000, 14011772.462148
0.018000, 14835066.843274
0.019000, 15658361.224401
0.020000, 16481346.514856
0.021000, 17304331.805311
0.022000, 18126975.514211
0.023000, 18949619.223110
0.024000, 19771888.873058
0.025000, 20594158.523006
0.026000, 21416021.651376
0.027000, 22237884.779746
0.028000, 23059308.939966
0.029000, 23880733.100186
0.030000, 24701685.863015
0.031000, 25522638.625845
0.032000, 26343087.580660
0.033000, 27163536.535475
0.034000, 27983449.291544
0.035000, 28803362.047613
0.036000, 29622706.235378
0.037000, 30442050.423143
0.038000, 31260793.695498
0.039000, 32079536.967853
0.040000, 32897647.001420
0.041000, 33715757.034986
0.042000, 34533201.531392
0.043000, 35350646.027797
0.044000, 36167392.714948
0.045000, 36984139.402099
0.046000, 37800156.035458
0.047000, 38616172.668817
0.048000, 39431427.032674
0.049000, 40246681.396530
0.050000, 41061141.305274
0.051000, 41875601.214018
0.052000, 42689234.513409
0.053000, 43502867.812801
0.054000, 44315642.381241
0.055000, 45128416.949682
0.056000, 45940300.699481
0.057000, 46752184.449280
0.058000, 47563145.327925
0.059000, 48374106.206569
0.060000, 49184112.197985
0.061000, 49994118.189401
0.062000, 50803137.315223
0.063000, 51612156.441045
0.064000, 52420156.761874
0.065000, 53228157.082703
0.066000, 54035106.699371
0.067000, 54842056.316039
0.068000, 55647923.370866
0.069000, 56453790.425692
0.070000, 57258543.103746
0.071000, 58063295.781800
0.072000, 58866902.312151
0.073000, 59670508.842503
0.074000, 60472937.499481
0.075000, 61275366.156459
0.076000, 62076585.260904
0.077000, 62877804.365349
0.078000, 63677782.285861
0.079000, 64477760.206373
0.080000, 65276465.360564
0.081000, 66075170.514754
0.082000, 66872571.370493
0.083000, 67669972.226232
0.084000, 68466037.302890
0.085000, 69262102.379548
0.086000, 70056800.249242
0.087000, 70851498.118936
0.088000, 71644797.407770
0.089000, 72438096.696604
0.090000, 73229966.085906
0.091000, 74021835.475209
0.092000, 74812243.702770
0.093000, 75602651.930332
0.094000, 76391567.791640
0.095000, 77180483.652948
0.096000, 77967876.002417
0.097000, 78755268.351887
0.098000, 79541106.104091
0.099000, 80326943.856296
0.100000, 81111195.987195
0.101000, 81895448.118093
0.102000, 82678083.666255
0.103000, 83460719.214417
0.104000, 84241707.282245
0.105000, 85022695.350073
0.106000, 85802005.105022
0.107000, 86581314.859971
0.108000, 87358915.535767
0.109000, 88136516.211563
0.110000, 88912377.109417
0.111000, 89688238.007270
0.112000, 90462328.497089
0.113000, 91236418.986908
0.114000, 92008708.508507
0.115000, 92780998.030106
0.116000, 93551456.094412
0.117000, 94321914.158718
0.118000, 95090510.348976
0.119000, 95859106.539235
0.120000, 96625810.512207
0.121000, 97392514.485179
0.122000, 98157295.972344
0.123000, 98922077.459509
0.124000, 99684906.268256
0.125000, 100447735.077002
0.126000, 101208581.091823
0.127000, 101969427.106644
0.128000, 102728260.290324
0.129000, 103487093.474003
0.130000, 104243883.868804
0.131000, 105000674.263605
0.132000, 105755391.992450
0.133000, 106510109.721296
0.134000, 107262724.988949
0.135000, 108015340.256603
0.136000, 108765823.350845
0.137000, 109516306.445087
0.138000, 110264627.737889
0.139000, 111012949.030690
0.140000, 111759078.979381
0.141000, 112505208.928071
0.142000, 113249118.076507
0.143000, 113993027.224943
0.144000, 114734686.204669
0.145000, 115476345.184394
0.146000, 116215724.715803
0.147000, 116955104.247212
0.148000, 117692175.140703
0.149000, 118429246.034193
0.150000, 119163979.191318
0.151000, 119898712.348444
0.152000, 120631078.763065
0.153000, 121363445.177687
0.154000, 122093415.937115
0.155000, 122823386.696543
0.156000, 123550932.982681
0.157000, 124278479.268819
0.158000, 125003572.359299
0.159000, 125728665.449780
0.160000, 126451276.719101
0.161000, 127173887.988422
0.162000, 127893988.909074
0.163000, 128614089.829726
0.164000, 129331651.973320
0.165000, 130049214.116914
0.166000, 130764209.155305
0.167000, 131479204.193695
0.168000, 132191603.900097
0.169000, 132904003.606498
0.170000, 133613779.856601
0.171000, 134323556.106704
0.172000, 135030680.879783
0.173000, 135737805.652863
0.174000, 136442251.032887
0.175000, 137146696.412911
0.176000, 137848434.589640
0.177000, 138550172.766369
0.178000, 139249176.036457
0.179000, 139948179.306545
0.180000, 140644420.074630
0.181000, 141340660.842714
0.182000, 142034111.622509
0.183000, 142727562.402303
0.184000, 143418195.817681
0.185000, 144108829.233058
0.186000, 144796618.019132
0.187000, 145484406.805206
0.188000, 146169323.809406
0.189000, 146854240.813606
0.190000, 147536258.996752
0.191000, 148218277.179898
0.192000, 148897369.617265
0.193000, 149576462.054632
0.194000, 150252601.937014
0.195000, 150928741.819396
0.196000, 151601902.454164
0.197000, 152275063.088933
0.198000, 152945217.901091
0.199000, 153615372.713249
0.200000, 154282495.246479
0.201000, 154949617.779709
0.202000, 155613681.697419
0.203000, 156277745.615128
0.204000, 156938724.701488
0.205000, 157599703.787848
0.206000, 158257571.948828
0.207000, 158915440.109809
0.208000, 159570171.374209
0.209000, 160224902.638609
0.210000, 160876471.159083
0.211000, 161528039.679556
0.212000, 162176419.733631
0.213000, 162824799.787705
0.214000, 163469965.778798
0.215000, 164115131.769892
0.216000, 164757058.228321
0.217000, 165398984.686751
0.218000, 166037646.270740
0.219000, 166676307.854730
0.220000, 167311679.351408
0.221000, 167947050.848087
0.222000, 168579107.174485
0.223000, 169211163.500884
0.224000, 169839879.704923
0.225000, 170468595.908963
0.226000, 171093947.170442
0.227000, 171719298.431921
0.228000, 172341260.063492
0.229000, 172963221.695063
0.230000, 173581769.143211
0.231000, 174200316.591359
0.232000, 174815425.437367
0.233000, 175430534.283375
0.234000, 176042180.244289
0.235000, 176653826.205203
0.236000, 177261985.134792
0.237000, 177870144.064381
0.238000, 178474791.954088
0.239000, 179079439.843795
0.240000, 179680552.823685
0.241000, 180281665.803576
0.242000, 180879220.143280
0.243000, 181476774.482984
0.244000, 182070746.592633
0.245000, 182664718.702283
0.246000, 183255085.133442
0.247000, 183845451.564600
0.248000, 184432189.011190
0.249000, 185018926.457779
0.250000, 185602011.756999
0.251000, 186185097.056219
0.252000, 186764507.189461
0.253000, 187343917.322703
0.254000, 187919629.416458
0.255000, 188495341.510213
0.256000, 189067332.836977
0.257000, 189639324.163741
0.258000, 190207572.142909
0.259000, 190775820.122078
0.260000, 191340302.320837
0.261000, 191904784.519596
0.262000, 192465478.653811
0.263000, 193026172.788025
0.264000, 193583056.723114
0.265000, 194139940.658204
0.266000, 194692992.410018
0.267000, 195246044.161833
0.268000, 195795241.897521
0.269000, 196344439.633209
0.270000, 196889761.672077
0.271000, 197435083.710945
0.272000, 197976508.525316
0.273000, 198517933.339687
0.274000, 199055439.555747
0.275000, 199592945.771807
0.276000, 200126512.170451
0.277000, 200660078.569095
0.278000, 201189684.086765
0.279000, 201719289.604434
0.280000, 202244913.333945
0.281000, 202770537.063457
0.282000, 203292158.254830
0.283000, 203813779.446203
0.284000, 204331377.507479
0.285000, 204848975.568754
0.286000, 205362530.066806
0.287000, 205876084.564858
0.288000, 206385575.226200
0.289000, 206895065.887542
0.290000, 207400472.599128
0.291000, 207905879.310715
0.292000, 208407182.120734
0.293000, 208908484.930753
0.294000, 209405664.049414
0.295000, 209902843.168074
0.296000, 210395878.968388
0.297000, 210888914.768701
0.298000, 211377787.787256
0.299000, 211866660.805811
0.300000, 212351351.743539
0.301000, 212836042.681268
0.302000, 213316532.404211
0.303000, 213797022.127154
0.304000, 214273291.667211
0.305000, 214749561.207269
0.306000, 215221591.762952
0.307000, 215693622.318636
0.308000, 216161395.255808
0.309000, 216629168.192981
0.310000, 217092665.045594
0.311000, 217556161.898207
0.312000, 218015364.369027
0.313000, 218474566.839846
0.314000, 218929456.801178
0.315000, 219384346.762509
0.316000, 219834906.256911
0.317000, 220285465.751313
0.318000, 220731676.992306
0.319000, 221177888.233300
0.320000, 221619733.606069
0.321000, 222061578.978838
0.322000, 222499041.040927
0.323000, 222936503.103016
0.324000, 223369564.585016
0.325000, 223802626.067016
0.326000, 224231269.873248
0.327000, 224659913.679480
0.328000, 225084122.888667
0.329000, 225508332.097854
0.330000, 225928089.963792
0.331000, 226347847.829730
0.332000, 226763137.781946
0.333000, 227178427.734161
0.334000, 227589233.378568
0.335000, 228000039.022974
0.336000, 228406344.142517
0.337000, 228812649.262061
0.338000, 229214437.817359
0.339000, 229616226.372658
0.340000, 230013482.502637
0.341000, 230410738.632615
0.342000, 230803446.655130
0.343000, 231196154.677644
0.344000, 231584299.090101
0.345000, 231972443.502557
0.346000, 232356008.982524
0.347000, 232739574.462491
0.348000, 233118545.868304
0.349000, 233497517.274116
0.350000, 233871879.645473
0.351000, 234246242.016830
0.352000, 234615980.575384
0.353000, 234985719.133939
0.354000, 235350819.283883
0.355000, 235715919.433827
0.356000, 236076366.762464
0.357000, 236436814.091102
0.358000, 236792594.369420
0.359000, 237148374.647737
0.360000, 237499473.830966
0.361000, 237850573.014195
0.362000, 238196977.242362
0.363000, 238543381.470530
0.364000, 238885077.069009
0.365000, 239226772.667488
0.366000, 239563746.147536
0.367000, 239900719.627584
0.368000, 240232957.686874
0.369000, 240565195.746164
0.370000, 240892685.269311
0.371000, 241220174.792458
0.372000, 241542902.851535
0.373000, 241865630.910612
0.374000, 242183584.765663
0.375000, 242501538.620713
0.376000, 242814705.720250
0.377000, 243127872.819787
0.378000, 243436240.801292
0.379000, 243744608.782797
0.380000, 244048165.473205
0.381000, 244351722.163613
0.382000, 244650455.579794
0.383000, 244949188.995975
0.384000, 245243087.345207
0.385000, 245536985.694439
0.386000, 245826037.374873
0.387000, 246115089.055307
0.388000, 246399282.656425
0.389000, 246683476.257542
0.390000, 246962800.560605
0.391000, 247242124.863668
0.392000, 247516568.842163
0.393000, 247791012.820657
0.394000, 248060565.640728
0.395000, 248330118.460799
0.396000, 248594769.481676
0.397000, 248859420.502554
0.398000, 249119159.276974
0.399000, 249378898.051394
0.400000, 249633714.326012
0.401000, 249888530.600630
0.402000, 250138414.316422
0.403000, 250388298.032214
0.404000, 250633239.324877
0.405000, 250878180.617540
0.406000, 251118169.817878
0.407000, 251358159.018217
0.408000, 251593186.652526
0.409000, 251828214.286836
0.410000, 252058271.077275
0.411000, 252288327.867715
0.412000, 252513404.732673
0.413000, 252738481.597632
0.414000, 252958569.652086
0.415000, 253178657.706541
0.416000, 253393748.262408
0.417000, 253608838.818275
0.418000, 253818923.384751
0.419000, 254029007.951228
0.420000, 254234078.235128
0.421000, 254439148.519028
0.422000, 254639196.425110
0.423000, 254839244.331192
0.424000, 255034261.962476
0.425000, 255229279.593760
0.426000, 255419259.251842
0.427000, 255609238.909924
0.428000, 255794173.095278
0.429000, 255979107.280632
0.430000, 256158988.692906
0.431000, 256338870.105180
0.432000, 256513691.643484
0.433000, 256688513.181789
0.434000, 256858267.944977
0.435000, 257028022.708165
0.436000, 257192703.995104
0.437000, 257357385.282042
0.438000, 257516986.591879
0.439000, 257676587.901715
0.440000, 257831102.934131
0.441000, 257985617.966547
0.442000, 258135040.622009
0.443000, 258284463.277471
0.444000, 258428787.657469
0.445000, 258573112.037468
0.446000, 258712332.444752
0.447000, 258851552.852036
0.448000, 258985663.790836
0.449000, 259119774.729635
0.450000, 259248770.905880
0.451000, 259377767.082125
0.452000, 259501643.403653
0.453000, 259625519.725181
0.454000, 259744271.301938
0.455000, 259863022.878695
0.456000, 259976645.022929
0.457000, 260090267.167163
0.458000, 260198755.393608
0.459000, 260307243.620053
0.460000, 260410593.646108
0.461000, 260513943.672163
0.462000, 260612151.418058
0.463000, 260710359.163953
0.464000, 260803420.752913
0.465000, 260896482.341872
0.466000, 260984394.100266
0.467000, 261072305.858660
0.468000, 261155064.316151
0.469000, 261237822.773642
0.470000, 261315424.663320
0.471000, 261393026.552997
0.472000, 261465468.811509
0.473000, 261537911.070020
0.474000, 261605190.837691
0.475000, 261672470.605362
0.476000, 261734585.226308
0.477000, 261796699.847254
0.478000, 261853646.869487
0.479000, 261910593.891720
0.480000, 261962371.067244
0.481000, 262014148.242768
0.482000, 262060753.527667
0.483000, 262107358.812567
0.484000, 262148790.367089
0.485000, 262190221.921611
0.486000, 262226478.110236
0.487000, 262262734.298860
0.488000, 262293813.690368
0.489000, 262324893.081876
0.490000, 262350794.449400
0.491000, 262376695.816925
0.492000, 262397418.138006
0.493000, 262418140.459086
0.494000, 262433682.915704
0.495000, 262449225.372322
0.496000, 262459587.350937
0.497000, 262469949.329551
0.498000, 262475130.421121
0.499000, 262480311.512690
0.500000, 262480311.512690
0.501000, 262480311.512690
0.502000, 262475130.421121
0.503000, 262469949.329551
0.504000, 262459587.350937
0.505000, 262449225.372322
0.506000, 262433682.915704
0.507000, 262418140.459086
0.508000, 262397418.138006
0.509000, 262376695.816925
0.510000, 262350794.449400
0.511000, 262324893.081876
0.512000, 262293813.690368
0.513000, 262262734.298860
0.514000, 262226478.110236
0.515000, 262190221.921611
0.516000, 262148790.367089
0.517000, 262107358.812567
0.518000, 262060753.527667
0.519000, 262014148.242768
0.520000, 261962371.067244
0.521000, 261910593.891720
0.522000, 261853646.869487
0.523000, 261796699.847254
0.524000, 261734585.226308
0.525000, 261672470.605362
0.526000, 261605190.837691
0.527000, 261537911.070020
0.528000, 261465468.811509
0.529000, 261393026.552997
0.530000, 261315424.663320
0.531000, 261237822.773642
0.532000, 261155064.316151
0.533000, 261072305.858660
0.534000, 260984394.100266
0.535000, 260896482.341872
0.536000, 260803420.752913
0.537000, 260710359.163953
0.538000, 260612151.418058
0.539000, 260513943.672163
0.540000, 260410593.646108
0.541000, 260307243.620053
0.542000, 260198755.393608
0.543000, 260090267.167163
0.544000, 259976645.022929
0.545000, 259863022.878695
0.546000, 259744271.301938
0.547000, 259625519.725181
0.548000, 259501643.403653
0.549000, 259377767.082125
0.550000, 259248770.905880
0.551000, 259119774.729635
0.552000, 258985663.790836
0.553000, 258851552.852036
0.554000, 258712332.444752
0.555000, 258573112.037468
0.556000, 258428787.657469
0.557000, 258284463.277471
0.558000, 258135040.622009
0.559000, 257985617.966547
0.560000, 257831102.934131
0.561000, 257676587.901715
0.562000, 257516986.591879
0.563000, 257357385.282042
0.564000, 257192703.995104
0.565000, 257028022.708165
0.566000, 256858267.944977
0.567000, 256688513.181789
0.568000, 256513691.643484
0.569000, 256338870.105180
0.570000, 256158988.692906
0.571000, 255979107.280632
0.572000, 255794173.095278
0.573000, 255609238.909924
0.574000, 255419259.251842
0.575000, 255229279.593760
0.576000, 255034261.962476
0.577000, 254839244.331192
0.578000, 254639196.425110
0.579000, 254439148.519028
0.580000, 254234078.235128
0.581000, 254029007.951228
0.582000, 253818923.384751
0.583000, 253608838.818275
0.584000, 253393748.262408
0.585000, 253178657.706541
0.586000, 252958569.652086
0.587000, 252738481.597632
0.588000, 252513404.732673
0.589000, 252288327.867715
0.590000, 252058271.077275
0.591000, 251828214.286836
0.592000, 251593186.652526
0.593000, 251358159.018217
0.594000, 251118169.817878
0.595000, 250878180.617540
0.596000, 250633239.324877
0.597000, 250388298.032214
0.598000, 250138414.316422
0.599000, 249888530.600630
0.600000, 249633714.326012
0.601000, 249378898.051394
0.602000, 249119159.276974
0.603000, 248859420.502554
0.604000, 248594769.481676
0.605000, 248330118.460799
0.606000, 248060565.640728
0.607000, 247791012.820657
0.608000, 247516568.842163
0.609000, 247242124.863668
0.610000, 246962800.560605
0.611000, 246683476.257542
0.612000, 246399282.656425
0.613000, 246115089.055307
0.614000, 245826037.374873
0.615000, 245536985.694439
0.616000, 245243087.345207
0.617000, 244949188.995975
0.618000, 244650455.579794
0.619000, 244351722.163613
0.620000, 244048165.473205
0.621000, 243744608.782797
0.622000, 243436240.801292
0.623000, 243127872.819787
0.624000, 242814705.720250
0.625000, 242501538.620713
0.626000, 242183584.765663
0.627000, 241865630.910612
0.628000, 241542902.851535
0.629000, 241220174.792458
0.630000, 240892685.269311
0.631000, 240565195.746164
0.632000, 240232957.686874
0.633000, 239900719.627584
0.634000, 239563746.147536
0.635000, 239226772.667488
0.636000, 238885077.069009
0.637000, 238543381.470530
0.638000, 238196977.242362
0.639000, 237850573.014195
0.640000, 237499473.830966
0.641000, 237148374.647737
0.642000, 236792594.369420
0.643000, 236436814.091102
0.644000, 236076366.762464
0.645000, 235715919.433827
0.646000, 235350819.283883
0.647000, 234985719.133939
0.648000, 234615980.575384
0.649000, 234246242.016830
0.650000, 233871879.645473
0.651000, 233497517.274116
0.652000, 233118545.868304
0.653000, 232739574.462491
0.654000, 232356008.982524
0.655000, 231972443.502557
0.656000, 231584299.090101
0.657000, 231196154.677644
0.658000, 230803446.655130
0.659000, 230410738.632615
0.660000, 230013482.502637
0.661000, 229616226.372658
0.662000, 229214437.817359
0.663000, 228812649.262061
0.664000, 228406344.142517
0.665000, 228000039.022974
0.666000, 227589233.378568
0.667000, 227178427.734161
0.668000, 226763137.781946
0.669000, 226347847.829730
0.670000, 225928089.963792
0.671000, 225508332.097854
0.672000, 225084122.888667
0.673000, 224659913.679480
0.674000, 224231269.873248
0.675000, 223802626.067016
0.676000, 223369564.585016
0.677000, 222936503.103016
0.678000, 222499041.040927
0.679000, 222061578.978838
0.680000, 221619733.606069
0.681000, 221177888.233300
0.682000, 220731676.992306
0.683000, 220285465.751313
0.684000, 219834906.256911
0.685000, 219384346.762509
0.686000, 218929456.801178
0.687000, 218474566.839846
0.688000, 218015364.369027
0.689000, 217556161.898207
0.690000, 217092665.045594
0.691000, 216629168.192981
0.692000, 216161395.255808
0.693000, 215693622.318636
0.694000, 215221591.762952
0.695000, 214749561.207269
0.696000, 214273291.667211
0.697000, 213797022.127154
0.698000, 213316532.404211
0.699000, 212836042.681268
0.700000, 212351351.743539
0.701000, 211866660.805811
0.702000, 211377787.787256
0.703000, 210888914.768701
0.704000, 210395878.968388
0.705000, 209902843.168074
0.706000, 209405664.049414
0.707000, 208908484.930753
0.708000, 208407182.120734
0.709000, 207905879.310715
0.710000, 207400472.599128
0.711000, 206895065.887542
0.712000, 206385575.226200
0.713000, 205876084.564858
0.714000, 205362530.066806
0.715000, 204848975.568754
0.716000, 204331377.507479
0.717000, 203813779.446203
0.718000, 203292158.254830
0.719000, 202770537.063457
0.720000, 202244913.333945
0.721000, 201719289.604434
0.722000, 201189684.086765
0.723000, 200660078.569095
0.724000, 200126512.170451
0.725000, 199592945.771807
0.726000, 199055439.555747
0.727000, 198517933.339687
0.728000, 197976508.525316
0.729000, 197435083.710945
0.730000, 196889761.672077
0.731000, 196344439.633209
0.732000, 195795241.897521
0.733000, 195246044.161833
0.734000, 194692992.410018
0.735000, 194139940.658204
0.736000, 193583056.723114
0.737000, 193026172.788025
0.738000, 192465478.653811
0.739000, 191904784.519596
0.740000, 191340302.320837
0.741000, 190775820.122078
0.742000, 190207572.142909
0.743000, 189639324.163741
0.744000, 189067332.836977
0.745000, 188495341.510213
0.746000, 187919629.416458
0.747000, 187343917.322703
0.748000, 186764507.189461
0.749000, 186185097.056219
0.750000, 185602011.756999
0.751000, 185018926.457779
0.752000, 184432189.011190
0.753000, 183845451.564600
0.754000, 183255085.133442
0.755000, 182664718.702283
0.756000, 182070746.592633
0.757000, 181476774.482984
0.758000, 180879220.143280
0.759000, 180281665.803576
0.760000, 179680552.823685
0.761000, 179079439.843795
0.762000, 178474791.954088
0.763000, 177870144.064381
0.764000, 177261985.134792
0.765000, 176653826.205203
0.766000, 176042180.244289
0.767000, 175430534.283375
0.768000, 174815425.437367
0.769000, 174200316.591359
0.770000, 173581769.143211
0.771000, 172963221.695063
0.772000, 172341260.063492
0.773000, 171719298.431921
0.774000, 171093947.170442
0.775000, 170468595.908963
0.776000, 169839879.704923
0.777000, 169211163.500884
0.778000, 168579107.174485
0.779000, 167947050.848087
0.780000, 167311679.351408
0.781000, 166676307.854730
0.782000, 166037646.270740
0.783000, 165398984.686751
0.784000, 164757058.228321
0.785000, 164115131.769892
0.786000, 163469965.778798
0.787000, 162824799.787705
0.788000, 162176419.733631
0.789000, 161528039.679556
0.790000, 160876471.159083
0.791000, 160224902.638609
0.792000, 159570171.374209
0.793000, 158915440.109809
0.794000, 158257571.948828
0.795000, 157599703.787848
0.796000, 156938724.701488
0.797000, 156277745.615128
0.798000, 155613681.697419
0.799000, 154949617.779709
0.800000, 154282495.246479
0.801000, 153615372.713249
0.802000, 152945217.901091
0.803000, 152275063.088933
0.804000, 151601902.454164
0.805000, 150928741.819396
0.806000, 150252601.937014
0.807000, 149576462.054632
0.808000, 148897369.617265
0.809000, 148218277.179898
0.810000, 147536258.996752
0.811000, 146854240.813606
0.812000, 146169323.809406
0.813000, 145484406.805206
0.814000, 144796618.019132
0.815000, 144108829.233058
0.816000, 143418195.817681
0.817000, 142727562.402303
0.818000, 142034111.622509
0.819000, 141340660.842714
0.820000, 140644420.074630
0.821000, 139948179.306545
0.822000, 139249176.036457
0.823000, 138550172.766369
0.824000, 137848434.589640
0.825000, 137146696.412911
0.826000, 136442251.032887
0.827000, 135737805.652863
0.828000, 135030680.879783
0.829000, 134323556.106704
0.830000, 133613779.856601
0.831000, 132904003.606498
0.832000, 132191603.900097
0.833000, 131479204.193695
0.834000, 130764209.155305
0.835000, 130049214.116914
0.836000, 129331651.973320
0.837000, 128614089.829726
0.838000, 127893988.909074
0.839000, 127173887.988422
0.840000, 126451276.719101
0.841000, 125728665.449780
0.842000, 125003572.359299
0.843000, 124278479.268819
0.844000, 123550932.982681
0.845000, 122823386.696543
0.846000, 122093415.937115
0.847000, 121363445.177687
0.848000, 120631078.763065
0.849000, 119898712.348444
0.850000, 119163979.191318
0.851000, 118429246.034193
0.852000, 117692175.140703
0.853000, 116955104.247212
0.854000, 116215724.715803
0.855000, 115476345.184394
0.856000, 114734686.204669
0.857000, 113993027.224943
0.858000, 113249118.076507
0.859000, 112505208.928071
0.860000, 111759078.979381
0.861000, 111012949.030690
0.862000, 110264627.737889
0.863000, 109516306.445087
0.864000, 108765823.350845
0.865000, 108015340.256603
0.866000, 107262724.988949
0.867000, 106510109.721296
0.868000, 105755391.992450
0.869000, 105000674.263605
0.870000, 104243883.868804
0.871000, 103487093.474003
0.872000, 102728260.290324
0.873000, 101969427.106644
0.874000, 101208581.091823
0.875000, 100447735.077002
0.876000, 99684906.268256
0.877000, 98922077.459509
0.878000, 98157295.972344
0.879000, 97392514.485179
0.880000, 96625810.512207
0.881000, 95859106.539235
0.882000, 95090510.348976
0.883000, 94321914.158718
0.884000, 93551456.094412
0.885000, 92780998.030106
0.886000, 92008708.508507
0.887000, 91236418.986908
0.888000, 90462328.497089
0.889000, 89688238.007270
0.890000, 88912377.109417
0.891000, 88136516.211563
0.892000, 87358915.535767
0.893000, 86581314.859971
0.894000, 85802005.105022
0.895000, 85022695.350073
0.896000, 84241707.282245
0.897000, 83460719.214417
0.898000, 82678083.666255
0.899000, 81895448.118093
0.900000, 81111195.987195
0.901000, 80326943.856296
0.902000, 79541106.104091
0.903000, 78755268.351887
0.904000, 77967876.002417
0.905000, 77180483.652948
0.906000, 76391567.791640
0.907000, 75602651.930332
0.908000, 74812243.702770
0.909000, 74021835.475209
0.910000, 73229966.085906
0.911000, 72438096.696604
0.912000, 71644797.407770
0.913000, 70851498.118936
0.914000, 70056800.249242
0.915000, 69262102.379548
0.916000, 68466037.302890
0.917000, 67669972.226232
0.918000, 66872571.370493
0.919000, 66075170.514754
0.920000, 65276465.360564
0.921000, 64477760.206373
0.922000, 63677782.285861
0.923000, 62877804.365349
0.924000, 62076585.260904
0.925000, 61275366.156459
0.926000, 60472937.499481
0.927000, 59670508.842503
0.928000, 58866902.312151
0.929000, 58063295.781800
0.930000, 57258543.103746
0.931000, 56453790.425692
0.932000, 55647923.370866
0.933000, 54842056.316039
0.934000, 54035106.699371
0.935000, 53228157.082703
0.936000, 52420156.761874
0.937000, 51612156.441045
0.938000, 50803137.315223
0.939000, 49994118.189401
0.940000, 49184112.197985
0.941000, 48374106.206569
0.942000, 47563145.327925
0.943000, 46752184.449280
0.944000, 45940300.699481
0.945000, 45128416.949682
0.946000, 44315642.381241
0.947000, 43502867.812801
0.948000, 42689234.513409
0.949000, 41875601.214018
0.950000, 41061141.305274
0.951000, 40246681.396530
0.952000, 39431427.032674
0.953000, 38616172.668817
0.954000, 37800156.035458
0.955000, 36984139.402099
0.956000, 36167392.714948
0.957000, 35350646.027797
0.958000, 34533201.531392
0.959000, 33715757.034986
0.960000, 32897647.001420
0.961000, 32079536.967853
0.962000, 31260793.695498
0.963000, 30442050.423143
0.964000, 29622706.235378
0.965000, 28803362.047613
0.966000, 27983449.291544
0.967000, 27163536.535475
0.968000, 26343087.580660
0.969000, 25522638.625845
0.970000, 24701685.863015
0.971000, 23880733.100186
0.972000, 23059308.939966
0.973000, 22237884.779746
0.974000, 21416021.651376
0.975000, 20594158.523006
0.976000, 19771888.873058
0.977000, 18949619.223110
0.978000, 18126975.514211
0.979000, 17304331.805311
0.980000, 16481346.514856
0.981000, 15658361.224401
0.982000, 14835066.843274
0.983000, 14011772.462148
0.984000, 13188201.493440
0.985000, 12364630.524732
0.986000, 11540815.482454
0.987000, 10717000.440176
0.988000, 9892973.847977
0.989000, 9068947.255778
0.990000, 8244741.645661
0.991000, 7420536.035544
0.992000, 6596183.946581
0.993000, 5771831.857618
0.994000, 4947365.834665
0.995000, 4122899.811712
0.996000, 3298352.404123
0.997000, 2473804.996535
0.998000, 1649208.756880
0.999000, 824612.517225
1.000000, 0.000000
