0.000000, 0.000000
0.001000, 1.812607
0.002000, 3.625179
0.003000, 5.437751
0.004000, 7.250215
0.005000, 9.062679
0.006000, 10.874965
0.007000, 12.687250
0.008000, 14.499285
0.009000, 16.311320
0.010000, 18.123033
0.011000, 19.934746
0.012000, 21.746066
0.013000, 23.557385
0.014000, 25.368240
0.015000, 27.179094
0.016000, 28.989412
0.017000, 30.799730
0.018000, 32.609440
0.019000, 34.419151
0.020000, 36.228181
0.021000, 38.037212
0.022000, 39.845492
0.023000, 41.653772
0.024000, 43.461229
0.025000, 45.268687
0.026000, 47.075251
0.027000, 48.881815
0.028000, 50.687414
0.029000, 52.493013
0.030000, 54.297576
0.031000, 56.102139
0.032000, 57.905595
0.033000, 59.709051
0.034000, 61.511328
0.035000, 63.313605
0.036000, 65.114632
0.037000, 66.915659
0.038000, 68.715365
0.039000, 70.515072
0.040000, 72.313386
0.041000, 74.111701
0.042000, 75.908552
0.043000, 77.705404
0.044000, 79.500722
0.045000, 81.296039
0.046000, 83.089752
0.047000, 84.883465
0.048000, 86.675503
0.049000, 88.467540
0.050000, 90.257832
0.051000, 92.048123
0.052000, 93.836597
0.053000, 95.625071
0.054000, 97.411658
0.055000, 99.198245
0.056000, 100.982873
0.057000, 102.767502
0.058000, 104.550102
0.059000, 106.332702
0.060000, 108.113203
0.061000, 109.893705
0.062000, 111.672037
0.063000, 113.450369
0.064000, 115.226461
0.065000, 117.002554
0.066000, 118.776337
0.067000, 120.550120
0.068000, 122.321523
0.069000, 124.092927
0.070000, 125.861881
0.071000, 127.630835
0.072000, 129.397269
0.073000, 131.163704
0.074000, 132.927549
0.075000, 134.691395
0.076000, 136.452582
0.077000, 138.213769
0.078000, 139.972228
0.079000, 141.730686
0.080000, 143.486347
0.081000, 145.242008
0.082000, 146.994802
0.083000, 148.747596
0.084000, 150.497454
0.085000, 152.247312
0.086000, 153.994165
0.087000, 155.741018
0.088000, 157.484796
0.089000, 159.228575
0.090000, 160.969210
0.091000, 162.709846
0.092000, 164.447269
0.093000, 166.184693
0.094000, 167.918836
0.095000, 169.652980
0.096000, 171.383774
0.097000, 173.114569
0.098000, 174.841946
0.099000, 176.569324
0.100000, 178.293216
0.101000, 180.017108
0.102000, 181.737447
0.103000, 183.457785
0.104000, 185.174503
0.105000, 186.891220
0.106000, 188.604249
0.107000, 190.317277
0.108000, 192.026549
0.109000, 193.735820
0.110000, 195.441268
0.111000, 197.146715
0.112000, 198.848271
0.113000, 200.549827
0.114000, 202.247424
0.115000, 203.945022
0.116000, 205.638593
0.117000, 207.332165
0.118000, 209.021644
0.119000, 210.711123
0.120000, 212.396443
0.121000, 214.081763
0.122000, 215.762857
0.123000, 217.443950
0.124000, 219.120752
0.125000, 220.797554
0.126000, 222.469998
0.127000, 224.142441
0.128000, 225.810460
0.129000, 227.478479
0.130000, 229.142008
0.131000, 230.805537
0.132000, 232.464510
0.133000, 234.123483
0.134000, 235.777834
0.135000, 237.432186
0.136000, 239.081851
0.137000, 240.731516
0.138000, 242.376429
0.139000, 244.021342
0.140000, 245.661438
0.141000, 247.301534
0.142000, 248.936749
0.143000, 250.571964
0.144000, 252.202232
0.145000, 253.832501
0.146000, 255.457759
0.147000, 257.083017
0.148000, 258.703201
0.149000, 260.323384
0.150000, 261.938430
0.151000, 263.553475
0.152000, 265.163317
0.153000, 266.773160
0.154000, 268.377737
0.155000, 269.982314
0.156000, 271.581561
0.157000, 273.180809
0.158000, 274.774664
0.159000, 276.368520
0.160000, 277.956920
0.161000, 279.545320
0.162000, 281.128202
0.163000, 282.711084
0.164000, 284.288385
0.165000, 285.865687
0.166000, 287.437345
0.167000, 289.009004
0.168000, 290.574958
0.169000, 292.140912
0.170000, 293.701100
0.171000, 295.261287
0.172000, 296.815646
0.173000, 298.370005
0.174000, 299.918475
0.175000, 301.466945
0.176000, 303.009464
0.177000, 304.551982
0.178000, 306.088490
0.179000, 307.624997
0.180000, 309.155432
0.181000, 310.685867
0.182000, 312.210170
0.183000, 313.734472
0.184000, 315.252582
0.185000, 316.770691
0.186000, 318.282548
0.187000, 319.794405
0.188000, 321.299949
0.189000, 322.805493
0.190000, 324.304666
0.191000, 325.803838
0.192000, 327.296579
0.193000, 328.789321
0.194000, 330.275572
0.195000, 331.761823
0.196000, 333.241526
0.197000, 334.721228
0.198000, 336.194324
0.199000, 337.667419
0.200000, 339.133850
0.201000, 340.600280
0.202000, 342.059987
0.203000, 343.519694
0.204000, 344.972620
0.205000, 346.425547
0.206000, 347.871635
0.207000, 349.317723
0.208000, 350.756916
0.209000, 352.196109
0.210000, 353.628349
0.211000, 355.060590
0.212000, 356.485822
0.213000, 357.911055
0.214000, 359.329222
0.215000, 360.747390
0.216000, 362.158436
0.217000, 363.569483
0.218000, 364.973353
0.219000, 366.377223
0.220000, 367.773861
0.221000, 369.170499
0.222000, 370.559850
0.223000, 371.949201
0.224000, 373.331210
0.225000, 374.713218
0.226000, 376.087831
0.227000, 377.462443
0.228000, 378.829605
0.229000, 380.196767
0.230000, 381.556424
0.231000, 382.916080
0.232000, 384.268179
0.233000, 385.620277
0.234000, 386.964764
0.235000, 388.309251
0.236000, 389.646072
0.237000, 390.982894
0.238000, 392.311998
0.239000, 393.641102
0.240000, 394.962436
0.241000, 396.283770
0.242000, 397.597282
0.243000, 398.910794
0.244000, 400.216431
0.245000, 401.522069
0.246000, 402.819780
0.247000, 404.117492
0.248000, 405.407227
0.249000, 406.696962
0.250000, 407.978669
0.251000, 409.260376
0.252000, 410.534004
0.253000, 411.807633
0.254000, 413.073133
0.255000, 414.338633
0.256000, 415.595954
0.257000, 416.853275
0.258000, 418.102368
0.259000, 419.351461
0.260000, 420.592276
0.261000, 421.833091
0.262000, 423.065579
0.263000, 424.298068
0.264000, 425.522181
0.265000, 426.746294
0.266000, 427.961984
0.267000, 429.177674
0.268000, 430.384892
0.269000, 431.592110
0.270000, 432.790809
0.271000, 433.989508
0.272000, 435.179640
0.273000, 436.369772
0.274000, 437.551291
0.275000, 438.732809
0.276000, 439.905668
0.277000, 441.078526
0.278000, 442.242678
0.279000, 443.406830
0.280000, 444.562229
0.281000, 445.717629
0.282000, 446.864230
0.283000, 448.010832
0.284000, 449.148590
0.285000, 450.286348
0.286000, 451.415217
0.287000, 452.544087
0.288000, 453.664024
0.289000, 454.783961
0.290000, 455.894921
0.291000, 457.005881
0.292000, 458.107820
0.293000, 459.209759
0.294000, 460.302633
0.295000, 461.395508
0.296000, 462.479275
0.297000, 463.563042
0.298000, 464.637659
0.299000, 465.712275
0.300000, 466.777699
0.301000, 467.843123
0.302000, 468.899312
0.303000, 469.955501
0.304000, 471.002414
0.305000, 472.049326
0.306000, 473.086921
0.307000, 474.124516
0.308000, 475.152752
0.309000, 476.180988
0.310000, 477.199824
0.311000, 478.218661
0.312000, 479.228058
0.313000, 480.237455
0.314000, 481.237372
0.315000, 482.237289
0.316000, 483.227688
0.317000, 484.218086
0.318000, 485.198927
0.319000, 486.179767
0.320000, 487.151011
0.321000, 488.122254
0.322000, 489.083863
0.323000, 490.045471
0.324000, 490.997407
0.325000, 491.949342
0.326000, 492.891567
0.327000, 493.833792
0.328000, 494.766269
0.329000, 495.698746
0.330000, 496.621438
0.331000, 497.544130
0.332000, 498.457001
0.333000, 499.369872
0.334000, 500.272886
0.335000, 501.175900
0.336000, 502.069022
0.337000, 502.962143
0.338000, 503.845336
0.339000, 504.728529
0.340000, 505.601760
0.341000, 506.474990
0.342000, 507.338223
0.343000, 508.201456
0.344000, 509.054657
0.345000, 509.907859
0.346000, 510.750995
0.347000, 511.594131
0.348000, 512.427169
0.349000, 513.260207
0.350000, 514.083114
0.351000, 514.906020
0.352000, 515.718763
0.353000, 516.531506
0.354000, 517.334052
0.355000, 518.136599
0.356000, 518.928919
0.357000, 519.721238
0.358000, 520.503298
0.359000, 521.285359
0.360000, 522.057129
0.361000, 522.828900
0.362000, 523.590351
0.363000, 524.351801
0.364000, 525.102901
0.365000, 525.854002
0.366000, 526.594722
0.367000, 527.335442
0.368000, 528.065754
0.369000, 528.796065
0.370000, 529.515938
0.371000, 530.235811
0.372000, 530.945218
0.373000, 531.654625
0.374000, 532.353537
0.375000, 533.052450
0.376000, 533.740840
0.377000, 534.429231
0.378000, 535.107072
0.379000, 535.784913
0.380000, 536.452178
0.381000, 537.119444
0.382000, 537.776107
0.383000, 538.432770
0.384000, 539.078804
0.385000, 539.724839
0.386000, 540.360220
0.387000, 540.995601
0.388000, 541.620304
0.389000, 542.245006
0.390000, 542.859005
0.391000, 543.473004
0.392000, 544.076275
0.393000, 544.679546
0.394000, 545.272066
0.395000, 545.864586
0.396000, 546.446330
0.397000, 547.028075
0.398000, 547.599022
0.399000, 548.169969
0.400000, 548.730095
0.401000, 549.290222
0.402000, 549.839506
0.403000, 550.388790
0.404000, 550.927210
0.405000, 551.465629
0.406000, 551.993164
0.407000, 552.520698
0.408000, 553.037326
0.409000, 553.553954
0.410000, 554.059656
0.411000, 554.565357
0.412000, 555.060112
0.413000, 555.554866
0.414000, 556.038655
0.415000, 556.522443
0.416000, 556.995247
0.417000, 557.468050
0.418000, 557.929849
0.419000, 558.391648
0.420000, 558.842426
0.421000, 559.293203
0.422000, 559.732940
0.423000, 560.172677
0.424000, 560.601357
0.425000, 561.030037
0.426000, 561.447642
0.427000, 561.865248
0.428000, 562.271763
0.429000, 562.678278
0.430000, 563.073686
0.431000, 563.469094
0.432000, 563.853379
0.433000, 564.237665
0.434000, 564.610813
0.435000, 564.983961
0.436000, 565.345957
0.437000, 565.707953
0.438000, 566.058782
0.439000, 566.409611
0.440000, 566.749260
0.441000, 567.088909
0.442000, 567.417364
0.443000, 567.745819
0.444000, 568.063067
0.445000, 568.380315
0.446000, 568.686344
0.447000, 568.992372
0.448000, 569.287170
0.449000, 569.581967
0.450000, 569.865521
0.451000, 570.149076
0.452000, 570.421376
0.453000, 570.693676
0.454000, 570.954711
0.455000, 571.215746
0.456000, 571.465505
0.457000, 571.715265
0.458000, 571.953740
0.459000, 572.192214
0.460000, 572.419394
0.461000, 572.646574
0.462000, 572.862450
0.463000, 573.078327
0.464000, 573.282891
0.465000, 573.487455
0.466000, 573.680700
0.467000, 573.873944
0.468000, 574.055860
0.469000, 574.237777
0.470000, 574.408358
0.471000, 574.578939
0.472000, 574.738179
0.473000, 574.897419
0.474000, 575.045311
0.475000, 575.193202
0.476000, 575.329740
0.477000, 575.466278
0.478000, 575.591457
0.479000, 575.716636
0.480000, 575.830450
0.481000, 575.944265
0.482000, 576.046711
0.483000, 576.149157
0.484000, 576.240230
0.485000, 576.331303
0.486000, 576.411000
0.487000, 576.490697
0.488000, 576.559014
0.489000, 576.627332
0.490000, 576.684267
0.491000, 576.741203
0.492000, 576.786754
0.493000, 576.832305
0.494000, 576.866469
0.495000, 576.900634
0.496000, 576.923412
0.497000, 576.946189
0.498000, 576.957578
0.499000, 576.968967
0.500000, 576.968967
0.501000, 576.968967
0.502000, 576.957578
0.503000, 576.946189
0.504000, 576.923412
0.505000, 576.900634
0.506000, 576.866469
0.507000, 576.832305
0.508000, 576.786754
0.509000, 576.741203
0.510000, 576.684267
0.511000, 576.627332
0.512000, 576.559014
0.513000, 576.490697
0.514000, 576.411000
0.515000, 576.331303
0.516000, 576.240230
0.517000, 576.149157
0.518000, 576.046711
0.519000, 575.944265
0.520000, 575.830450
0.521000, 575.716636
0.522000, 575.591457
0.523000, 575.466278
0.524000, 575.329740
0.525000, 575.193202
0.526000, 575.045311
0.527000, 574.897419
0.528000, 574.738179
0.529000, 574.578939
0.530000, 574.408358
0.531000, 574.237777
0.532000, 574.055860
0.533000, 573.873944
0.534000, 573.680700
0.535000, 573.487455
0.536000, 573.282891
0.537000, 573.078327
0.538000, 572.862450
0.539000, 572.646574
0.540000, 572.419394
0.541000, 572.192214
0.542000, 571.953740
0.543000, 571.715265
0.544000, 571.465505
0.545000, 571.215746
0.546000, 570.954711
0.547000, 570.693676
0.548000, 570.421376
0.549000, 570.149076
0.550000, 569.865521
0.551000, 569.581967
0.552000, 569.287170
0.553000, 568.992372
0.554000, 568.686344
0.555000, 568.380315
0.556000, 568.063067
0.557000, 567.745819
0.558000, 567.417364
0.559000, 567.088909
0.560000, 566.749260
0.561000, 566.409611
0.562000, 566.058782
0.563000, 565.707953
0.564000, 565.345957
0.565000, 564.983961
0.566000, 564.610813
0.567000, 564.237665
0.568000, 563.853379
0.569000, 563.469094
0.570000, 563.073686
0.571000, 562.678278
0.572000, 562.271763
0.573000, 561.865248
0.574000, 561.447642
0.575000, 561.030037
0.576000, 560.601357
0.577000, 560.172677
0.578000, 559.732940
0.579000, 559.293203
0.580000, 558.842426
0.581000, 558.391648
0.582000, 557.929849
0.583000, 557.468050
0.584000, 556.995247
0.585000, 556.522443
0.586000, 556.038655
0.587000, 555.554866
0.588000, 555.060112
0.589000, 554.565357
0.590000, 554.059656
0.591000, 553.553954
0.592000, 553.037326
0.593000, 552.520698
0.594000, 551.993164
0.595000, 551.465629
0.596000, 550.927210
0.597000, 550.388790
0.598000, 549.839506
0.599000, 549.290222
0.600000, 548.730095
0.601000, 548.169969
0.602000, 547.599022
0.603000, 547.028075
0.604000, 546.446330
0.605000, 545.864586
0.606000, 545.272066
0.607000, 544.679546
0.608000, 544.076275
0.609000, 543.473004
0.610000, 542.859005
0.611000, 542.245006
0.612000, 541.620304
0.613000, 540.995601
0.614000, 540.360220
0.615000, 539.724839
0.616000, 539.078804
0.617000, 538.432770
0.618000, 537.776107
0.619000, 537.119444
0.620000, 536.452178
0.621000, 535.784913
0.622000, 535.107072
0.623000, 534.429231
0.624000, 533.740840
0.625000, 533.052450
0.626000, 532.353537
0.627000, 531.654625
0.628000, 530.945218
0.629000, 530.235811
0.630000, 529.515938
0.631000, 528.796065
0.632000, 528.065754
0.633000, 527.335442
0.634000, 526.594722
0.635000, 525.854002
0.636000, 525.102901
0.637000, 524.351801
0.638000, 523.590351
0.639000, 522.828900
0.640000, 522.057129
0.641000, 521.285359
0.642000, 520.503298
0.643000, 519.721238
0.644000, 518.928919
0.645000, 518.136599
0.646000, 517.334052
0.647000, 516.531506
0.648000, 515.718763
0.649000, 514.906020
0.650000, 514.083114
0.651000, 513.260207
0.652000, 512.427169
0.653000, 511.594131
0.654000, 510.750995
0.655000, 509.907859
0.656000, 509.054657
0.657000, 508.201456
0.658000, 507.338223
0.659000, 506.474990
0.660000, 505.601760
0.661000, 504.728529
0.662000, 503.845336
0.663000, 502.962143
0.664000, 502.069022
0.665000, 501.175900
0.666000, 500.272886
0.667000, 499.369872
0.668000, 498.457001
0.669000, 497.544130
0.670000, 496.621438
0.671000, 495.698746
0.672000, 494.766269
0.673000, 493.833792
0.674000, 492.891567
0.675000, 491.949342
0.676000, 490.997407
0.677000, 490.045471
0.678000, 489.083863
0.679000, 488.122254
0.680000, 487.151011
0.681000, 486.179767
0.682000, 485.198927
0.683000, 484.218086
0.684000, 483.227688
0.685000, 482.237289
0.686000, 481.237372
0.687000, 480.237455
0.688000, 479.228058
0.689000, 478.218661
0.690000, 477.199824
0.691000, 476.180988
0.692000, 475.152752
0.693000, 474.124516
0.694000, 473.086921
0.695000, 472.049326
0.696000, 471.002414
0.697000, 469.955501
0.698000, 468.899312
0.699000, 467.843123
0.700000, 466.777699
0.701000, 465.712275
0.702000, 464.637659
0.703000, 463.563042
0.704000, 462.479275
0.705000, 461.395508
0.706000, 460.302633
0.707000, 459.209759
0.708000, 458.107820
0.709000, 457.005881
0.710000, 455.894921
0.711000, 454.783961
0.712000, 453.664024
0.713000, 452.544087
0.714000, 451.415217
0.715000, 450.286348
0.716000, 449.148590
0.717000, 448.010832
0.718000, 446.864230
0.719000, 445.717629
0.720000, 444.562229
0.721000, 443.406830
0.722000, 442.242678
0.723000, 441.078526
0.724000, 439.905668
0.725000, 438.732809
0.726000, 437.551291
0.727000, 436.369772
0.728000, 435.179640
0.729000, 433.989508
0.730000, 432.790809
0.731000, 431.592110
0.732000, 430.384892
0.733000, 429.177674
0.734000, 427.961984
0.735000, 426.746294
0.736000, 425.522181
0.737000, 424.298068
0.738000, 423.065579
0.739000, 421.833091
0.740000, 420.592276
0.741000, 419.351461
0.742000, 418.102368
0.743000, 416.853275
0.744000, 415.595954
0.745000, 414.338633
0.746000, 413.073133
0.747000, 411.807633
0.748000, 410.534004
0.749000, 409.260376
0.750000, 407.978669
0.751000, 406.696962
0.752000, 405.407227
0.753000, 404.117492
0.754000, 402.819780
0.755000, 401.522069
0.756000, 400.216431
0.757000, 398.910794
0.758000, 397.597282
0.759000, 396.283770
0.760000, 394.962436
0.761000, 393.641102
0.762000, 392.311998
0.763000, 390.982894
0.764000, 389.646072
0.765000, 388.309251
0.766000, 386.964764
0.767000, 385.620277
0.768000, 384.268179
0.769000, 382.916080
0.770000, 381.556424
0.771000, 380.196767
0.772000, 378.829605
0.773000, 377.462443
0.774000, 376.087831
0.775000, 374.713218
0.776000, 373.331210
0.777000, 371.949201
0.778000, 370.559850
0.779000, 369.170499
0.780000, 367.773861
0.781000, 366.377223
0.782000, 364.973353
0.783000, 363.569483
0.784000, 362.158436
0.785000, 360.747390
0.786000, 359.329222
0.787000, 357.911055
0.788000, 356.485822
0.789000, 355.060590
0.790000, 353.628349
0.791000, 352.196109
0.792000, 350.756916
0.793000, 349.317723
0.794000, 347.871635
0.795000, 346.425547
0.796000, 344.972620
0.797000, 343.519694
0.798000, 342.059987
0.799000, 340.600280
0.800000, 339.133850
0.801000, 337.667419
0.802000, 336.194324
0.803000, 334.721228
0.804000, 333.241526
0.805000, 331.761823
0.806000, 330.275572
0.807000, 328.789321
0.808000, 327.296579
0.809000, 325.803838
0.810000, 324.304666
0.811000, 322.805493
0.812000, 321.299949
0.813000, 319.794405
0.814000, 318.282548
0.815000, 316.770691
0.816000, 315.252582
0.817000, 313.734472
0.818000, 312.210170
0.819000, 310.685867
0.820000, 309.155432
0.821000, 307.624997
0.822000, 306.088490
0.823000, 304.551982
0.824000, 303.009464
0.825000, 301.466945
0.826000, 299.918475
0.827000, 298.370005
0.828000, 296.815646
0.829000, 295.261287
0.830000, 293.701100
0.831000, 292.140912
0.832000, 290.574958
0.833000, 289.009004
0.834000, 287.437345
0.835000, 285.865687
0.836000, 284.288385
0.837000, 282.711084
0.838000, 281.128202
0.839000, 279.545320
0.840000, 277.956920
0.841000, 276.368520
0.842000, 274.774664
0.843000, 273.180809
0.844000, 271.581561
0.845000, 269.982314
0.846000, 268.377737
0.847000, 266.773160
0.848000, 265.163317
0.849000, 263.553475
0.850000, 261.938430
0.851000, 260.323384
0.852000, 258.703201
0.853000, 257.083017
0.854000, 255.457759
0.855000, 253.832501
0.856000, 252.202232
0.857000, 250.571964
0.858000, 248.936749
0.859000, 247.301534
0.860000, 245.661438
0.861000, 244.021342
0.862000, 242.376429
0.863000, 240.731516
0.864000, 239.081851
0.865000, 237.432186
0.866000, 235.777834
0.867000, 234.123483
0.868000, 232.464510
0.869000, 230.805537
0.870000, 229.142008
0.871000, 227.478479
0.872000, 225.810460
0.873000, 224.142441
0.874000, 222.469998
0.875000, 220.797554
0.876000, 219.120752
0.877000, 217.443950
0.878000, 215.762857
0.879000, 214.081763
0.880000, 212.396443
0.881000, 210.711123
0.882000, 209.021644
0.883000, 207.332165
0.884000, 205.638593
0.885000, 203.945022
0.886000, 202.247424
0.887000, 200.549827
0.888000, 198.848271
0.889000, 197.146715
0.890000, 195.441268
0.891000, 193.735820
0.892000, 192.026549
0.893000, 190.317277
0.894000, 188.604249
0.895000, 186.891220
0.896000, 185.174503
0.897000, 183.457785
0.898000, 181.737447
0.899000, 180.017108
0.900000, 178.293216
0.901000, 176.569324
0.902000, 174.841946
0.903000, 173.114569
0.904000, 171.383774
0.905000, 169.652980
0.906000, 167.918836
0.907000, 166.184693
0.908000, 164.447269
0.909000, 162.709846
0.910000, 160.969210
0.911000, 159.228575
0.912000, 157.484796
0.913000, 155.741018
0.914000, 153.994165
0.915000, 152.247312
0.916000, 150.497454
0.917000, 148.747596
0.918000, 146.994802
0.919000, 145.242008
0.920000, 143.486347
0.921000, 141.730686
0.922000, 139.972228
0.923000, 138.213769
0.924000, 136.452582
0.925000, 134.691395
0.926000, 132.927549
0.927000, 131.163704
0.928000, 129.397269
0.929000, 127.630835
0.930000, 125.861881
0.931000, 124.092927
0.932000, 122.321523
0.933000, 120.550120
0.934000, 118.776337
0.935000, 117.002554
0.936000, 115.226461
0.937000, 113.450369
0.938000, 111.672037
0.939000, 109.893705
0.940000, 108.113203
0.941000, 106.332702
0.942000, 104.550102
0.943000, 102.767502
0.944000, 100.982873
0.945000, 99.198245
0.946000, 97.411658
0.947000, 95.625071
0.948000, 93.836597
0.949000, 92.048123
0.950000, 90.257832
0.951000, 88.467540
0.952000, 86.675503
0.953000, 84.883465
0.954000, 83.089752
0.955000, 81.296039
0.956000, 79.500722
0.957000, 77.705404
0.958000, 75.908552
0.959000, 74.111701
0.960000, 72.313386
0.961000, 70.515072
0.962000, 68.715365
0.963000, 66.915659
0.964000, 65.114632
0.965000, 63.313605
0.966000, 61.511328
0.967000, 59.709051
0.968000, 57.905595
0.969000, 56.102139
0.970000, 54.297576
0.971000, 52.493013
0.972000, 50.687414
0.973000, 48.881815
0.974000, 47.075251
0.975000, 45.268687
0.976000, 43.461229
0.977000, 41.653772
0.978000, 39.845492
0.979000, 38.037212
0.980000, 36.228181
0.981000, 34.419151
0.982000, 32.609440
0.983000, 30.799730
0.984000, 28.989412
0.985000, 27.179094
0.986000, 25.368240
0.987000, 23.557385
0.988000, 21.746066
0.989000, 19.934746
0.990000, 18.123033
0.991000, 16.311320
0.992000, 14.499285
0.993000, 12.687250
0.994000, 10.874965
0.995000, 9.062679
0.996000, 7.250215
0.997000, 5.437751
0.998000, 3.625179
0.999000, 1.812607
1.000000, 0.000000
