0.000000, 0.000000
0.001000, 2231871.034298
0.002000, 4463694.951964
0.003000, 6695518.869631
0.004000, 8927201.440352
0.005000, 11158884.011074
0.006000, 13390331.013382
0.007000, 15621778.015689
0.008000, 17852895.242851
0.009000, 20084012.470014
0.010000, 22314705.735930
0.011000, 24545399.001847
0.012000, 26775574.146937
0.013000, 29005749.292027
0.014000, 31235312.189111
0.015000, 33464875.086196
0.016000, 35693731.646378
0.017000, 37922588.206560
0.018000, 40150644.385095
0.019000, 42378700.563630
0.020000, 44605862.365792
0.021000, 46833024.167953
0.022000, 49059197.654888
0.023000, 51285371.141822
0.024000, 53510462.436395
0.025000, 55735553.730968
0.026000, 57959469.023600
0.027000, 60183384.316233
0.028000, 62406029.870725
0.029000, 64628675.425216
0.030000, 66849957.584559
0.031000, 69071239.743902
0.032000, 71291064.936076
0.033000, 73510890.128250
0.034000, 75729164.872010
0.035000, 77947439.615769
0.036000, 80164070.526410
0.037000, 82380701.437051
0.038000, 84595595.232162
0.039000, 86810489.027273
0.040000, 89023552.532473
0.041000, 91236616.037673
0.042000, 93447756.192324
0.043000, 95658896.346975
0.044000, 97868020.209882
0.045000, 100077144.072789
0.046000, 102284158.827876
0.047000, 104491173.582963
0.048000, 106695986.544929
0.049000, 108900799.506895
0.050000, 111103318.126848
0.051000, 113305836.746800
0.052000, 115505968.617866
0.053000, 117706100.488932
0.054000, 119903753.351844
0.055000, 122101406.214757
0.056000, 124296487.963419
0.057000, 126491569.712080
0.058000, 128683988.399098
0.059000, 130876407.086115
0.060000, 133066070.928310
0.061000, 135255734.770505
0.062000, 137442552.154396
0.063000, 139629369.538287
0.064000, 141813249.025542
0.065000, 143997128.512798
0.066000, 146177978.845663
0.067000, 148358829.178529
0.068000, 150536559.285219
0.069000, 152714289.391909
0.070000, 154888808.391972
0.071000, 157063327.392035
0.072000, 159234544.601684
0.073000, 161405761.811334
0.074000, 163573586.748749
0.075000, 165741411.686164
0.076000, 167905754.076752
0.077000, 170070096.467341
0.078000, 172230866.248974
0.079000, 174391636.030607
0.080000, 176548743.358813
0.081000, 178705850.687019
0.082000, 180859205.940147
0.083000, 183012561.193274
0.084000, 185162074.977613
0.085000, 187311588.761952
0.086000, 189457171.916823
0.087000, 191602755.071693
0.088000, 193744318.674494
0.089000, 195885882.277294
0.090000, 198023337.648510
0.091000, 200160793.019725
0.092000, 202294051.727898
0.093000, 204427310.436071
0.094000, 206556284.302733
0.095000, 208685258.169394
0.096000, 210809859.273948
0.097000, 212934460.378503
0.098000, 215054601.063079
0.099000, 217174741.747655
0.100000, 219290334.621907
0.101000, 221405927.496160
0.102000, 223516885.442033
0.103000, 225627843.387905
0.104000, 227734079.564348
0.105000, 229840315.740790
0.106000, 231941743.588430
0.107000, 234043171.436071
0.108000, 236139704.681846
0.109000, 238236237.927621
0.110000, 240327790.589357
0.111000, 242419343.251094
0.112000, 244505829.642044
0.113000, 246592316.032995
0.114000, 248673650.766330
0.115000, 250754985.499665
0.116000, 252831083.492913
0.117000, 254907181.486160
0.118000, 256977957.965601
0.119000, 259048734.445043
0.120000, 261114104.950058
0.121000, 263179475.455074
0.122000, 265239355.842440
0.123000, 267299236.229806
0.124000, 269353542.677943
0.125000, 271407849.126079
0.126000, 273456498.139245
0.127000, 275505147.152412
0.128000, 277548055.564857
0.129000, 279590963.977302
0.130000, 281628048.957358
0.131000, 283665133.937414
0.132000, 285696312.991540
0.133000, 287727492.045666
0.134000, 289752683.022444
0.135000, 291777873.999222
0.136000, 293796995.093295
0.137000, 295816116.187368
0.138000, 297829085.943329
0.139000, 299842055.699290
0.140000, 301848793.015515
0.141000, 303855530.331741
0.142000, 305855954.464174
0.143000, 307856378.596607
0.144000, 309850409.162485
0.145000, 311844439.728364
0.146000, 313831996.709890
0.147000, 315819553.691417
0.148000, 317800557.439382
0.149000, 319781561.187348
0.150000, 321755932.424693
0.151000, 323730303.662039
0.152000, 325697963.487366
0.153000, 327665623.312694
0.154000, 329626493.203718
0.155000, 331587363.094743
0.156000, 333541364.911695
0.157000, 335495366.728646
0.158000, 337442422.717608
0.159000, 339389478.706571
0.160000, 341329511.502772
0.161000, 343269544.298973
0.162000, 345202476.930013
0.163000, 347135409.561053
0.164000, 349061165.450080
0.165000, 350986921.339107
0.166000, 352905424.307934
0.167000, 354823927.276762
0.168000, 356735101.548927
0.169000, 358646275.821093
0.170000, 360550046.024866
0.171000, 362453816.228639
0.172000, 364350107.399965
0.173000, 366246398.571291
0.174000, 368135136.156682
0.175000, 370023873.742073
0.176000, 371904983.601440
0.177000, 373786093.460807
0.178000, 375659501.870237
0.179000, 377532910.279667
0.180000, 379398543.934140
0.181000, 381264177.588613
0.182000, 383121963.604661
0.183000, 384979749.620710
0.184000, 386829615.539024
0.185000, 388679481.457339
0.186000, 390521355.245314
0.187000, 392363229.033289
0.188000, 394197039.087510
0.189000, 396030849.141730
0.190000, 397856524.290405
0.191000, 399682199.439081
0.192000, 401499668.944416
0.193000, 403317138.449752
0.194000, 405126332.010269
0.195000, 406935525.570785
0.196000, 408736373.323576
0.197000, 410537221.076367
0.198000, 412329653.599303
0.199000, 414122086.122239
0.200000, 415906034.436111
0.201000, 417689982.749983
0.202000, 419465378.320594
0.203000, 421240773.891205
0.204000, 423007548.631401
0.205000, 424774323.371596
0.206000, 426532409.643240
0.207000, 428290495.914883
0.208000, 430039826.530777
0.209000, 431789157.146671
0.210000, 433529665.372417
0.211000, 435270173.598163
0.212000, 437001793.153972
0.213000, 438733412.709781
0.214000, 440456077.772222
0.215000, 442178742.834664
0.216000, 443892388.038365
0.217000, 445606033.242065
0.218000, 447310593.681347
0.219000, 449015154.120628
0.220000, 450710565.351094
0.221000, 452405976.581560
0.222000, 454092174.621629
0.223000, 455778372.661697
0.224000, 457455293.994075
0.225000, 459132215.326454
0.226000, 460799796.899562
0.227000, 462467378.472671
0.228000, 464125557.702012
0.229000, 465783736.931353
0.230000, 467432451.700827
0.231000, 469081166.470301
0.232000, 470720355.133467
0.233000, 472359543.796633
0.234000, 473989145.177922
0.235000, 475618746.559211
0.236000, 477238699.955080
0.237000, 478858653.350949
0.238000, 480468898.530990
0.239000, 482079143.711031
0.240000, 483679620.919023
0.241000, 485280098.127016
0.242000, 486870748.081932
0.243000, 488461398.036848
0.244000, 490042161.933802
0.245000, 491622925.830756
0.246000, 493193745.341912
0.247000, 494764564.853068
0.248000, 496325382.128488
0.249000, 497886199.403909
0.250000, 499436957.072361
0.251000, 500987714.740813
0.252000, 502528355.910523
0.253000, 504068997.080233
0.254000, 505599465.339595
0.255000, 507129933.598957
0.256000, 508650173.017190
0.257000, 510170412.435423
0.258000, 511680367.563184
0.259000, 513190322.690945
0.260000, 514689938.560897
0.261000, 516189554.430849
0.262000, 517678776.558177
0.263000, 519167998.685505
0.264000, 520646773.068394
0.265000, 522125547.451283
0.266000, 523593820.571344
0.267000, 525062093.691406
0.268000, 526519812.514065
0.269000, 527977531.336725
0.270000, 529424643.311562
0.271000, 530871755.286399
0.272000, 532308208.347447
0.273000, 533744661.408495
0.274000, 535170403.974496
0.275000, 536596146.540497
0.276000, 538011127.515115
0.277000, 539426108.489734
0.278000, 540830277.261733
0.279000, 542234446.033731
0.280000, 543627752.477100
0.281000, 545021058.920469
0.282000, 546403453.394519
0.283000, 547785847.868570
0.284000, 549157281.217990
0.285000, 550528714.567409
0.286000, 551889138.122274
0.287000, 553249561.677139
0.288000, 554598927.252893
0.289000, 555948292.828647
0.290000, 557286552.726039
0.291000, 558624812.623431
0.292000, 559951919.628422
0.293000, 561279026.633413
0.294000, 562594934.017041
0.295000, 563910841.400668
0.296000, 565215502.918881
0.297000, 566520164.437093
0.298000, 567813534.330547
0.299000, 569106904.224001
0.300000, 570388937.217827
0.301000, 571670970.211654
0.302000, 572941621.515188
0.303000, 574212272.818722
0.304000, 575471498.125206
0.305000, 576730723.431690
0.306000, 577978478.917938
0.307000, 579226234.404186
0.308000, 580462476.730225
0.309000, 581698719.056263
0.310000, 582923405.364938
0.311000, 584148091.673613
0.312000, 585361179.590168
0.313000, 586574267.506724
0.314000, 587775715.138353
0.315000, 588977162.769982
0.316000, 590166928.705349
0.317000, 591356694.640717
0.318000, 592534737.949456
0.319000, 593712781.258195
0.320000, 594879061.490378
0.321000, 596045341.722561
0.322000, 597199818.908143
0.323000, 598354296.093725
0.324000, 599496930.741965
0.325000, 600639565.390205
0.326000, 601770318.489063
0.327000, 602901071.587922
0.328000, 604019904.603435
0.329000, 605138737.618948
0.330000, 606245612.494579
0.331000, 607352487.370210
0.332000, 608447366.526180
0.333000, 609542245.682150
0.334000, 610625092.014749
0.335000, 611707938.347348
0.336000, 612778715.228225
0.337000, 613849492.109102
0.338000, 614908163.384537
0.339000, 615966834.659973
0.340000, 617013364.650132
0.341000, 618059894.640292
0.342000, 619094248.138462
0.343000, 620128601.636633
0.344000, 621150743.908443
0.345000, 622172886.180253
0.346000, 623182782.962877
0.347000, 624192679.745501
0.348000, 625190297.246850
0.349000, 626187914.748199
0.350000, 627173219.646094
0.351000, 628158524.543989
0.352000, 629131483.985325
0.353000, 630104443.426661
0.354000, 631065025.026558
0.355000, 632025606.626454
0.356000, 632973778.467391
0.357000, 633921950.308327
0.358000, 634857680.939273
0.359000, 635793411.570218
0.360000, 636716670.005748
0.361000, 637639928.441278
0.362000, 638550684.160681
0.363000, 639461439.880084
0.364000, 640359662.826463
0.365000, 641257885.772842
0.366000, 642143546.352204
0.367000, 643029206.931567
0.368000, 643902276.011911
0.369000, 644775345.092256
0.370000, 645635794.002648
0.371000, 646496242.913041
0.372000, 647344043.442690
0.373000, 648191843.972340
0.374000, 649026968.369665
0.375000, 649862092.766991
0.376000, 650684513.738687
0.377000, 651506934.710383
0.378000, 652316625.420480
0.379000, 653126316.130578
0.380000, 653923250.199505
0.381000, 654720184.268432
0.382000, 655504335.772070
0.383000, 656288487.275708
0.384000, 657059830.744449
0.385000, 657831174.213191
0.386000, 658589684.630996
0.387000, 659348195.048802
0.388000, 660093847.852256
0.389000, 660839500.655710
0.390000, 661572271.733081
0.391000, 662305042.810452
0.392000, 663024908.500753
0.393000, 663744774.191054
0.394000, 664451711.283105
0.395000, 665158648.375157
0.396000, 665852634.106653
0.397000, 666546619.838150
0.398000, 667227631.894732
0.399000, 667908643.951315
0.400000, 668576660.465645
0.401000, 669244676.979976
0.402000, 669899676.530819
0.403000, 670554676.081662
0.404000, 671196637.692972
0.405000, 671838599.304283
0.406000, 672467502.444301
0.407000, 673096405.584319
0.408000, 673712230.164670
0.409000, 674328054.745021
0.410000, 674930781.119829
0.411000, 675533507.494637
0.412000, 676123116.459638
0.413000, 676712725.424640
0.414000, 677289198.216317
0.415000, 677865671.007994
0.416000, 678428989.302709
0.417000, 678992307.597424
0.418000, 679542453.510570
0.419000, 680092599.423716
0.420000, 680629555.508875
0.421000, 681166511.594034
0.422000, 681690260.842150
0.423000, 682214010.090267
0.424000, 682724535.928831
0.425000, 683235061.767395
0.426000, 683732348.059639
0.427000, 684229634.351882
0.428000, 684713665.395991
0.429000, 685197696.440100
0.430000, 685668456.968436
0.431000, 686139217.496772
0.432000, 686596692.675113
0.433000, 687054167.853454
0.434000, 687498343.280249
0.435000, 687942518.707044
0.436000, 688373380.412679
0.437000, 688804242.118315
0.438000, 689221776.564402
0.439000, 689639311.010490
0.440000, 690043505.089169
0.441000, 690447699.167848
0.442000, 690838540.201102
0.443000, 691229381.234355
0.444000, 691606856.973348
0.445000, 691984332.712341
0.446000, 692348431.336774
0.447000, 692712529.961208
0.448000, 693063240.078691
0.449000, 693413950.196174
0.450000, 693751260.841615
0.451000, 694088571.487055
0.452000, 694412472.122071
0.453000, 694736372.757087
0.454000, 695046853.269433
0.455000, 695357333.781780
0.456000, 695654384.484804
0.457000, 695951435.187827
0.458000, 696235046.819929
0.459000, 696518658.452031
0.460000, 696788822.176163
0.461000, 697058985.900295
0.462000, 697315693.303468
0.463000, 697572400.706640
0.464000, 697815643.799456
0.465000, 698058886.892272
0.466000, 698288658.108480
0.467000, 698518429.324687
0.468000, 698734721.520754
0.469000, 698951013.716822
0.470000, 699153820.171537
0.471000, 699356626.626253
0.472000, 699545941.040343
0.473000, 699735255.454434
0.474000, 699911071.950207
0.475000, 700086888.445981
0.476000, 700249201.566992
0.477000, 700411514.688004
0.478000, 700560319.398742
0.479000, 700709124.109481
0.480000, 700844415.795084
0.481000, 700979707.480686
0.482000, 701101481.946670
0.483000, 701223256.412654
0.484000, 701331509.884678
0.485000, 701439763.356701
0.486000, 701534492.480343
0.487000, 701629221.603985
0.488000, 701710423.444554
0.489000, 701791625.285123
0.490000, 701859297.327485
0.491000, 701926969.369848
0.492000, 701981109.518281
0.493000, 702035249.666715
0.494000, 702075856.244789
0.495000, 702116462.822863
0.496000, 702143534.573340
0.497000, 702170606.323817
0.498000, 702184142.408579
0.499000, 702197678.493341
0.500000, 702197678.493341
0.501000, 702197678.493341
0.502000, 702184142.408579
0.503000, 702170606.323817
0.504000, 702143534.573340
0.505000, 702116462.822863
0.506000, 702075856.244789
0.507000, 702035249.666715
0.508000, 701981109.518281
0.509000, 701926969.369848
0.510000, 701859297.327485
0.511000, 701791625.285123
0.512000, 701710423.444554
0.513000, 701629221.603985
0.514000, 701534492.480343
0.515000, 701439763.356701
0.516000, 701331509.884678
0.517000, 701223256.412654
0.518000, 701101481.946670
0.519000, 700979707.480686
0.520000, 700844415.795084
0.521000, 700709124.109481
0.522000, 700560319.398742
0.523000, 700411514.688004
0.524000, 700249201.566992
0.525000, 700086888.445981
0.526000, 699911071.950207
0.527000, 699735255.454434
0.528000, 699545941.040343
0.529000, 699356626.626253
0.530000, 699153820.171537
0.531000, 698951013.716822
0.532000, 698734721.520754
0.533000, 698518429.324687
0.534000, 698288658.108480
0.535000, 698058886.892272
0.536000, 697815643.799456
0.537000, 697572400.706640
0.538000, 697315693.303468
0.539000, 697058985.900295
0.540000, 696788822.176163
0.541000, 696518658.452031
0.542000, 696235046.819929
0.543000, 695951435.187827
0.544000, 695654384.484804
0.545000, 695357333.781780
0.546000, 695046853.269433
0.547000, 694736372.757087
0.548000, 694412472.122071
0.549000, 694088571.487055
0.550000, 693751260.841615
0.551000, 693413950.196174
0.552000, 693063240.078691
0.553000, 692712529.961208
0.554000, 692348431.336774
0.555000, 691984332.712341
0.556000, 691606856.973348
0.557000, 691229381.234355
0.558000, 690838540.201102
0.559000, 690447699.167848
0.560000, 690043505.089169
0.561000, 689639311.010490
0.562000, 689221776.564402
0.563000, 688804242.118315
0.564000, 688373380.412679
0.565000, 687942518.707044
0.566000, 687498343.280249
0.567000, 687054167.853454
0.568000, 686596692.675113
0.569000, 686139217.496772
0.570000, 685668456.968436
0.571000, 685197696.440100
0.572000, 684713665.395991
0.573000, 684229634.351882
0.574000, 683732348.059639
0.575000, 683235061.767395
0.576000, 682724535.928831
0.577000, 682214010.090267
0.578000, 681690260.842150
0.579000, 681166511.594034
0.580000, 680629555.508875
0.581000, 680092599.423716
0.582000, 679542453.510570
0.583000, 678992307.597424
0.584000, 678428989.302709
0.585000, 677865671.007994
0.586000, 677289198.216317
0.587000, 676712725.424640
0.588000, 676123116.459638
0.589000, 675533507.494637
0.590000, 674930781.119829
0.591000, 674328054.745021
0.592000, 673712230.164670
0.593000, 673096405.584319
0.594000, 672467502.444301
0.595000, 671838599.304283
0.596000, 671196637.692972
0.597000, 670554676.081662
0.598000, 669899676.530819
0.599000, 669244676.979976
0.600000, 668576660.465645
0.601000, 667908643.951315
0.602000, 667227631.894732
0.603000, 666546619.838150
0.604000, 665852634.106653
0.605000, 665158648.375157
0.606000, 664451711.283105
0.607000, 663744774.191054
0.608000, 663024908.500753
0.609000, 662305042.810452
0.610000, 661572271.733081
0.611000, 660839500.655710
0.612000, 660093847.852256
0.613000, 659348195.048802
0.614000, 658589684.630996
0.615000, 657831174.213191
0.616000, 657059830.744449
0.617000, 656288487.275708
0.618000, 655504335.772070
0.619000, 654720184.268432
0.620000, 653923250.199505
0.621000, 653126316.130578
0.622000, 652316625.420480
0.623000, 651506934.710383
0.624000, 650684513.738687
0.625000, 649862092.766991
0.626000, 649026968.369665
0.627000, 648191843.972340
0.628000, 647344043.442690
0.629000, 646496242.913041
0.630000, 645635794.002648
0.631000, 644775345.092256
0.632000, 643902276.011911
0.633000, 643029206.931567
0.634000, 642143546.352204
0.635000, 641257885.772842
0.636000, 640359662.826463
0.637000, 639461439.880084
0.638000, 638550684.160681
0.639000, 637639928.441278
0.640000, 636716670.005748
0.641000, 635793411.570218
0.642000, 634857680.939273
0.643000, 633921950.308327
0.644000, 632973778.467391
0.645000, 632025606.626454
0.646000, 631065025.026558
0.647000, 630104443.426661
0.648000, 629131483.985325
0.649000, 628158524.543989
0.650000, 627173219.646094
0.651000, 626187914.748199
0.652000, 625190297.246850
0.653000, 624192679.745501
0.654000, 623182782.962877
0.655000, 622172886.180253
0.656000, 621150743.908443
0.657000, 620128601.636633
0.658000, 619094248.138462
0.659000, 618059894.640292
0.660000, 617013364.650132
0.661000, 615966834.659973
0.662000, 614908163.384537
0.663000, 613849492.109102
0.664000, 612778715.228225
0.665000, 611707938.347348
0.666000, 610625092.014749
0.667000, 609542245.682150
0.668000, 608447366.526180
0.669000, 607352487.370210
0.670000, 606245612.494579
0.671000, 605138737.618948
0.672000, 604019904.603435
0.673000, 602901071.587922
0.674000, 601770318.489063
0.675000, 600639565.390205
0.676000, 599496930.741965
0.677000, 598354296.093725
0.678000, 597199818.908143
0.679000, 596045341.722561
0.680000, 594879061.490378
0.681000, 593712781.258195
0.682000, 592534737.949456
0.683000, 591356694.640717
0.684000, 590166928.705349
0.685000, 588977162.769982
0.686000, 587775715.138353
0.687000, 586574267.506724
0.688000, 585361179.590168
0.689000, 584148091.673613
0.690000, 582923405.364938
0.691000, 581698719.056263
0.692000, 580462476.730225
0.693000, 579226234.404186
0.694000, 577978478.917938
0.695000, 576730723.431690
0.696000, 575471498.125206
0.697000, 574212272.818722
0.698000, 572941621.515188
0.699000, 571670970.211654
0.700000, 570388937.217827
0.701000, 569106904.224001
0.702000, 567813534.330547
0.703000, 566520164.437093
0.704000, 565215502.918881
0.705000, 563910841.400668
0.706000, 562594934.017041
0.707000, 561279026.633413
0.708000, 559951919.628422
0.709000, 558624812.623431
0.710000, 557286552.726039
0.711000, 555948292.828647
0.712000, 554598927.252893
0.713000, 553249561.677139
0.714000, 551889138.122274
0.715000, 550528714.567409
0.716000, 549157281.217990
0.717000, 547785847.868570
0.718000, 546403453.394519
0.719000, 545021058.920469
0.720000, 543627752.477100
0.721000, 542234446.033731
0.722000, 540830277.261733
0.723000, 539426108.489734
0.724000, 538011127.515115
0.725000, 536596146.540497
0.726000, 535170403.974496
0.727000, 533744661.408495
0.728000, 532308208.347447
0.729000, 530871755.286399
0.730000, 529424643.311562
0.731000, 527977531.336725
0.732000, 526519812.514065
0.733000, 525062093.691406
0.734000, 523593820.571344
0.735000, 522125547.451283
0.736000, 520646773.068394
0.737000, 519167998.685505
0.738000, 517678776.558177
0.739000, 516189554.430849
0.740000, 514689938.560897
0.741000, 513190322.690945
0.742000, 511680367.563184
0.743000, 510170412.435423
0.744000, 508650173.017190
0.745000, 507129933.598957
0.746000, 505599465.339595
0.747000, 504068997.080233
0.748000, 502528355.910523
0.749000, 500987714.740813
0.750000, 499436957.072361
0.751000, 497886199.403909
0.752000, 496325382.128488
0.753000, 494764564.853068
0.754000, 493193745.341912
0.755000, 491622925.830756
0.756000, 490042161.933802
0.757000, 488461398.036848
0.758000, 486870748.081932
0.759000, 485280098.127016
0.760000, 483679620.919023
0.761000, 482079143.711031
0.762000, 480468898.530990
0.763000, 478858653.350949
0.764000, 477238699.955080
0.765000, 475618746.559211
0.766000, 473989145.177922
0.767000, 472359543.796633
0.768000, 470720355.133467
0.769000, 469081166.470301
0.770000, 467432451.700827
0.771000, 465783736.931353
0.772000, 464125557.702012
0.773000, 462467378.472671
0.774000, 460799796.899562
0.775000, 459132215.326454
0.776000, 457455293.994075
0.777000, 455778372.661697
0.778000, 454092174.621629
0.779000, 452405976.581560
0.780000, 450710565.351094
0.781000, 449015154.120628
0.782000, 447310593.681347
0.783000, 445606033.242065
0.784000, 443892388.038365
0.785000, 442178742.834664
0.786000, 440456077.772222
0.787000, 438733412.709781
0.788000, 437001793.153972
0.789000, 435270173.598163
0.790000, 433529665.372417
0.791000, 431789157.146671
0.792000, 430039826.530777
0.793000, 428290495.914883
0.794000, 426532409.643240
0.795000, 424774323.371596
0.796000, 423007548.631401
0.797000, 421240773.891205
0.798000, 419465378.320594
0.799000, 417689982.749983
0.800000, 415906034.436111
0.801000, 414122086.122239
0.802000, 412329653.599303
0.803000, 410537221.076367
0.804000, 408736373.323576
0.805000, 406935525.570785
0.806000, 405126332.010269
0.807000, 403317138.449752
0.808000, 401499668.944416
0.809000, 399682199.439081
0.810000, 397856524.290405
0.811000, 396030849.141730
0.812000, 394197039.087510
0.813000, 392363229.033289
0.814000, 390521355.245314
0.815000, 388679481.457339
0.816000, 386829615.539024
0.817000, 384979749.620710
0.818000, 383121963.604661
0.819000, 381264177.588613
0.820000, 379398543.934140
0.821000, 377532910.279667
0.822000, 375659501.870237
0.823000, 373786093.460807
0.824000, 371904983.601440
0.825000, 370023873.742073
0.826000, 368135136.156682
0.827000, 366246398.571291
0.828000, 364350107.399965
0.829000, 362453816.228639
0.830000, 360550046.024866
0.831000, 358646275.821093
0.832000, 356735101.548927
0.833000, 354823927.276762
0.834000, 352905424.307934
0.835000, 350986921.339107
0.836000, 349061165.450080
0.837000, 347135409.561053
0.838000, 345202476.930013
0.839000, 343269544.298973
0.840000, 341329511.502772
0.841000, 339389478.706571
0.842000, 337442422.717608
0.843000, 335495366.728646
0.844000, 333541364.911695
0.845000, 331587363.094743
0.846000, 329626493.203718
0.847000, 327665623.312694
0.848000, 325697963.487366
0.849000, 323730303.662039
0.850000, 321755932.424693
0.851000, 319781561.187348
0.852000, 317800557.439382
0.853000, 315819553.691417
0.854000, 313831996.709890
0.855000, 311844439.728364
0.856000, 309850409.162485
0.857000, 307856378.596607
0.858000, 305855954.464174
0.859000, 303855530.331741
0.860000, 301848793.015515
0.861000, 299842055.699290
0.862000, 297829085.943329
0.863000, 295816116.187368
0.864000, 293796995.093295
0.865000, 291777873.999222
0.866000, 289752683.022444
0.867000, 287727492.045666
0.868000, 285696312.991540
0.869000, 283665133.937414
0.870000, 281628048.957358
0.871000, 279590963.977302
0.872000, 277548055.564857
0.873000, 275505147.152412
0.874000, 273456498.139245
0.875000, 271407849.126079
0.876000, 269353542.677943
0.877000, 267299236.229806
0.878000, 265239355.842440
0.879000, 263179475.455074
0.880000, 261114104.950058
0.881000, 259048734.445043
0.882000, 256977957.965601
0.883000, 254907181.486160
0.884000, 252831083.492913
0.885000, 250754985.499665
0.886000, 248673650.766330
0.887000, 246592316.032995
0.888000, 244505829.642044
0.889000, 242419343.251094
0.890000, 240327790.589357
0.891000, 238236237.927621
0.892000, 236139704.681846
0.893000, 234043171.436071
0.894000, 231941743.588430
0.895000, 229840315.740790
0.896000, 227734079.564348
0.897000, 225627843.387905
0.898000, 223516885.442033
0.899000, 221405927.496160
0.900000, 219290334.621907
0.901000, 217174741.747655
0.902000, 215054601.063079
0.903000, 212934460.378503
0.904000, 210809859.273948
0.905000, 208685258.169394
0.906000, 206556284.302733
0.907000, 204427310.436071
0.908000, 202294051.727898
0.909000, 200160793.019725
0.910000, 198023337.648510
0.911000, 195885882.277294
0.912000, 193744318.674494
0.913000, 191602755.071693
0.914000, 189457171.916823
0.915000, 187311588.761952
0.916000, 185162074.977613
0.917000, 183012561.193274
0.918000, 180859205.940147
0.919000, 178705850.687019
0.920000, 176548743.358813
0.921000, 174391636.030607
0.922000, 172230866.248974
0.923000, 170070096.467341
0.924000, 167905754.076752
0.925000, 165741411.686164
0.926000, 163573586.748749
0.927000, 161405761.811334
0.928000, 159234544.601684
0.929000, 157063327.392035
0.930000, 154888808.391972
0.931000, 152714289.391909
0.932000, 150536559.285219
0.933000, 148358829.178529
0.934000, 146177978.845663
0.935000, 143997128.512798
0.936000, 141813249.025542
0.937000, 139629369.538287
0.938000, 137442552.154396
0.939000, 135255734.770505
0.940000, 133066070.928310
0.941000, 130876407.086115
0.942000, 128683988.399098
0.943000, 126491569.712080
0.944000, 124296487.963419
0.945000, 122101406.214757
0.946000, 119903753.351844
0.947000, 117706100.488932
0.948000, 115505968.617866
0.949000, 113305836.746800
0.950000, 111103318.126848
0.951000, 108900799.506895
0.952000, 106695986.544929
0.953000, 104491173.582963
0.954000, 102284158.827876
0.955000, 100077144.072789
0.956000, 97868020.209882
0.957000, 95658896.346975
0.958000, 93447756.192324
0.959000, 91236616.037673
0.960000, 89023552.532473
0.961000, 86810489.027273
0.962000, 84595595.232162
0.963000, 82380701.437051
0.964000, 80164070.526410
0.965000, 77947439.615769
0.966000, 75729164.872010
0.967000, 73510890.128250
0.968000, 71291064.936076
0.969000, 69071239.743902
0.970000, 66849957.584559
0.971000, 64628675.425216
0.972000, 62406029.870725
0.973000, 60183384.316233
0.974000, 57959469.023600
0.975000, 55735553.730968
0.976000, 53510462.436395
0.977000, 51285371.141822
0.978000, 49059197.654888
0.979000, 46833024.167953
0.980000, 44605862.365792
0.981000, 42378700.563630
0.982000, 40150644.385095
0.983000, 37922588.206560
0.984000, 35693731.646378
0.985000, 33464875.086196
0.986000, 31235312.189111
0.987000, 29005749.292027
0.988000, 26775574.146937
0.989000, 24545399.001847
0.990000, 22314705.735930
0.991000, 20084012.470014
0.992000, 17852895.242851
0.993000, 15621778.015689
0.994000, 13390331.013382
0.995000, 11158884.011074
0.996000, 8927201.440352
0.997000, 6695518.869631
0.998000, 4463694.951964
0.999000, 2231871.034298
1.000000, 0.000000
