0.000000, 0.000000
0.001000, 3989368.165412
0.002000, 7978536.835239
0.003000, 11967705.505067
0.004000, 15956275.747900
0.005000, 19944845.990733
0.006000, 23932419.054417
0.007000, 27919992.118100
0.008000, 31906169.549132
0.009000, 35892346.980165
0.010000, 39876730.742950
0.011000, 43861114.505736
0.012000, 47843307.101628
0.013000, 51825499.697520
0.014000, 55805104.283592
0.015000, 59784708.869665
0.016000, 63761329.377156
0.017000, 67737949.884647
0.018000, 71711191.137013
0.019000, 75684432.389379
0.020000, 79653900.219903
0.021000, 83623368.050428
0.022000, 87588669.419322
0.023000, 91553970.788215
0.024000, 95514713.899155
0.025000, 99475457.010094
0.026000, 103431251.426133
0.027000, 107387045.842172
0.028000, 111337502.600979
0.029000, 115287959.359787
0.030000, 119232691.088142
0.031000, 123177422.816498
0.032000, 127116043.843995
0.033000, 131054664.871493
0.034000, 134986791.343395
0.035000, 138918917.815297
0.036000, 142844167.804484
0.037000, 146769417.793671
0.038000, 150687411.411629
0.039000, 154605405.029588
0.040000, 158515764.536387
0.041000, 162426124.043185
0.042000, 166328473.956381
0.043000, 170230823.869577
0.044000, 174124791.072004
0.045000, 178018758.274431
0.046000, 181903972.120812
0.047000, 185789185.967194
0.048000, 189665278.389538
0.049000, 193541370.811882
0.050000, 197407976.423596
0.051000, 201274582.035309
0.052000, 205131338.233995
0.053000, 208988094.432681
0.054000, 212834641.501559
0.055000, 216681188.570438
0.056000, 220517169.778353
0.057000, 224353150.986267
0.058000, 228178212.686220
0.059000, 232003274.386172
0.060000, 235817066.112350
0.061000, 239630857.838529
0.062000, 243433032.401775
0.063000, 247235206.965022
0.064000, 251025420.546705
0.065000, 254815634.128389
0.066000, 258593546.372628
0.067000, 262371458.616868
0.068000, 266136732.721079
0.069000, 269902006.825291
0.070000, 273654309.629005
0.071000, 277406612.432719
0.072000, 281145614.504636
0.073000, 284884616.576552
0.074000, 288609992.299798
0.075000, 292335368.023043
0.076000, 296046795.678584
0.077000, 299758223.334125
0.078000, 303455385.182313
0.079000, 307152547.030501
0.080000, 310835129.390706
0.081000, 314517711.750910
0.082000, 318185405.079212
0.083000, 321853098.407515
0.084000, 325505597.372429
0.085000, 329158096.337344
0.086000, 332795099.893536
0.087000, 336432103.449728
0.088000, 340053314.909695
0.089000, 343674526.369662
0.090000, 347279653.473362
0.091000, 350884780.577061
0.092000, 354473535.559446
0.093000, 358062290.541830
0.094000, 361634390.198271
0.095000, 365206489.854712
0.096000, 368761655.604290
0.097000, 372316821.353868
0.098000, 375854779.300501
0.099000, 379392737.247134
0.100000, 382913218.238528
0.101000, 386433699.229922
0.102000, 389936438.914320
0.103000, 393439178.598719
0.104000, 396923917.479437
0.105000, 400408656.360155
0.106000, 403875139.847877
0.107000, 407341623.335598
0.108000, 410789601.798422
0.109000, 414237580.261245
0.110000, 417666809.072468
0.111000, 421096037.883692
0.112000, 424506277.467317
0.113000, 427916517.050943
0.114000, 431307532.924893
0.115000, 434698548.798844
0.116000, 438070111.615882
0.117000, 441441674.432921
0.118000, 444793560.019262
0.119000, 448145445.605602
0.120000, 451477434.997206
0.121000, 454809424.388810
0.122000, 458121303.865365
0.123000, 461433183.341920
0.124000, 464724744.458491
0.125000, 468016305.575062
0.126000, 471287345.191417
0.127000, 474558384.807773
0.128000, 477808705.115382
0.129000, 481059025.422991
0.130000, 484288433.969692
0.131000, 487517842.516393
0.132000, 490726152.228730
0.133000, 493934461.941068
0.134000, 497121491.144310
0.135000, 500308520.347552
0.136000, 503474092.783382
0.137000, 506639665.219211
0.138000, 509783610.061103
0.139000, 512927554.902995
0.140000, 516049706.769282
0.141000, 519171858.635569
0.142000, 522272057.600208
0.143000, 525372256.564846
0.144000, 528450348.165886
0.145000, 531528439.766926
0.146000, 534584275.012700
0.147000, 537640110.258474
0.148000, 540673545.631517
0.149000, 543706981.004560
0.150000, 546717878.463266
0.151000, 549728775.921971
0.152000, 552717002.900009
0.153000, 555705229.878047
0.154000, 558670659.281548
0.155000, 561636088.685049
0.156000, 564578598.887581
0.157000, 567521109.090112
0.158000, 570440583.925455
0.159000, 573360058.760797
0.160000, 576256387.513549
0.161000, 579152716.266300
0.162000, 582025793.660321
0.163000, 584898871.054343
0.164000, 587748597.239069
0.165000, 590598323.423794
0.166000, 593424603.958430
0.167000, 596250884.493065
0.168000, 599053630.328693
0.169000, 601856376.164322
0.170000, 604635503.623943
0.171000, 607414631.083565
0.172000, 610170061.840098
0.173000, 612925492.596630
0.174000, 615657153.648890
0.175000, 618388814.701151
0.176000, 621096638.347850
0.177000, 623804461.994550
0.178000, 626488385.806329
0.179000, 629172309.618108
0.180000, 631832276.407637
0.181000, 634492243.197167
0.182000, 637128200.987347
0.183000, 639764158.777528
0.184000, 642376060.767819
0.185000, 644987962.758110
0.186000, 647575767.289014
0.187000, 650163571.819918
0.188000, 652727242.335659
0.189000, 655290912.851400
0.190000, 657830417.860827
0.191000, 660369922.870253
0.192000, 662885235.905993
0.193000, 665400548.941733
0.194000, 667891648.517647
0.195000, 670382748.093560
0.196000, 672849617.660512
0.197000, 675316487.227463
0.198000, 677759115.127460
0.199000, 680201743.027457
0.200000, 682620122.446180
0.201000, 685038501.864903
0.202000, 687432630.782675
0.203000, 689826759.700448
0.204000, 692196640.841670
0.205000, 694566521.982892
0.206000, 696912162.763987
0.207000, 699257803.545081
0.208000, 701579216.020983
0.209000, 703900628.496884
0.210000, 706197829.306112
0.211000, 708495030.115340
0.212000, 710768040.423695
0.213000, 713041050.732051
0.214000, 715289896.174975
0.215000, 717538741.617898
0.216000, 719763452.241528
0.217000, 721988162.865158
0.218000, 724188773.066128
0.219000, 726389383.267099
0.220000, 728565931.731121
0.221000, 730742480.195143
0.222000, 732895009.834403
0.223000, 735047539.473664
0.224000, 737176097.363087
0.225000, 739304655.252510
0.226000, 741409292.564919
0.227000, 743513929.877329
0.228000, 745594701.817553
0.229000, 747675473.757777
0.230000, 749732439.495736
0.231000, 751789405.233695
0.232000, 753822627.836511
0.233000, 755855850.439328
0.234000, 757865396.802504
0.235000, 759874943.165680
0.236000, 761860883.943377
0.237000, 763846824.721074
0.238000, 765809234.255543
0.239000, 767771643.790013
0.240000, 769710600.040207
0.241000, 771649556.290401
0.242000, 773565140.759819
0.243000, 775480725.229238
0.244000, 777373022.893039
0.245000, 779265320.556840
0.246000, 781134419.788261
0.247000, 783003519.019683
0.248000, 784849511.515814
0.249000, 786695504.011944
0.250000, 788518484.718885
0.251000, 790341465.425826
0.252000, 792141532.463281
0.253000, 793941599.500736
0.254000, 795718854.086075
0.255000, 797496108.671414
0.256000, 799250655.043243
0.257000, 801005201.415071
0.258000, 802737146.756349
0.259000, 804469092.097627
0.260000, 806178546.458378
0.261000, 807888000.819129
0.262000, 809575077.038772
0.263000, 811262153.258416
0.264000, 812926966.887767
0.265000, 814591780.517119
0.266000, 816234449.740090
0.267000, 817877118.963061
0.268000, 819497764.518103
0.269000, 821118410.073145
0.270000, 822717155.174467
0.271000, 824315900.275788
0.272000, 825892870.534388
0.273000, 827469840.792988
0.274000, 829025164.137542
0.275000, 830580487.482096
0.276000, 832114294.079725
0.277000, 833648100.677354
0.278000, 835160522.854315
0.279000, 836672945.031276
0.280000, 838164117.193612
0.281000, 839655289.355949
0.282000, 841125347.910130
0.283000, 842595406.464310
0.284000, 844044489.737890
0.285000, 845493573.011471
0.286000, 846921821.173816
0.287000, 848350069.336162
0.288000, 849757624.319258
0.289000, 851165179.302355
0.290000, 852552184.721743
0.291000, 853939190.141131
0.292000, 855305791.216994
0.293000, 856672392.292857
0.294000, 858018735.771293
0.295000, 859365079.249729
0.296000, 860691313.324239
0.297000, 862017547.398749
0.298000, 863323821.631969
0.299000, 864630095.865188
0.300000, 865916561.110893
0.301000, 867203026.356597
0.302000, 868469834.682012
0.303000, 869736643.007427
0.304000, 870983947.615862
0.305000, 872231252.224297
0.306000, 873459207.378142
0.307000, 874687162.531987
0.308000, 875895923.476091
0.309000, 877104684.420194
0.310000, 878294407.305645
0.311000, 879484130.191097
0.312000, 880654971.999449
0.313000, 881825813.807801
0.314000, 882977932.275748
0.315000, 884130050.743695
0.316000, 885263604.288229
0.317000, 886397157.832762
0.318000, 887512305.476840
0.319000, 888627453.120918
0.320000, 889724354.419652
0.321000, 890821255.718385
0.322000, 891900070.685779
0.323000, 892978885.653173
0.324000, 894039774.689437
0.325000, 895100663.725700
0.326000, 896143787.545141
0.327000, 897186911.364583
0.328000, 898212430.924118
0.329000, 899237950.483654
0.330000, 900246026.911942
0.331000, 901254103.340231
0.332000, 902244897.867454
0.333000, 903235692.394678
0.334000, 904209366.282982
0.335000, 905183040.171287
0.336000, 906139754.645910
0.337000, 907096469.120533
0.338000, 908036385.301619
0.339000, 908976301.482705
0.340000, 909899580.317837
0.341000, 910822859.152968
0.342000, 911729661.350422
0.343000, 912636463.547876
0.344000, 913526949.510617
0.345000, 914417435.473358
0.346000, 915291765.233790
0.347000, 916166094.994223
0.348000, 917024428.149700
0.349000, 917882761.305178
0.350000, 918725256.954300
0.351000, 919567752.603421
0.352000, 920394569.283107
0.353000, 921221385.962794
0.354000, 922032681.586169
0.355000, 922843977.209545
0.356000, 923639909.004629
0.357000, 924435840.799712
0.358000, 925216565.248924
0.359000, 925997289.698136
0.360000, 926762962.478637
0.361000, 927528635.259137
0.362000, 928279411.183998
0.363000, 929030187.108858
0.364000, 929766220.069081
0.365000, 930502253.029304
0.366000, 931223695.936689
0.367000, 931945138.844074
0.368000, 932652143.574944
0.369000, 933359148.305813
0.370000, 934051865.645602
0.371000, 934744582.985391
0.372000, 935423162.574104
0.373000, 936101742.162817
0.374000, 936766332.441362
0.375000, 937430922.719907
0.376000, 938081670.877301
0.377000, 938732419.034695
0.378000, 939369470.956160
0.379000, 940006522.877625
0.380000, 940630023.093564
0.381000, 941253523.309502
0.382000, 941863614.945362
0.383000, 942473706.581221
0.384000, 943070531.308252
0.385000, 943667356.035282
0.386000, 944251054.022182
0.387000, 944834752.009083
0.388000, 945405461.874548
0.389000, 945976171.740013
0.390000, 946534030.506169
0.391000, 947091889.272324
0.392000, 947637032.319060
0.393000, 948182175.365797
0.394000, 948714736.386004
0.395000, 949247297.406211
0.396000, 949767408.361901
0.397000, 950287519.317592
0.398000, 950795310.396925
0.399000, 951303101.476259
0.400000, 951798701.051463
0.401000, 952294300.626667
0.402000, 952777835.212846
0.403000, 953261369.799024
0.404000, 953732964.013866
0.405000, 954204558.228708
0.406000, 954664334.753081
0.407000, 955124111.277455
0.408000, 955572190.816896
0.409000, 956020270.356337
0.410000, 956456771.603419
0.411000, 956893272.850501
0.412000, 957318312.448093
0.413000, 957743352.045686
0.414000, 958157044.551094
0.415000, 958570737.056502
0.416000, 958973194.906482
0.417000, 959375652.756462
0.418000, 959766986.233116
0.419000, 960158319.709771
0.420000, 960538636.907315
0.421000, 960918954.104860
0.422000, 961288360.897254
0.423000, 961657767.689649
0.424000, 962016367.699102
0.425000, 962374967.708554
0.426000, 962722862.274880
0.427000, 963070756.841207
0.428000, 963408044.992049
0.429000, 963745333.142891
0.430000, 964072111.564792
0.431000, 964398889.986692
0.432000, 964715252.997016
0.433000, 965031616.007340
0.434000, 965337655.527040
0.435000, 965643695.046740
0.436000, 965939500.573968
0.437000, 966235306.101196
0.438000, 966520964.685746
0.439000, 966806623.270296
0.440000, 967082219.488882
0.441000, 967357815.707468
0.442000, 967623431.639830
0.443000, 967889047.572192
0.444000, 968144762.778025
0.445000, 968400477.983857
0.446000, 968646369.480557
0.447000, 968892260.977257
0.448000, 969128403.218487
0.449000, 969364545.459717
0.450000, 969591010.314778
0.451000, 969817475.169839
0.452000, 970034331.903853
0.453000, 970251188.637866
0.454000, 970458503.892751
0.455000, 970665819.147636
0.456000, 970863656.923893
0.457000, 971061494.700150
0.458000, 971249916.339431
0.459000, 971438337.978711
0.460000, 971617402.147182
0.461000, 971796466.315653
0.462000, 971966228.988143
0.463000, 972135991.660634
0.464000, 972296506.105566
0.465000, 972457020.550498
0.466000, 972608337.315596
0.467000, 972759654.080693
0.468000, 972901820.979461
0.469000, 973043987.878229
0.470000, 973177049.977212
0.471000, 973310112.076195
0.472000, 973434111.682995
0.473000, 973558111.289796
0.474000, 973673087.941860
0.475000, 973788064.593924
0.476000, 973894055.048093
0.477000, 974000045.502261
0.478000, 974097083.725073
0.479000, 974194121.947884
0.480000, 974282239.106640
0.481000, 974370356.265396
0.482000, 974449580.719976
0.483000, 974528805.174556
0.484000, 974599162.469987
0.485000, 974669519.765417
0.486000, 974731032.625187
0.487000, 974792545.484958
0.488000, 974845233.805086
0.489000, 974897922.125215
0.490000, 974941802.969058
0.491000, 974985683.812901
0.492000, 975020771.406709
0.493000, 975055859.000516
0.494000, 975082164.729728
0.495000, 975108470.458939
0.496000, 975126002.865224
0.497000, 975143535.271509
0.498000, 975152300.050547
0.499000, 975161064.829585
0.500000, 975161064.829585
0.501000, 975161064.829585
0.502000, 975152300.050547
0.503000, 975143535.271509
0.504000, 975126002.865224
0.505000, 975108470.458939
0.506000, 975082164.729728
0.507000, 975055859.000516
0.508000, 975020771.406709
0.509000, 974985683.812901
0.510000, 974941802.969058
0.511000, 974897922.125215
0.512000, 974845233.805086
0.513000, 974792545.484958
0.514000, 974731032.625187
0.515000, 974669519.765417
0.516000, 974599162.469987
0.517000, 974528805.174556
0.518000, 974449580.719976
0.519000, 974370356.265396
0.520000, 974282239.106640
0.521000, 974194121.947884
0.522000, 974097083.725073
0.523000, 974000045.502261
0.524000, 973894055.048093
0.525000, 973788064.593924
0.526000, 973673087.941860
0.527000, 973558111.289796
0.528000, 973434111.682995
0.529000, 973310112.076195
0.530000, 973177049.977212
0.531000, 973043987.878229
0.532000, 972901820.979461
0.533000, 972759654.080693
0.534000, 972608337.315596
0.535000, 972457020.550498
0.536000, 972296506.105566
0.537000, 972135991.660634
0.538000, 971966228.988143
0.539000, 971796466.315653
0.540000, 971617402.147182
0.541000, 971438337.978711
0.542000, 971249916.339431
0.543000, 971061494.700150
0.544000, 970863656.923893
0.545000, 970665819.147636
0.546000, 970458503.892751
0.547000, 970251188.637866
0.548000, 970034331.903853
0.549000, 969817475.169839
0.550000, 969591010.314778
0.551000, 969364545.459717
0.552000, 969128403.218487
0.553000, 968892260.977257
0.554000, 968646369.480557
0.555000, 968400477.983857
0.556000, 968144762.778025
0.557000, 967889047.572192
0.558000, 967623431.639830
0.559000, 967357815.707468
0.560000, 967082219.488882
0.561000, 966806623.270296
0.562000, 966520964.685746
0.563000, 966235306.101196
0.564000, 965939500.573968
0.565000, 965643695.046740
0.566000, 965337655.527040
0.567000, 965031616.007340
0.568000, 964715252.997016
0.569000, 964398889.986692
0.570000, 964072111.564792
0.571000, 963745333.142891
0.572000, 963408044.992049
0.573000, 963070756.841207
0.574000, 962722862.274880
0.575000, 962374967.708554
0.576000, 962016367.699102
0.577000, 961657767.689649
0.578000, 961288360.897254
0.579000, 960918954.104860
0.580000, 960538636.907315
0.581000, 960158319.709771
0.582000, 959766986.233116
0.583000, 959375652.756462
0.584000, 958973194.906482
0.585000, 958570737.056502
0.586000, 958157044.551094
0.587000, 957743352.045686
0.588000, 957318312.448093
0.589000, 956893272.850501
0.590000, 956456771.603419
0.591000, 956020270.356337
0.592000, 955572190.816896
0.593000, 955124111.277455
0.594000, 954664334.753081
0.595000, 954204558.228708
0.596000, 953732964.013866
0.597000, 953261369.799024
0.598000, 952777835.212846
0.599000, 952294300.626667
0.600000, 951798701.051463
0.601000, 951303101.476259
0.602000, 950795310.396925
0.603000, 950287519.317592
0.604000, 949767408.361901
0.605000, 949247297.406211
0.606000, 948714736.386004
0.607000, 948182175.365797
0.608000, 947637032.319060
0.609000, 947091889.272324
0.610000, 946534030.506169
0.611000, 945976171.740013
0.612000, 945405461.874548
0.613000, 944834752.009083
0.614000, 944251054.022182
0.615000, 943667356.035282
0.616000, 943070531.308252
0.617000, 942473706.581221
0.618000, 941863614.945362
0.619000, 941253523.309502
0.620000, 940630023.093564
0.621000, 940006522.877625
0.622000, 939369470.956160
0.623000, 938732419.034695
0.624000, 938081670.877301
0.625000, 937430922.719907
0.626000, 936766332.441362
0.627000, 936101742.162817
0.628000, 935423162.574104
0.629000, 934744582.985391
0.630000, 934051865.645602
0.631000, 933359148.305813
0.632000, 932652143.574944
0.633000, 931945138.844074
0.634000, 931223695.936689
0.635000, 930502253.029304
0.636000, 929766220.069081
0.637000, 929030187.108858
0.638000, 928279411.183998
0.639000, 927528635.259137
0.640000, 926762962.478637
0.641000, 925997289.698136
0.642000, 925216565.248924
0.643000, 924435840.799712
0.644000, 923639909.004629
0.645000, 922843977.209545
0.646000, 922032681.586169
0.647000, 921221385.962794
0.648000, 920394569.283107
0.649000, 919567752.603421
0.650000, 918725256.954300
0.651000, 917882761.305178
0.652000, 917024428.149700
0.653000, 916166094.994223
0.654000, 915291765.233790
0.655000, 914417435.473358
0.656000, 913526949.510617
0.657000, 912636463.547876
0.658000, 911729661.350422
0.659000, 910822859.152968
0.660000, 909899580.317837
0.661000, 908976301.482705
0.662000, 908036385.301619
0.663000, 907096469.120533
0.664000, 906139754.645910
0.665000, 905183040.171287
0.666000, 904209366.282982
0.667000, 903235692.394678
0.668000, 902244897.867454
0.669000, 901254103.340231
0.670000, 900246026.911942
0.671000, 899237950.483654
0.672000, 898212430.924118
0.673000, 897186911.364583
0.674000, 896143787.545141
0.675000, 895100663.725700
0.676000, 894039774.689437
0.677000, 892978885.653173
0.678000, 891900070.685779
0.679000, 890821255.718385
0.680000, 889724354.419652
0.681000, 888627453.120918
0.682000, 887512305.476840
0.683000, 886397157.832762
0.684000, 885263604.288229
0.685000, 884130050.743695
0.686000, 882977932.275748
0.687000, 881825813.807801
0.688000, 880654971.999449
0.689000, 879484130.191097
0.690000, 878294407.305645
0.691000, 877104684.420194
0.692000, 875895923.476091
0.693000, 874687162.531987
0.694000, 873459207.378142
0.695000, 872231252.224297
0.696000, 870983947.615862
0.697000, 869736643.007427
0.698000, 868469834.682012
0.699000, 867203026.356597
0.700000, 865916561.110893
0.701000, 864630095.865188
0.702000, 863323821.631969
0.703000, 862017547.398749
0.704000, 860691313.324239
0.705000, 859365079.249729
0.706000, 858018735.771293
0.707000, 856672392.292857
0.708000, 855305791.216994
0.709000, 853939190.141131
0.710000, 852552184.721743
0.711000, 851165179.302355
0.712000, 849757624.319258
0.713000, 848350069.336162
0.714000, 846921821.173816
0.715000, 845493573.011471
0.716000, 844044489.737890
0.717000, 842595406.464310
0.718000, 841125347.910130
0.719000, 839655289.355949
0.720000, 838164117.193612
0.721000, 836672945.031276
0.722000, 835160522.854315
0.723000, 833648100.677354
0.724000, 832114294.079725
0.725000, 830580487.482096
0.726000, 829025164.137542
0.727000, 827469840.792988
0.728000, 825892870.534388
0.729000, 824315900.275788
0.730000, 822717155.174467
0.731000, 821118410.073145
0.732000, 819497764.518103
0.733000, 817877118.963061
0.734000, 816234449.740090
0.735000, 814591780.517119
0.736000, 812926966.887767
0.737000, 811262153.258416
0.738000, 809575077.038772
0.739000, 807888000.819129
0.740000, 806178546.458378
0.741000, 804469092.097627
0.742000, 802737146.756349
0.743000, 801005201.415071
0.744000, 799250655.043243
0.745000, 797496108.671414
0.746000, 795718854.086075
0.747000, 793941599.500736
0.748000, 792141532.463281
0.749000, 790341465.425826
0.750000, 788518484.718885
0.751000, 786695504.011944
0.752000, 784849511.515814
0.753000, 783003519.019683
0.754000, 781134419.788261
0.755000, 779265320.556840
0.756000, 777373022.893039
0.757000, 775480725.229238
0.758000, 773565140.759819
0.759000, 771649556.290401
0.760000, 769710600.040207
0.761000, 767771643.790013
0.762000, 765809234.255543
0.763000, 763846824.721074
0.764000, 761860883.943377
0.765000, 759874943.165680
0.766000, 757865396.802504
0.767000, 755855850.439328
0.768000, 753822627.836511
0.769000, 751789405.233695
0.770000, 749732439.495736
0.771000, 747675473.757777
0.772000, 745594701.817553
0.773000, 743513929.877329
0.774000, 741409292.564919
0.775000, 739304655.252510
0.776000, 737176097.363087
0.777000, 735047539.473664
0.778000, 732895009.834403
0.779000, 730742480.195143
0.780000, 728565931.731121
0.781000, 726389383.267099
0.782000, 724188773.066128
0.783000, 721988162.865158
0.784000, 719763452.241528
0.785000, 717538741.617898
0.786000, 715289896.174975
0.787000, 713041050.732051
0.788000, 710768040.423695
0.789000, 708495030.115340
0.790000, 706197829.306112
0.791000, 703900628.496884
0.792000, 701579216.020983
0.793000, 699257803.545081
0.794000, 696912162.763987
0.795000, 694566521.982892
0.796000, 692196640.841670
0.797000, 689826759.700448
0.798000, 687432630.782675
0.799000, 685038501.864903
0.800000, 682620122.446180
0.801000, 680201743.027457
0.802000, 677759115.127460
0.803000, 675316487.227463
0.804000, 672849617.660512
0.805000, 670382748.093560
0.806000, 667891648.517647
0.807000, 665400548.941733
0.808000, 662885235.905993
0.809000, 660369922.870253
0.810000, 657830417.860827
0.811000, 655290912.851400
0.812000, 652727242.335659
0.813000, 650163571.819918
0.814000, 647575767.289014
0.815000, 644987962.758110
0.816000, 642376060.767819
0.817000, 639764158.777528
0.818000, 637128200.987347
0.819000, 634492243.197167
0.820000, 631832276.407637
0.821000, 629172309.618108
0.822000, 626488385.806329
0.823000, 623804461.994550
0.824000, 621096638.347850
0.825000, 618388814.701151
0.826000, 615657153.648890
0.827000, 612925492.596630
0.828000, 610170061.840098
0.829000, 607414631.083565
0.830000, 604635503.623943
0.831000, 601856376.164322
0.832000, 599053630.328693
0.833000, 596250884.493065
0.834000, 593424603.958430
0.835000, 590598323.423794
0.836000, 587748597.239069
0.837000, 584898871.054343
0.838000, 582025793.660321
0.839000, 579152716.266300
0.840000, 576256387.513549
0.841000, 573360058.760797
0.842000, 570440583.925455
0.843000, 567521109.090112
0.844000, 564578598.887581
0.845000, 561636088.685049
0.846000, 558670659.281548
0.847000, 555705229.878047
0.848000, 552717002.900009
0.849000, 549728775.921971
0.850000, 546717878.463266
0.851000, 543706981.004560
0.852000, 540673545.631517
0.853000, 537640110.258474
0.854000, 534584275.012700
0.855000, 531528439.766926
0.856000, 528450348.165886
0.857000, 525372256.564846
0.858000, 522272057.600208
0.859000, 519171858.635569
0.860000, 516049706.769282
0.861000, 512927554.902995
0.862000, 509783610.061103
0.863000, 506639665.219211
0.864000, 503474092.783382
0.865000, 500308520.347552
0.866000, 497121491.144310
0.867000, 493934461.941068
0.868000, 490726152.228730
0.869000, 487517842.516393
0.870000, 484288433.969692
0.871000, 481059025.422991
0.872000, 477808705.115382
0.873000, 474558384.807773
0.874000, 471287345.191417
0.875000, 468016305.575062
0.876000, 464724744.458491
0.877000, 461433183.341920
0.878000, 458121303.865365
0.879000, 454809424.388810
0.880000, 451477434.997206
0.881000, 448145445.605602
0.882000, 444793560.019262
0.883000, 441441674.432921
0.884000, 438070111.615882
0.885000, 434698548.798844
0.886000, 431307532.924893
0.887000, 427916517.050943
0.888000, 424506277.467317
0.889000, 421096037.883692
0.890000, 417666809.072468
0.891000, 414237580.261245
0.892000, 410789601.798422
0.893000, 407341623.335598
0.894000, 403875139.847877
0.895000, 400408656.360155
0.896000, 396923917.479437
0.897000, 393439178.598719
0.898000, 389936438.914320
0.899000, 386433699.229922
0.900000, 382913218.238528
0.901000, 379392737.247134
0.902000, 375854779.300501
0.903000, 372316821.353868
0.904000, 368761655.604290
0.905000, 365206489.854712
0.906000, 361634390.198271
0.907000, 358062290.541830
0.908000, 354473535.559446
0.909000, 350884780.577061
0.910000, 347279653.473362
0.911000, 343674526.369662
0.912000, 340053314.909695
0.913000, 336432103.449728
0.914000, 332795099.893536
0.915000, 329158096.337344
0.916000, 325505597.372429
0.917000, 321853098.407515
0.918000, 318185405.079212
0.919000, 314517711.750910
0.920000, 310835129.390706
0.921000, 307152547.030501
0.922000, 303455385.182313
0.923000, 299758223.334125
0.924000, 296046795.678584
0.925000, 292335368.023043
0.926000, 288609992.299798
0.927000, 284884616.576552
0.928000, 281145614.504636
0.929000, 277406612.432719
0.930000, 273654309.629005
0.931000, 269902006.825291
0.932000, 266136732.721079
0.933000, 262371458.616868
0.934000, 258593546.372628
0.935000, 254815634.128389
0.936000, 251025420.546705
0.937000, 247235206.965022
0.938000, 243433032.401775
0.939000, 239630857.838529
0.940000, 235817066.112350
0.941000, 232003274.386172
0.942000, 228178212.686220
0.943000, 224353150.986267
0.944000, 220517169.778353
0.945000, 216681188.570438
0.946000, 212834641.501559
0.947000, 208988094.432681
0.948000, 205131338.233995
0.949000, 201274582.035309
0.950000, 197407976.423596
0.951000, 193541370.811882
0.952000, 189665278.389538
0.953000, 185789185.967194
0.954000, 181903972.120812
0.955000, 178018758.274431
0.956000, 174124791.072004
0.957000, 170230823.869577
0.958000, 166328473.956381
0.959000, 162426124.043185
0.960000, 158515764.536387
0.961000, 154605405.029588
0.962000, 150687411.411629
0.963000, 146769417.793671
0.964000, 142844167.804484
0.965000, 138918917.815297
0.966000, 134986791.343395
0.967000, 131054664.871493
0.968000, 127116043.843995
0.969000, 123177422.816498
0.970000, 119232691.088142
0.971000, 115287959.359787
0.972000, 111337502.600979
0.973000, 107387045.842172
0.974000, 103431251.426133
0.975000, 99475457.010094
0.976000, 95514713.899155
0.977000, 91553970.788215
0.978000, 87588669.419322
0.979000, 83623368.050428
0.980000, 79653900.219903
0.981000, 75684432.389379
0.982000, 71711191.137013
0.983000, 67737949.884647
0.984000, 63761329.377156
0.985000, 59784708.869665
0.986000, 55805104.283592
0.987000, 51825499.697520
0.988000, 47843307.101628
0.989000, 43861114.505736
0.990000, 39876730.742950
0.991000, 35892346.980165
0.992000, 31906169.549132
0.993000, 27919992.118100
0.994000, 23932419.054417
0.995000, 19944845.990733
0.996000, 15956275.747900
0.997000, 11967705.505067
0.998000, 7978536.835239
0.999000, 3989368.165412
1.000000, 0.000000
