0.000000, 0.000000
0.001000, 206.889386
0.002000, 413.774688
0.003000, 620.659990
0.004000, 827.533041
0.005000, 1034.406092
0.006000, 1241.258724
0.007000, 1448.111357
0.008000, 1654.935405
0.009000, 1861.759453
0.010000, 2068.546752
0.011000, 2275.334050
0.012000, 2482.076436
0.013000, 2688.818821
0.014000, 2895.508131
0.015000, 3102.197442
0.016000, 3308.825518
0.017000, 3515.453593
0.018000, 3722.012277
0.019000, 3928.570961
0.020000, 4135.052098
0.021000, 4341.533235
0.022000, 4547.928673
0.023000, 4754.324112
0.024000, 4960.625705
0.025000, 5166.927297
0.026000, 5373.126899
0.027000, 5579.326501
0.028000, 5785.415972
0.029000, 5991.505443
0.030000, 6197.476646
0.031000, 6403.447850
0.032000, 6609.292655
0.033000, 6815.137460
0.034000, 7020.847740
0.035000, 7226.558020
0.036000, 7432.125654
0.037000, 7637.693287
0.038000, 7843.110160
0.039000, 8048.527032
0.040000, 8253.785034
0.041000, 8459.043035
0.042000, 8664.134062
0.043000, 8869.225089
0.044000, 9074.141045
0.045000, 9279.057002
0.046000, 9483.789797
0.047000, 9688.522593
0.048000, 9893.064145
0.049000, 10097.605697
0.050000, 10301.947932
0.051000, 10506.290166
0.052000, 10710.425015
0.053000, 10914.559864
0.054000, 11118.479269
0.055000, 11322.398674
0.056000, 11526.094585
0.057000, 11729.790496
0.058000, 11933.254870
0.059000, 12136.719245
0.060000, 12339.944051
0.061000, 12543.168857
0.062000, 12746.146072
0.063000, 12949.123287
0.064000, 13151.844897
0.065000, 13354.566507
0.066000, 13557.024509
0.067000, 13759.482512
0.068000, 13961.668914
0.069000, 14163.855316
0.070000, 14365.762135
0.071000, 14567.668955
0.072000, 14769.288221
0.073000, 14970.907487
0.074000, 15172.231241
0.075000, 15373.554994
0.076000, 15574.575287
0.077000, 15775.595580
0.078000, 15976.304475
0.079000, 16177.013371
0.080000, 16377.402947
0.081000, 16577.792522
0.082000, 16777.854866
0.083000, 16977.917210
0.084000, 17177.644425
0.085000, 17377.371639
0.086000, 17576.755839
0.087000, 17776.140039
0.088000, 17975.173353
0.089000, 18174.206668
0.090000, 18372.881239
0.091000, 18571.555810
0.092000, 18769.863794
0.093000, 18968.171778
0.094000, 19166.105347
0.095000, 19364.038916
0.096000, 19561.590256
0.097000, 19759.141595
0.098000, 19956.302906
0.099000, 20153.464216
0.100000, 20350.227715
0.101000, 20546.991214
0.102000, 20743.349132
0.103000, 20939.707051
0.104000, 21135.651638
0.105000, 21331.596225
0.106000, 21527.119744
0.107000, 21722.643263
0.108000, 21917.737996
0.109000, 22112.832729
0.110000, 22307.490974
0.111000, 22502.149218
0.112000, 22696.363290
0.113000, 22890.577361
0.114000, 23084.339592
0.115000, 23278.101823
0.116000, 23471.404564
0.117000, 23664.707305
0.118000, 23857.542926
0.119000, 24050.378546
0.120000, 24242.739432
0.121000, 24435.100318
0.122000, 24626.978876
0.123000, 24818.857435
0.124000, 25010.246090
0.125000, 25201.634745
0.126000, 25392.525942
0.127000, 25583.417139
0.128000, 25773.803340
0.129000, 25964.189542
0.130000, 26154.063233
0.131000, 26343.936924
0.132000, 26533.290608
0.133000, 26722.644293
0.134000, 26911.470495
0.135000, 27100.296697
0.136000, 27288.587962
0.137000, 27476.879228
0.138000, 27664.628123
0.139000, 27852.377018
0.140000, 28039.576132
0.141000, 28226.775245
0.142000, 28413.417186
0.143000, 28600.059127
0.144000, 28786.136527
0.145000, 28972.213927
0.146000, 29157.719441
0.147000, 29343.224954
0.148000, 29528.151258
0.149000, 29713.077561
0.150000, 29897.417354
0.151000, 30081.757146
0.152000, 30265.503151
0.153000, 30449.249155
0.154000, 30632.394118
0.155000, 30815.539080
0.156000, 30998.075770
0.157000, 31180.612460
0.158000, 31362.533672
0.159000, 31544.454883
0.160000, 31725.753434
0.161000, 31907.051985
0.162000, 32087.720718
0.163000, 32268.389451
0.164000, 32448.421234
0.165000, 32628.453017
0.166000, 32807.840742
0.167000, 32987.228467
0.168000, 33165.965052
0.169000, 33344.701637
0.170000, 33522.780027
0.171000, 33700.858416
0.172000, 33878.271580
0.173000, 34055.684743
0.174000, 34232.425676
0.175000, 34409.166609
0.176000, 34585.228335
0.177000, 34761.290061
0.178000, 34936.665629
0.179000, 35112.041196
0.180000, 35286.723682
0.181000, 35461.406169
0.182000, 35635.388677
0.183000, 35809.371185
0.184000, 35982.646847
0.185000, 36155.922509
0.186000, 36328.484484
0.187000, 36501.046459
0.188000, 36672.887934
0.189000, 36844.729410
0.190000, 37015.843602
0.191000, 37186.957794
0.192000, 37357.337948
0.193000, 37527.718101
0.194000, 37697.357490
0.195000, 37866.996878
0.196000, 38035.888804
0.197000, 38204.780731
0.198000, 38372.918527
0.199000, 38541.056324
0.200000, 38708.433353
0.201000, 38875.810382
0.202000, 39042.420036
0.203000, 39209.029690
0.204000, 39374.865392
0.205000, 39540.701093
0.206000, 39705.756295
0.207000, 39870.811496
0.208000, 40035.079682
0.209000, 40199.347868
0.210000, 40362.822554
0.211000, 40526.297239
0.212000, 40688.971970
0.213000, 40851.646701
0.214000, 41013.515055
0.215000, 41175.383410
0.216000, 41336.438997
0.217000, 41497.494585
0.218000, 41657.731047
0.219000, 41817.967510
0.220000, 41977.378522
0.221000, 42136.789533
0.222000, 42295.368801
0.223000, 42453.948068
0.224000, 42611.689331
0.225000, 42769.430594
0.226000, 42926.327625
0.227000, 43083.224656
0.228000, 43239.271261
0.229000, 43395.317866
0.230000, 43550.507885
0.231000, 43705.697903
0.232000, 43860.025209
0.233000, 44014.352514
0.234000, 44167.811014
0.235000, 44321.269514
0.236000, 44473.853150
0.237000, 44626.436786
0.238000, 44778.139535
0.239000, 44929.842283
0.240000, 45080.658155
0.241000, 45231.474026
0.242000, 45381.397067
0.243000, 45531.320109
0.244000, 45680.344400
0.245000, 45829.368692
0.246000, 45977.488352
0.247000, 46125.608011
0.248000, 46272.817190
0.249000, 46420.026370
0.250000, 46566.319258
0.251000, 46712.612145
0.252000, 46857.982966
0.253000, 47003.353787
0.254000, 47147.796802
0.255000, 47292.239817
0.256000, 47435.749323
0.257000, 47579.258830
0.258000, 47721.829162
0.259000, 47864.399495
0.260000, 48006.025025
0.261000, 48147.650556
0.262000, 48288.325693
0.263000, 48429.000830
0.264000, 48568.720020
0.265000, 48708.439210
0.266000, 48847.196937
0.267000, 48985.954664
0.268000, 49123.745450
0.269000, 49261.536237
0.270000, 49398.354642
0.271000, 49535.173048
0.272000, 49671.013672
0.273000, 49806.854296
0.274000, 49941.711775
0.275000, 50076.569254
0.276000, 50210.438265
0.277000, 50344.307275
0.278000, 50477.182532
0.279000, 50610.057789
0.280000, 50741.934047
0.281000, 50873.810305
0.282000, 51004.682357
0.283000, 51135.554410
0.284000, 51265.417090
0.285000, 51395.279770
0.286000, 51524.127952
0.287000, 51652.976133
0.288000, 51780.804729
0.289000, 51908.633325
0.290000, 52035.437289
0.291000, 52162.241253
0.292000, 52288.015579
0.293000, 52413.789905
0.294000, 52538.529628
0.295000, 52663.269351
0.296000, 52786.969545
0.297000, 52910.669740
0.298000, 53033.325524
0.299000, 53155.981307
0.300000, 53277.587837
0.301000, 53399.194367
0.302000, 53519.746842
0.303000, 53640.299318
0.304000, 53759.792980
0.305000, 53879.286642
0.306000, 53997.716773
0.307000, 54116.146904
0.308000, 54233.508828
0.309000, 54350.870753
0.310000, 54467.159838
0.311000, 54583.448923
0.312000, 54698.660577
0.313000, 54813.872232
0.314000, 54928.001907
0.315000, 55042.131582
0.316000, 55155.174773
0.317000, 55268.217964
0.318000, 55380.170208
0.319000, 55492.122451
0.320000, 55602.979328
0.321000, 55713.836205
0.322000, 55823.593338
0.323000, 55933.350471
0.324000, 56042.003528
0.325000, 56150.656584
0.326000, 56258.201275
0.327000, 56365.745966
0.328000, 56472.178045
0.329000, 56578.610124
0.330000, 56683.925390
0.331000, 56789.240656
0.332000, 56893.434951
0.333000, 56997.629246
0.334000, 57100.698457
0.335000, 57203.767667
0.336000, 57305.707724
0.337000, 57407.647782
0.338000, 57508.454661
0.339000, 57609.261540
0.340000, 57708.931262
0.341000, 57808.600984
0.342000, 57907.129613
0.343000, 58005.658243
0.344000, 58103.041890
0.345000, 58200.425538
0.346000, 58296.660359
0.347000, 58392.895180
0.348000, 58487.977375
0.349000, 58583.059570
0.350000, 58676.985386
0.351000, 58770.911202
0.352000, 58863.676930
0.353000, 58956.442658
0.354000, 59048.044637
0.355000, 59139.646615
0.356000, 59230.081228
0.357000, 59320.515840
0.358000, 59409.779517
0.359000, 59499.043193
0.360000, 59587.132409
0.361000, 59675.221625
0.362000, 59762.132904
0.363000, 59849.044182
0.364000, 59934.774092
0.365000, 60020.504001
0.366000, 60105.049157
0.367000, 60189.594313
0.368000, 60272.951379
0.369000, 60356.308444
0.370000, 60438.474127
0.371000, 60520.639810
0.372000, 60601.610868
0.373000, 60682.581925
0.374000, 60762.355161
0.375000, 60842.128396
0.376000, 60920.700660
0.377000, 60999.272924
0.378000, 61076.641114
0.379000, 61154.009305
0.380000, 61230.170367
0.381000, 61306.331430
0.382000, 61381.282358
0.383000, 61456.233286
0.384000, 61529.971121
0.385000, 61603.708956
0.386000, 61676.230786
0.387000, 61748.752616
0.388000, 61820.055579
0.389000, 61891.358542
0.390000, 61961.439822
0.391000, 62031.521103
0.392000, 62100.377934
0.393000, 62169.234765
0.394000, 62236.864429
0.395000, 62304.494092
0.396000, 62370.893919
0.397000, 62437.293745
0.398000, 62502.461113
0.399000, 62567.628480
0.400000, 62631.560817
0.401000, 62695.493153
0.402000, 62758.187934
0.403000, 62820.882715
0.404000, 62882.337465
0.405000, 62943.792215
0.406000, 63004.004509
0.407000, 63064.216803
0.408000, 63123.184263
0.409000, 63182.151724
0.410000, 63239.872022
0.411000, 63297.592321
0.412000, 63354.063179
0.413000, 63410.534037
0.414000, 63465.753226
0.415000, 63520.972415
0.416000, 63574.937754
0.417000, 63628.903093
0.418000, 63681.612452
0.419000, 63734.321811
0.420000, 63785.773109
0.421000, 63837.224407
0.422000, 63887.415613
0.423000, 63937.606819
0.424000, 63986.535951
0.425000, 64035.465083
0.426000, 64083.130210
0.427000, 64130.795337
0.428000, 64177.194577
0.429000, 64223.593817
0.430000, 64268.725339
0.431000, 64313.856860
0.432000, 64357.718881
0.433000, 64401.580902
0.434000, 64444.171690
0.435000, 64486.762479
0.436000, 64528.080354
0.437000, 64569.398229
0.438000, 64609.441560
0.439000, 64649.484891
0.440000, 64688.252096
0.441000, 64727.019301
0.442000, 64764.508850
0.443000, 64801.998399
0.444000, 64838.208812
0.445000, 64874.419226
0.446000, 64909.349073
0.447000, 64944.278921
0.448000, 64977.926824
0.449000, 65011.574728
0.450000, 65043.939358
0.451000, 65076.303988
0.452000, 65107.384068
0.453000, 65138.464148
0.454000, 65168.258451
0.455000, 65198.052753
0.456000, 65226.560102
0.457000, 65255.067450
0.458000, 65282.286720
0.459000, 65309.505989
0.460000, 65335.436105
0.461000, 65361.366221
0.462000, 65386.006159
0.463000, 65410.646097
0.464000, 65433.994885
0.465000, 65457.343674
0.466000, 65479.400390
0.467000, 65501.457106
0.468000, 65522.220880
0.469000, 65542.984653
0.470000, 65562.454664
0.471000, 65581.924675
0.472000, 65600.100156
0.473000, 65618.275636
0.474000, 65635.155867
0.475000, 65652.036099
0.476000, 65667.620415
0.477000, 65683.204732
0.478000, 65697.492518
0.479000, 65711.780304
0.480000, 65724.770996
0.481000, 65737.761688
0.482000, 65749.454773
0.483000, 65761.147858
0.484000, 65771.542874
0.485000, 65781.937891
0.486000, 65791.034428
0.487000, 65800.130965
0.488000, 65807.928663
0.489000, 65815.726362
0.490000, 65822.224915
0.491000, 65828.723467
0.492000, 65833.922617
0.493000, 65839.121767
0.494000, 65843.021310
0.495000, 65846.920852
0.496000, 65849.520632
0.497000, 65852.120412
0.498000, 65853.420328
0.499000, 65854.720244
0.500000, 65854.720244
0.501000, 65854.720244
0.502000, 65853.420328
0.503000, 65852.120412
0.504000, 65849.520632
0.505000, 65846.920852
0.506000, 65843.021310
0.507000, 65839.121767
0.508000, 65833.922617
0.509000, 65828.723467
0.510000, 65822.224915
0.511000, 65815.726362
0.512000, 65807.928663
0.513000, 65800.130965
0.514000, 65791.034428
0.515000, 65781.937891
0.516000, 65771.542874
0.517000, 65761.147858
0.518000, 65749.454773
0.519000, 65737.761688
0.520000, 65724.770996
0.521000, 65711.780304
0.522000, 65697.492518
0.523000, 65683.204732
0.524000, 65667.620415
0.525000, 65652.036099
0.526000, 65635.155867
0.527000, 65618.275636
0.528000, 65600.100156
0.529000, 65581.924675
0.530000, 65562.454664
0.531000, 65542.984653
0.532000, 65522.220880
0.533000, 65501.457106
0.534000, 65479.400390
0.535000, 65457.343674
0.536000, 65433.994885
0.537000, 65410.646097
0.538000, 65386.006159
0.539000, 65361.366221
0.540000, 65335.436105
0.541000, 65309.505989
0.542000, 65282.286720
0.543000, 65255.067450
0.544000, 65226.560102
0.545000, 65198.052753
0.546000, 65168.258451
0.547000, 65138.464148
0.548000, 65107.384068
0.549000, 65076.303988
0.550000, 65043.939358
0.551000, 65011.574728
0.552000, 64977.926824
0.553000, 64944.278921
0.554000, 64909.349073
0.555000, 64874.419226
0.556000, 64838.208812
0.557000, 64801.998399
0.558000, 64764.508850
0.559000, 64727.019301
0.560000, 64688.252096
0.561000, 64649.484891
0.562000, 64609.441560
0.563000, 64569.398229
0.564000, 64528.080354
0.565000, 64486.762479
0.566000, 64444.171690
0.567000, 64401.580902
0.568000, 64357.718881
0.569000, 64313.856860
0.570000, 64268.725339
0.571000, 64223.593817
0.572000, 64177.194577
0.573000, 64130.795337
0.574000, 64083.130210
0.575000, 64035.465083
0.576000, 63986.535951
0.577000, 63937.606819
0.578000, 63887.415613
0.579000, 63837.224407
0.580000, 63785.773109
0.581000, 63734.321811
0.582000, 63681.612452
0.583000, 63628.903093
0.584000, 63574.937754
0.585000, 63520.972415
0.586000, 63465.753226
0.587000, 63410.534037
0.588000, 63354.063179
0.589000, 63297.592321
0.590000, 63239.872022
0.591000, 63182.151724
0.592000, 63123.184263
0.593000, 63064.216803
0.594000, 63004.004509
0.595000, 62943.792215
0.596000, 62882.337465
0.597000, 62820.882715
0.598000, 62758.187934
0.599000, 62695.493153
0.600000, 62631.560817
0.601000, 62567.628480
0.602000, 62502.461113
0.603000, 62437.293745
0.604000, 62370.893919
0.605000, 62304.494092
0.606000, 62236.864429
0.607000, 62169.234765
0.608000, 62100.377934
0.609000, 62031.521103
0.610000, 61961.439822
0.611000, 61891.358542
0.612000, 61820.055579
0.613000, 61748.752616
0.614000, 61676.230786
0.615000, 61603.708956
0.616000, 61529.971121
0.617000, 61456.233286
0.618000, 61381.282358
0.619000, 61306.331430
0.620000, 61230.170367
0.621000, 61154.009305
0.622000, 61076.641114
0.623000, 60999.272924
0.624000, 60920.700660
0.625000, 60842.128396
0.626000, 60762.355161
0.627000, 60682.581925
0.628000, 60601.610868
0.629000, 60520.639810
0.630000, 60438.474127
0.631000, 60356.308444
0.632000, 60272.951379
0.633000, 60189.594313
0.634000, 60105.049157
0.635000, 60020.504001
0.636000, 59934.774092
0.637000, 59849.044182
0.638000, 59762.132904
0.639000, 59675.221625
0.640000, 59587.132409
0.641000, 59499.043193
0.642000, 59409.779517
0.643000, 59320.515840
0.644000, 59230.081228
0.645000, 59139.646615
0.646000, 59048.044637
0.647000, 58956.442658
0.648000, 58863.676930
0.649000, 58770.911202
0.650000, 58676.985386
0.651000, 58583.059570
0.652000, 58487.977375
0.653000, 58392.895180
0.654000, 58296.660359
0.655000, 58200.425538
0.656000, 58103.041890
0.657000, 58005.658243
0.658000, 57907.129613
0.659000, 57808.600984
0.660000, 57708.931262
0.661000, 57609.261540
0.662000, 57508.454661
0.663000, 57407.647782
0.664000, 57305.707724
0.665000, 57203.767667
0.666000, 57100.698457
0.667000, 56997.629246
0.668000, 56893.434951
0.669000, 56789.240656
0.670000, 56683.925390
0.671000, 56578.610124
0.672000, 56472.178045
0.673000, 56365.745966
0.674000, 56258.201275
0.675000, 56150.656584
0.676000, 56042.003528
0.677000, 55933.350471
0.678000, 55823.593338
0.679000, 55713.836205
0.680000, 55602.979328
0.681000, 55492.122451
0.682000, 55380.170208
0.683000, 55268.217964
0.684000, 55155.174773
0.685000, 55042.131582
0.686000, 54928.001907
0.687000, 54813.872232
0.688000, 54698.660577
0.689000, 54583.448923
0.690000, 54467.159838
0.691000, 54350.870753
0.692000, 54233.508828
0.693000, 54116.146904
0.694000, 53997.716773
0.695000, 53879.286642
0.696000, 53759.792980
0.697000, 53640.299318
0.698000, 53519.746842
0.699000, 53399.194367
0.700000, 53277.587837
0.701000, 53155.981307
0.702000, 53033.325524
0.703000, 52910.669740
0.704000, 52786.969545
0.705000, 52663.269351
0.706000, 52538.529628
0.707000, 52413.789905
0.708000, 52288.015579
0.709000, 52162.241253
0.710000, 52035.437289
0.711000, 51908.633325
0.712000, 51780.804729
0.713000, 51652.976133
0.714000, 51524.127952
0.715000, 51395.279770
0.716000, 51265.417090
0.717000, 51135.554410
0.718000, 51004.682357
0.719000, 50873.810305
0.720000, 50741.934047
0.721000, 50610.057789
0.722000, 50477.182532
0.723000, 50344.307275
0.724000, 50210.438265
0.725000, 50076.569254
0.726000, 49941.711775
0.727000, 49806.854296
0.728000, 49671.013672
0.729000, 49535.173048
0.730000, 49398.354642
0.731000, 49261.536237
0.732000, 49123.745450
0.733000, 48985.954664
0.734000, 48847.196937
0.735000, 48708.439210
0.736000, 48568.720020
0.737000, 48429.000830
0.738000, 48288.325693
0.739000, 48147.650556
0.740000, 48006.025025
0.741000, 47864.399495
0.742000, 47721.829162
0.743000, 47579.258830
0.744000, 47435.749323
0.745000, 47292.239817
0.746000, 47147.796802
0.747000, 47003.353787
0.748000, 46857.982966
0.749000, 46712.612145
0.750000, 46566.319258
0.751000, 46420.026370
0.752000, 46272.817190
0.753000, 46125.608011
0.754000, 45977.488352
0.755000, 45829.368692
0.756000, 45680.344400
0.757000, 45531.320109
0.758000, 45381.397067
0.759000, 45231.474026
0.760000, 45080.658155
0.761000, 44929.842283
0.762000, 44778.139535
0.763000, 44626.436786
0.764000, 44473.853150
0.765000, 44321.269514
0.766000, 44167.811014
0.767000, 44014.352514
0.768000, 43860.025209
0.769000, 43705.697903
0.770000, 43550.507885
0.771000, 43395.317866
0.772000, 43239.271261
0.773000, 43083.224656
0.774000, 42926.327625
0.775000, 42769.430594
0.776000, 42611.689331
0.777000, 42453.948068
0.778000, 42295.368801
0.779000, 42136.789533
0.780000, 41977.378522
0.781000, 41817.967510
0.782000, 41657.731047
0.783000, 41497.494585
0.784000, 41336.438997
0.785000, 41175.383410
0.786000, 41013.515055
0.787000, 40851.646701
0.788000, 40688.971970
0.789000, 40526.297239
0.790000, 40362.822554
0.791000, 40199.347868
0.792000, 40035.079682
0.793000, 39870.811496
0.794000, 39705.756295
0.795000, 39540.701093
0.796000, 39374.865392
0.797000, 39209.029690
0.798000, 39042.420036
0.799000, 38875.810382
0.800000, 38708.433353
0.801000, 38541.056324
0.802000, 38372.918527
0.803000, 38204.780731
0.804000, 38035.888804
0.805000, 37866.996878
0.806000, 37697.357490
0.807000, 37527.718101
0.808000, 37357.337948
0.809000, 37186.957794
0.810000, 37015.843602
0.811000, 36844.729410
0.812000, 36672.887934
0.813000, 36501.046459
0.814000, 36328.484484
0.815000, 36155.922509
0.816000, 35982.646847
0.817000, 35809.371185
0.818000, 35635.388677
0.819000, 35461.406169
0.820000, 35286.723682
0.821000, 35112.041196
0.822000, 34936.665629
0.823000, 34761.290061
0.824000, 34585.228335
0.825000, 34409.166609
0.826000, 34232.425676
0.827000, 34055.684743
0.828000, 33878.271580
0.829000, 33700.858416
0.830000, 33522.780027
0.831000, 33344.701637
0.832000, 33165.965052
0.833000, 32987.228467
0.834000, 32807.840742
0.835000, 32628.453017
0.836000, 32448.421234
0.837000, 32268.389451
0.838000, 32087.720718
0.839000, 31907.051985
0.840000, 31725.753434
0.841000, 31544.454883
0.842000, 31362.533672
0.843000, 31180.612460
0.844000, 30998.075770
0.845000, 30815.539080
0.846000, 30632.394118
0.847000, 30449.249155
0.848000, 30265.503151
0.849000, 30081.757146
0.850000, 29897.417354
0.851000, 29713.077561
0.852000, 29528.151258
0.853000, 29343.224954
0.854000, 29157.719441
0.855000, 28972.213927
0.856000, 28786.136527
0.857000, 28600.059127
0.858000, 28413.417186
0.859000, 28226.775245
0.860000, 28039.576132
0.861000, 27852.377018
0.862000, 27664.628123
0.863000, 27476.879228
0.864000, 27288.587962
0.865000, 27100.296697
0.866000, 26911.470495
0.867000, 26722.644293
0.868000, 26533.290608
0.869000, 26343.936924
0.870000, 26154.063233
0.871000, 25964.189542
0.872000, 25773.803340
0.873000, 25583.417139
0.874000, 25392.525942
0.875000, 25201.634745
0.876000, 25010.246090
0.877000, 24818.857435
0.878000, 24626.978876
0.879000, 24435.100318
0.880000, 24242.739432
0.881000, 24050.378546
0.882000, 23857.542926
0.883000, 23664.707305
0.884000, 23471.404564
0.885000, 23278.101823
0.886000, 23084.339592
0.887000, 22890.577361
0.888000, 22696.363290
0.889000, 22502.149218
0.890000, 22307.490974
0.891000, 22112.832729
0.892000, 21917.737996
0.893000, 21722.643263
0.894000, 21527.119744
0.895000, 21331.596225
0.896000, 21135.651638
0.897000, 20939.707051
0.898000, 20743.349132
0.899000, 20546.991214
0.900000, 20350.227715
0.901000, 20153.464216
0.902000, 19956.302906
0.903000, 19759.141595
0.904000, 19561.590256
0.905000, 19364.038916
0.906000, 19166.105347
0.907000, 18968.171778
0.908000, 18769.863794
0.909000, 18571.555810
0.910000, 18372.881239
0.911000, 18174.206668
0.912000, 17975.173353
0.913000, 17776.140039
0.914000, 17576.755839
0.915000, 17377.371639
0.916000, 17177.644425
0.917000, 16977.917210
0.918000, 16777.854866
0.919000, 16577.792522
0.920000, 16377.402947
0.921000, 16177.013371
0.922000, 15976.304475
0.923000, 15775.595580
0.924000, 15574.575287
0.925000, 15373.554994
0.926000, 15172.231241
0.927000, 14970.907487
0.928000, 14769.288221
0.929000, 14567.668955
0.930000, 14365.762135
0.931000, 14163.855316
0.932000, 13961.668914
0.933000, 13759.482512
0.934000, 13557.024509
0.935000, 13354.566507
0.936000, 13151.844897
0.937000, 12949.123287
0.938000, 12746.146072
0.939000, 12543.168857
0.940000, 12339.944051
0.941000, 12136.719245
0.942000, 11933.254870
0.943000, 11729.790496
0.944000, 11526.094585
0.945000, 11322.398674
0.946000, 11118.479269
0.947000, 10914.559864
0.948000, 10710.425015
0.949000, 10506.290166
0.950000, 10301.947932
0.951000, 10097.605697
0.952000, 9893.064145
0.953000, 9688.522593
0.954000, 9483.789797
0.955000, 9279.057002
0.956000, 9074.141045
0.957000, 8869.225089
0.958000, 8664.134062
0.959000, 8459.043035
0.960000, 8253.785034
0.961000, 8048.527032
0.962000, 7843.110160
0.963000, 7637.693287
0.964000, 7432.125654
0.965000, 7226.558020
0.966000, 7020.847740
0.967000, 6815.137460
0.968000, 6609.292655
0.969000, 6403.447850
0.970000, 6197.476646
0.971000, 5991.505443
0.972000, 5785.415972
0.973000, 5579.326501
0.974000, 5373.126899
0.975000, 5166.927297
0.976000, 4960.625705
0.977000, 4754.324112
0.978000, 4547.928673
0.979000, 4341.533235
0.980000, 4135.052098
0.981000, 3928.570961
0.982000, 3722.012277
0.983000, 3515.453593
0.984000, 3308.825518
0.985000, 3102.197442
0.986000, 2895.508131
0.987000, 2688.818821
0.988000, 2482.076436
0.989000, 2275.334050
0.990000, 2068.546752
0.991000, 1861.759453
0.992000, 1654.935405
0.993000, 1448.111357
0.994000, 1241.258724
0.995000, 1034.406092
0.996000, 827.533041
0.997000, 620.659990
0.998000, 413.774688
0.999000, 206.889386
1.000000, 0.000000
