0.000000, 0.000000
0.001000, 5.924646
0.002000, 11.849174
0.003000, 17.773703
0.004000, 23.697880
0.005000, 29.622058
0.006000, 35.545651
0.007000, 41.469244
0.008000, 47.392018
0.009000, 53.314793
0.010000, 59.236515
0.011000, 65.158237
0.012000, 71.078673
0.013000, 76.999109
0.014000, 82.918025
0.015000, 88.836941
0.016000, 94.754103
0.017000, 100.671266
0.018000, 106.586441
0.019000, 112.501616
0.020000, 118.414571
0.021000, 124.327525
0.022000, 130.238026
0.023000, 136.148526
0.024000, 142.056339
0.025000, 147.964152
0.026000, 153.869044
0.027000, 159.773937
0.028000, 165.675675
0.029000, 171.577414
0.030000, 177.475765
0.031000, 183.374117
0.032000, 189.268849
0.033000, 195.163581
0.034000, 201.054461
0.035000, 206.945341
0.036000, 212.832135
0.037000, 218.718930
0.038000, 224.601408
0.039000, 230.483885
0.040000, 236.361813
0.041000, 242.239741
0.042000, 248.112887
0.043000, 253.986034
0.044000, 259.854166
0.045000, 265.722299
0.046000, 271.585187
0.047000, 277.448075
0.048000, 283.305486
0.049000, 289.162897
0.050000, 295.014600
0.051000, 300.866303
0.052000, 306.712068
0.053000, 312.557832
0.054000, 318.397427
0.055000, 324.237022
0.056000, 330.070217
0.057000, 335.903411
0.058000, 341.729975
0.059000, 347.556540
0.060000, 353.376243
0.061000, 359.195947
0.062000, 365.008561
0.063000, 370.821174
0.064000, 376.626468
0.065000, 382.431762
0.066000, 388.229507
0.067000, 394.027252
0.068000, 399.817219
0.069000, 405.607186
0.070000, 411.389147
0.071000, 417.171108
0.072000, 422.944834
0.073000, 428.718560
0.074000, 434.483824
0.075000, 440.249088
0.076000, 446.005661
0.077000, 451.762235
0.078000, 457.509891
0.079000, 463.257547
0.080000, 468.996059
0.081000, 474.734571
0.082000, 480.463712
0.083000, 486.192853
0.084000, 491.912397
0.085000, 497.631941
0.086000, 503.341662
0.087000, 509.051383
0.088000, 514.751056
0.089000, 520.450729
0.090000, 526.140129
0.091000, 531.829528
0.092000, 537.508430
0.093000, 543.187332
0.094000, 548.855512
0.095000, 554.523692
0.096000, 560.180925
0.097000, 565.838159
0.098000, 571.484224
0.099000, 577.130289
0.100000, 582.764962
0.101000, 588.399634
0.102000, 594.022693
0.103000, 599.645751
0.104000, 605.256972
0.105000, 610.868194
0.106000, 616.467358
0.107000, 622.066522
0.108000, 627.653406
0.109000, 633.240291
0.110000, 638.814676
0.111000, 644.389061
0.112000, 649.950726
0.113000, 655.512392
0.114000, 661.061118
0.115000, 666.609844
0.116000, 672.145411
0.117000, 677.680979
0.118000, 683.203170
0.119000, 688.725361
0.120000, 694.233957
0.121000, 699.742553
0.122000, 705.237337
0.123000, 710.732121
0.124000, 716.212875
0.125000, 721.693630
0.126000, 727.160139
0.127000, 732.626648
0.128000, 738.078695
0.129000, 743.530742
0.130000, 748.968113
0.131000, 754.405484
0.132000, 759.827964
0.133000, 765.250443
0.134000, 770.657817
0.135000, 776.065191
0.136000, 781.457247
0.137000, 786.849302
0.138000, 792.225825
0.139000, 797.602349
0.140000, 802.963128
0.141000, 808.323908
0.142000, 813.668732
0.143000, 819.013556
0.144000, 824.342213
0.145000, 829.670870
0.146000, 834.983151
0.147000, 840.295431
0.148000, 845.591124
0.149000, 850.886818
0.150000, 856.165716
0.151000, 861.444614
0.152000, 866.706507
0.153000, 871.968401
0.154000, 877.213082
0.155000, 882.457764
0.156000, 887.685027
0.157000, 892.912290
0.158000, 898.121927
0.159000, 903.331565
0.160000, 908.523371
0.161000, 913.715177
0.162000, 918.888948
0.163000, 924.062718
0.164000, 929.218249
0.165000, 934.373779
0.166000, 939.510865
0.167000, 944.647952
0.168000, 949.766392
0.169000, 954.884832
0.170000, 959.984423
0.171000, 965.084015
0.172000, 970.164556
0.173000, 975.245098
0.174000, 980.306388
0.175000, 985.367679
0.176000, 990.409520
0.177000, 995.451361
0.178000, 1000.473552
0.179000, 1005.495743
0.180000, 1010.498087
0.181000, 1015.500431
0.182000, 1020.482729
0.183000, 1025.465028
0.184000, 1030.427084
0.185000, 1035.389141
0.186000, 1040.330760
0.187000, 1045.272379
0.188000, 1050.193365
0.189000, 1055.114352
0.190000, 1060.014511
0.191000, 1064.914670
0.192000, 1069.793809
0.193000, 1074.672947
0.194000, 1079.530873
0.195000, 1084.388799
0.196000, 1089.225319
0.197000, 1094.061840
0.198000, 1098.876765
0.199000, 1103.691690
0.200000, 1108.484828
0.201000, 1113.277967
0.202000, 1118.049131
0.203000, 1122.820295
0.204000, 1127.569295
0.205000, 1132.318295
0.206000, 1137.044945
0.207000, 1141.771594
0.208000, 1146.475705
0.209000, 1151.179817
0.210000, 1155.861205
0.211000, 1160.542594
0.212000, 1165.201074
0.213000, 1169.859554
0.214000, 1174.494942
0.215000, 1179.130331
0.216000, 1183.742444
0.217000, 1188.354557
0.218000, 1192.943213
0.219000, 1197.531869
0.220000, 1202.096887
0.221000, 1206.661905
0.222000, 1211.203104
0.223000, 1215.744303
0.224000, 1220.261505
0.225000, 1224.778707
0.226000, 1229.271732
0.227000, 1233.764758
0.228000, 1238.233430
0.229000, 1242.702102
0.230000, 1247.146244
0.231000, 1251.590386
0.232000, 1256.009823
0.233000, 1260.429260
0.234000, 1264.823817
0.235000, 1269.218374
0.236000, 1273.587878
0.237000, 1277.957381
0.238000, 1282.301659
0.239000, 1286.645937
0.240000, 1290.964818
0.241000, 1295.283699
0.242000, 1299.577012
0.243000, 1303.870325
0.244000, 1308.137900
0.245000, 1312.405476
0.246000, 1316.647146
0.247000, 1320.888816
0.248000, 1325.104412
0.249000, 1329.320009
0.250000, 1333.509366
0.251000, 1337.698723
0.252000, 1341.861675
0.253000, 1346.024627
0.254000, 1350.161009
0.255000, 1354.297392
0.256000, 1358.407042
0.257000, 1362.516692
0.258000, 1366.599447
0.259000, 1370.682202
0.260000, 1374.737901
0.261000, 1378.793600
0.262000, 1382.822083
0.263000, 1386.850565
0.264000, 1390.851673
0.265000, 1394.852780
0.266000, 1398.826355
0.267000, 1402.799929
0.268000, 1406.745813
0.269000, 1410.691697
0.270000, 1414.609736
0.271000, 1418.527774
0.272000, 1422.417812
0.273000, 1426.307850
0.274000, 1430.169733
0.275000, 1434.031617
0.276000, 1437.865194
0.277000, 1441.698772
0.278000, 1445.503891
0.279000, 1449.309010
0.280000, 1453.085521
0.281000, 1456.862032
0.282000, 1460.609786
0.283000, 1464.357540
0.284000, 1468.076389
0.285000, 1471.795238
0.286000, 1475.485035
0.287000, 1479.174832
0.288000, 1482.835431
0.289000, 1486.496030
0.290000, 1490.127287
0.291000, 1493.758544
0.292000, 1497.360316
0.293000, 1500.962087
0.294000, 1504.534231
0.295000, 1508.106375
0.296000, 1511.648750
0.297000, 1515.191125
0.298000, 1518.703591
0.299000, 1522.216058
0.300000, 1525.698477
0.301000, 1529.180896
0.302000, 1532.633131
0.303000, 1536.085365
0.304000, 1539.507279
0.305000, 1542.929192
0.306000, 1546.320650
0.307000, 1549.712107
0.308000, 1553.072975
0.309000, 1556.433842
0.310000, 1559.763987
0.311000, 1563.094132
0.312000, 1566.393422
0.313000, 1569.692713
0.314000, 1572.961019
0.315000, 1576.229325
0.316000, 1579.466518
0.317000, 1582.703711
0.318000, 1585.909662
0.319000, 1589.115614
0.320000, 1592.290198
0.321000, 1595.464782
0.322000, 1598.607872
0.323000, 1601.750963
0.324000, 1604.862437
0.325000, 1607.973910
0.326000, 1611.053644
0.327000, 1614.133377
0.328000, 1617.181249
0.329000, 1620.229121
0.330000, 1623.245011
0.331000, 1626.260901
0.332000, 1629.244690
0.333000, 1632.228479
0.334000, 1635.180049
0.335000, 1638.131619
0.336000, 1641.050854
0.337000, 1643.970088
0.338000, 1646.856873
0.339000, 1649.743657
0.340000, 1652.597877
0.341000, 1655.452096
0.342000, 1658.273639
0.343000, 1661.095182
0.344000, 1663.883935
0.345000, 1666.672689
0.346000, 1669.428545
0.347000, 1672.184400
0.348000, 1674.907248
0.349000, 1677.630095
0.350000, 1680.319828
0.351000, 1683.009561
0.352000, 1685.666073
0.353000, 1688.322584
0.354000, 1690.945770
0.355000, 1693.568955
0.356000, 1696.158711
0.357000, 1698.748467
0.358000, 1701.304691
0.359000, 1703.860915
0.360000, 1706.383507
0.361000, 1708.906098
0.362000, 1711.394957
0.363000, 1713.883816
0.364000, 1716.338845
0.365000, 1718.793873
0.366000, 1721.214974
0.367000, 1723.636075
0.368000, 1726.023153
0.369000, 1728.410230
0.370000, 1730.763191
0.371000, 1733.116151
0.372000, 1735.434902
0.373000, 1737.753652
0.374000, 1740.038100
0.375000, 1742.322549
0.376000, 1744.572605
0.377000, 1746.822662
0.378000, 1749.038238
0.379000, 1751.253813
0.380000, 1753.434821
0.381000, 1755.615828
0.382000, 1757.762181
0.383000, 1759.908534
0.384000, 1762.020148
0.385000, 1764.131763
0.386000, 1766.208554
0.387000, 1768.285346
0.388000, 1770.327233
0.389000, 1772.369120
0.390000, 1774.376022
0.391000, 1776.382924
0.392000, 1778.354762
0.393000, 1780.326600
0.394000, 1782.263295
0.395000, 1784.199991
0.396000, 1786.101468
0.397000, 1788.002945
0.398000, 1789.869129
0.399000, 1791.735312
0.400000, 1793.566128
0.401000, 1795.396945
0.402000, 1797.192321
0.403000, 1798.987698
0.404000, 1800.747564
0.405000, 1802.507430
0.406000, 1804.231716
0.407000, 1805.956002
0.408000, 1807.644640
0.409000, 1809.333278
0.410000, 1810.986202
0.411000, 1812.639125
0.412000, 1814.256269
0.413000, 1815.873412
0.414000, 1817.454712
0.415000, 1819.036011
0.416000, 1820.581405
0.417000, 1822.126798
0.418000, 1823.636224
0.419000, 1825.145651
0.420000, 1826.619050
0.421000, 1828.092450
0.422000, 1829.529764
0.423000, 1830.967078
0.424000, 1832.368251
0.425000, 1833.769424
0.426000, 1835.134400
0.427000, 1836.499375
0.428000, 1837.828100
0.429000, 1839.156825
0.430000, 1840.449246
0.431000, 1841.741667
0.432000, 1842.997734
0.433000, 1844.253801
0.434000, 1845.473464
0.435000, 1846.693127
0.436000, 1847.876338
0.437000, 1849.059549
0.438000, 1850.206261
0.439000, 1851.352973
0.440000, 1852.463141
0.441000, 1853.573309
0.442000, 1854.646889
0.443000, 1855.720469
0.444000, 1856.757418
0.445000, 1857.794368
0.446000, 1858.794646
0.447000, 1859.794924
0.448000, 1860.758492
0.449000, 1861.722059
0.450000, 1862.648878
0.451000, 1863.575697
0.452000, 1864.465730
0.453000, 1865.355764
0.454000, 1866.208977
0.455000, 1867.062189
0.456000, 1867.878548
0.457000, 1868.694907
0.458000, 1869.474379
0.459000, 1870.253851
0.460000, 1870.996406
0.461000, 1871.738961
0.462000, 1872.444569
0.463000, 1873.150178
0.464000, 1873.818812
0.465000, 1874.487446
0.466000, 1875.119079
0.467000, 1875.750713
0.468000, 1876.345320
0.469000, 1876.939928
0.470000, 1877.497486
0.471000, 1878.055045
0.472000, 1878.575532
0.473000, 1879.096019
0.474000, 1879.579414
0.475000, 1880.062810
0.476000, 1880.509094
0.477000, 1880.955379
0.478000, 1881.364535
0.479000, 1881.773691
0.480000, 1882.145703
0.481000, 1882.517715
0.482000, 1882.852567
0.483000, 1883.187419
0.484000, 1883.485099
0.485000, 1883.782779
0.486000, 1884.043274
0.487000, 1884.303770
0.488000, 1884.527071
0.489000, 1884.750372
0.490000, 1884.936469
0.491000, 1885.122567
0.492000, 1885.271454
0.493000, 1885.420341
0.494000, 1885.532011
0.495000, 1885.643681
0.496000, 1885.718131
0.497000, 1885.792580
0.498000, 1885.829805
0.499000, 1885.867031
0.500000, 1885.867031
0.501000, 1885.867031
0.502000, 1885.829805
0.503000, 1885.792580
0.504000, 1885.718131
0.505000, 1885.643681
0.506000, 1885.532011
0.507000, 1885.420341
0.508000, 1885.271454
0.509000, 1885.122567
0.510000, 1884.936469
0.511000, 1884.750372
0.512000, 1884.527071
0.513000, 1884.303770
0.514000, 1884.043274
0.515000, 1883.782779
0.516000, 1883.485099
0.517000, 1883.187419
0.518000, 1882.852567
0.519000, 1882.517715
0.520000, 1882.145703
0.521000, 1881.773691
0.522000, 1881.364535
0.523000, 1880.955379
0.524000, 1880.509094
0.525000, 1880.062810
0.526000, 1879.579414
0.527000, 1879.096019
0.528000, 1878.575532
0.529000, 1878.055045
0.530000, 1877.497486
0.531000, 1876.939928
0.532000, 1876.345320
0.533000, 1875.750713
0.534000, 1875.119079
0.535000, 1874.487446
0.536000, 1873.818812
0.537000, 1873.150178
0.538000, 1872.444569
0.539000, 1871.738961
0.540000, 1870.996406
0.541000, 1870.253851
0.542000, 1869.474379
0.543000, 1868.694907
0.544000, 1867.878548
0.545000, 1867.062189
0.546000, 1866.208977
0.547000, 1865.355764
0.548000, 1864.465730
0.549000, 1863.575697
0.550000, 1862.648878
0.551000, 1861.722059
0.552000, 1860.758492
0.553000, 1859.794924
0.554000, 1858.794646
0.555000, 1857.794368
0.556000, 1856.757418
0.557000, 1855.720469
0.558000, 1854.646889
0.559000, 1853.573309
0.560000, 1852.463141
0.561000, 1851.352973
0.562000, 1850.206261
0.563000, 1849.059549
0.564000, 1847.876338
0.565000, 1846.693127
0.566000, 1845.473464
0.567000, 1844.253801
0.568000, 1842.997734
0.569000, 1841.741667
0.570000, 1840.449246
0.571000, 1839.156825
0.572000, 1837.828100
0.573000, 1836.499375
0.574000, 1835.134400
0.575000, 1833.769424
0.576000, 1832.368251
0.577000, 1830.967078
0.578000, 1829.529764
0.579000, 1828.092450
0.580000, 1826.619050
0.581000, 1825.145651
0.582000, 1823.636224
0.583000, 1822.126798
0.584000, 1820.581405
0.585000, 1819.036011
0.586000, 1817.454712
0.587000, 1815.873412
0.588000, 1814.256269
0.589000, 1812.639125
0.590000, 1810.986202
0.591000, 1809.333278
0.592000, 1807.644640
0.593000, 1805.956002
0.594000, 1804.231716
0.595000, 1802.507430
0.596000, 1800.747564
0.597000, 1798.987698
0.598000, 1797.192321
0.599000, 1795.396945
0.600000, 1793.566128
0.601000, 1791.735312
0.602000, 1789.869129
0.603000, 1788.002945
0.604000, 1786.101468
0.605000, 1784.199991
0.606000, 1782.263295
0.607000, 1780.326600
0.608000, 1778.354762
0.609000, 1776.382924
0.610000, 1774.376022
0.611000, 1772.369120
0.612000, 1770.327233
0.613000, 1768.285346
0.614000, 1766.208554
0.615000, 1764.131763
0.616000, 1762.020148
0.617000, 1759.908534
0.618000, 1757.762181
0.619000, 1755.615828
0.620000, 1753.434821
0.621000, 1751.253813
0.622000, 1749.038238
0.623000, 1746.822662
0.624000, 1744.572605
0.625000, 1742.322549
0.626000, 1740.038100
0.627000, 1737.753652
0.628000, 1735.434902
0.629000, 1733.116151
0.630000, 1730.763191
0.631000, 1728.410230
0.632000, 1726.023153
0.633000, 1723.636075
0.634000, 1721.214974
0.635000, 1718.793873
0.636000, 1716.338845
0.637000, 1713.883816
0.638000, 1711.394957
0.639000, 1708.906098
0.640000, 1706.383507
0.641000, 1703.860915
0.642000, 1701.304691
0.643000, 1698.748467
0.644000, 1696.158711
0.645000, 1693.568955
0.646000, 1690.945770
0.647000, 1688.322584
0.648000, 1685.666073
0.649000, 1683.009561
0.650000, 1680.319828
0.651000, 1677.630095
0.652000, 1674.907248
0.653000, 1672.184400
0.654000, 1669.428545
0.655000, 1666.672689
0.656000, 1663.883935
0.657000, 1661.095182
0.658000, 1658.273639
0.659000, 1655.452096
0.660000, 1652.597877
0.661000, 1649.743657
0.662000, 1646.856873
0.663000, 1643.970088
0.664000, 1641.050854
0.665000, 1638.131619
0.666000, 1635.180049
0.667000, 1632.228479
0.668000, 1629.244690
0.669000, 1626.260901
0.670000, 1623.245011
0.671000, 1620.229121
0.672000, 1617.181249
0.673000, 1614.133377
0.674000, 1611.053644
0.675000, 1607.973910
0.676000, 1604.862437
0.677000, 1601.750963
0.678000, 1598.607872
0.679000, 1595.464782
0.680000, 1592.290198
0.681000, 1589.115614
0.682000, 1585.909662
0.683000, 1582.703711
0.684000, 1579.466518
0.685000, 1576.229325
0.686000, 1572.961019
0.687000, 1569.692713
0.688000, 1566.393422
0.689000, 1563.094132
0.690000, 1559.763987
0.691000, 1556.433842
0.692000, 1553.072975
0.693000, 1549.712107
0.694000, 1546.320650
0.695000, 1542.929192
0.696000, 1539.507279
0.697000, 1536.085365
0.698000, 1532.633131
0.699000, 1529.180896
0.700000, 1525.698477
0.701000, 1522.216058
0.702000, 1518.703591
0.703000, 1515.191125
0.704000, 1511.648750
0.705000, 1508.106375
0.706000, 1504.534231
0.707000, 1500.962087
0.708000, 1497.360316
0.709000, 1493.758544
0.710000, 1490.127287
0.711000, 1486.496030
0.712000, 1482.835431
0.713000, 1479.174832
0.714000, 1475.485035
0.715000, 1471.795238
0.716000, 1468.076389
0.717000, 1464.357540
0.718000, 1460.609786
0.719000, 1456.862032
0.720000, 1453.085521
0.721000, 1449.309010
0.722000, 1445.503891
0.723000, 1441.698772
0.724000, 1437.865194
0.725000, 1434.031617
0.726000, 1430.169733
0.727000, 1426.307850
0.728000, 1422.417812
0.729000, 1418.527774
0.730000, 1414.609736
0.731000, 1410.691697
0.732000, 1406.745813
0.733000, 1402.799929
0.734000, 1398.826355
0.735000, 1394.852780
0.736000, 1390.851673
0.737000, 1386.850565
0.738000, 1382.822083
0.739000, 1378.793600
0.740000, 1374.737901
0.741000, 1370.682202
0.742000, 1366.599447
0.743000, 1362.516692
0.744000, 1358.407042
0.745000, 1354.297392
0.746000, 1350.161009
0.747000, 1346.024627
0.748000, 1341.861675
0.749000, 1337.698723
0.750000, 1333.509366
0.751000, 1329.320009
0.752000, 1325.104412
0.753000, 1320.888816
0.754000, 1316.647146
0.755000, 1312.405476
0.756000, 1308.137900
0.757000, 1303.870325
0.758000, 1299.577012
0.759000, 1295.283699
0.760000, 1290.964818
0.761000, 1286.645937
0.762000, 1282.301659
0.763000, 1277.957381
0.764000, 1273.587878
0.765000, 1269.218374
0.766000, 1264.823817
0.767000, 1260.429260
0.768000, 1256.009823
0.769000, 1251.590386
0.770000, 1247.146244
0.771000, 1242.702102
0.772000, 1238.233430
0.773000, 1233.764758
0.774000, 1229.271732
0.775000, 1224.778707
0.776000, 1220.261505
0.777000, 1215.744303
0.778000, 1211.203104
0.779000, 1206.661905
0.780000, 1202.096887
0.781000, 1197.531869
0.782000, 1192.943213
0.783000, 1188.354557
0.784000, 1183.742444
0.785000, 1179.130331
0.786000, 1174.494942
0.787000, 1169.859554
0.788000, 1165.201074
0.789000, 1160.542594
0.790000, 1155.861205
0.791000, 1151.179817
0.792000, 1146.475705
0.793000, 1141.771594
0.794000, 1137.044945
0.795000, 1132.318295
0.796000, 1127.569295
0.797000, 1122.820295
0.798000, 1118.049131
0.799000, 1113.277967
0.800000, 1108.484828
0.801000, 1103.691690
0.802000, 1098.876765
0.803000, 1094.061840
0.804000, 1089.225319
0.805000, 1084.388799
0.806000, 1079.530873
0.807000, 1074.672947
0.808000, 1069.793809
0.809000, 1064.914670
0.810000, 1060.014511
0.811000, 1055.114352
0.812000, 1050.193365
0.813000, 1045.272379
0.814000, 1040.330760
0.815000, 1035.389141
0.816000, 1030.427084
0.817000, 1025.465028
0.818000, 1020.482729
0.819000, 1015.500431
0.820000, 1010.498087
0.821000, 1005.495743
0.822000, 1000.473552
0.823000, 995.451361
0.824000, 990.409520
0.825000, 985.367679
0.826000, 980.306388
0.827000, 975.245098
0.828000, 970.164556
0.829000, 965.084015
0.830000, 959.984423
0.831000, 954.884832
0.832000, 949.766392
0.833000, 944.647952
0.834000, 939.510865
0.835000, 934.373779
0.836000, 929.218249
0.837000, 924.062718
0.838000, 918.888948
0.839000, 913.715177
0.840000, 908.523371
0.841000, 903.331565
0.842000, 898.121927
0.843000, 892.912290
0.844000, 887.685027
0.845000, 882.457764
0.846000, 877.213082
0.847000, 871.968401
0.848000, 866.706507
0.849000, 861.444614
0.850000, 856.165716
0.851000, 850.886818
0.852000, 845.591124
0.853000, 840.295431
0.854000, 834.983151
0.855000, 829.670870
0.856000, 824.342213
0.857000, 819.013556
0.858000, 813.668732
0.859000, 808.323908
0.860000, 802.963128
0.861000, 797.602349
0.862000, 792.225825
0.863000, 786.849302
0.864000, 781.457247
0.865000, 776.065191
0.866000, 770.657817
0.867000, 765.250443
0.868000, 759.827964
0.869000, 754.405484
0.870000, 748.968113
0.871000, 743.530742
0.872000, 738.078695
0.873000, 732.626648
0.874000, 727.160139
0.875000, 721.693630
0.876000, 716.212875
0.877000, 710.732121
0.878000, 705.237337
0.879000, 699.742553
0.880000, 694.233957
0.881000, 688.725361
0.882000, 683.203170
0.883000, 677.680979
0.884000, 672.145411
0.885000, 666.609844
0.886000, 661.061118
0.887000, 655.512392
0.888000, 649.950726
0.889000, 644.389061
0.890000, 638.814676
0.891000, 633.240291
0.892000, 627.653406
0.893000, 622.066522
0.894000, 616.467358
0.895000, 610.868194
0.896000, 605.256972
0.897000, 599.645751
0.898000, 594.022693
0.899000, 588.399634
0.900000, 582.764962
0.901000, 577.130289
0.902000, 571.484224
0.903000, 565.838159
0.904000, 560.180925
0.905000, 554.523692
0.906000, 548.855512
0.907000, 543.187332
0.908000, 537.508430
0.909000, 531.829528
0.910000, 526.140129
0.911000, 520.450729
0.912000, 514.751056
0.913000, 509.051383
0.914000, 503.341662
0.915000, 497.631941
0.916000, 491.912397
0.917000, 486.192853
0.918000, 480.463712
0.919000, 474.734571
0.920000, 468.996059
0.921000, 463.257547
0.922000, 457.509891
0.923000, 451.762235
0.924000, 446.005661
0.925000, 440.249088
0.926000, 434.483824
0.927000, 428.718560
0.928000, 422.944834
0.929000, 417.171108
0.930000, 411.389147
0.931000, 405.607186
0.932000, 399.817219
0.933000, 394.027252
0.934000, 388.229507
0.935000, 382.431762
0.936000, 376.626468
0.937000, 370.821174
0.938000, 365.008561
0.939000, 359.195947
0.940000, 353.376243
0.941000, 347.556540
0.942000, 341.729975
0.943000, 335.903411
0.944000, 330.070217
0.945000, 324.237022
0.946000, 318.397427
0.947000, 312.557832
0.948000, 306.712068
0.949000, 300.866303
0.950000, 295.014600
0.951000, 289.162897
0.952000, 283.305486
0.953000, 277.448075
0.954000, 271.585187
0.955000, 265.722299
0.956000, 259.854166
0.957000, 253.986034
0.958000, 248.112887
0.959000, 242.239741
0.960000, 236.361813
0.961000, 230.483885
0.962000, 224.601408
0.963000, 218.718930
0.964000, 212.832135
0.965000, 206.945341
0.966000, 201.054461
0.967000, 195.163581
0.968000, 189.268849
0.969000, 183.374117
0.970000, 177.475765
0.971000, 171.577414
0.972000, 165.675675
0.973000, 159.773937
0.974000, 153.869044
0.975000, 147.964152
0.976000, 142.056339
0.977000, 136.148526
0.978000, 130.238026
0.979000, 124.327525
0.980000, 118.414571
0.981000, 112.501616
0.982000, 106.586441
0.983000, 100.671266
0.984000, 94.754103
0.985000, 88.836941
0.986000, 82.918025
0.987000, 76.999109
0.988000, 71.078673
0.989000, 65.158237
0.990000, 59.236515
0.991000, 53.314793
0.992000, 47.392018
0.993000, 41.469244
0.994000, 35.545651
0.995000, 29.622058
0.996000, 23.697880
0.997000, 17.773703
0.998000, 11.849174
0.999000, 5.924646
1.000000, 0.000000
