0.000000, 0.000000
0.001000, 1489.369880
0.002000, 2978.710362
0.003000, 4468.050843
0.004000, 5957.303129
0.005000, 7446.555414
0.006000, 8935.660712
0.007000, 10424.766009
0.008000, 11913.665530
0.009000, 13402.565051
0.010000, 14891.200017
0.011000, 16379.834983
0.012000, 17868.146626
0.013000, 19356.458268
0.014000, 20844.387830
0.015000, 22332.317392
0.016000, 23819.806134
0.017000, 25307.294875
0.018000, 26794.284072
0.019000, 28281.273269
0.020000, 29767.704218
0.021000, 31254.135167
0.022000, 32739.949186
0.023000, 34225.763205
0.024000, 35710.901637
0.025000, 37196.040069
0.026000, 38680.444283
0.027000, 40164.848497
0.028000, 41648.459891
0.029000, 43132.071285
0.030000, 44614.831289
0.031000, 46097.591293
0.032000, 47579.441370
0.033000, 49061.291447
0.034000, 50542.173096
0.035000, 52023.054745
0.036000, 53502.909503
0.037000, 54982.764262
0.038000, 56461.533708
0.039000, 57940.303154
0.040000, 59417.928907
0.041000, 60895.554661
0.042000, 62371.978389
0.043000, 63848.402117
0.044000, 65323.565532
0.045000, 66798.728947
0.046000, 68272.573812
0.047000, 69746.418677
0.048000, 71218.886808
0.049000, 72691.354938
0.050000, 74162.388204
0.051000, 75633.421469
0.052000, 77102.961796
0.053000, 78572.502122
0.054000, 80040.491495
0.055000, 81508.480868
0.056000, 82974.861333
0.057000, 84441.241797
0.058000, 85905.955465
0.059000, 87370.669132
0.060000, 88833.658177
0.061000, 90296.647222
0.062000, 91757.853888
0.063000, 93219.060555
0.064000, 94678.427157
0.065000, 96137.793759
0.066000, 97595.262683
0.067000, 99052.731607
0.068000, 100508.245315
0.069000, 101963.759023
0.070000, 103417.260054
0.071000, 104870.761085
0.072000, 106322.192057
0.073000, 107773.623028
0.074000, 109222.926641
0.075000, 110672.230254
0.076000, 112119.349292
0.077000, 113566.468329
0.078000, 115011.345662
0.079000, 116456.222995
0.080000, 117898.801581
0.081000, 119341.380168
0.082000, 120781.603058
0.083000, 122221.825948
0.084000, 123659.636284
0.085000, 125097.446620
0.086000, 126532.787639
0.087000, 127968.128658
0.088000, 129400.943696
0.089000, 130833.758734
0.090000, 132263.991226
0.091000, 133694.223717
0.092000, 135121.817199
0.093000, 136549.410682
0.094000, 137974.308795
0.095000, 139399.206909
0.096000, 140821.353401
0.097000, 142243.499894
0.098000, 143662.838622
0.099000, 145082.177349
0.100000, 146498.652279
0.101000, 147915.127209
0.102000, 149328.682421
0.103000, 150742.237632
0.104000, 152152.817321
0.105000, 153563.397011
0.106000, 154970.945490
0.107000, 156378.493969
0.108000, 157782.955670
0.109000, 159187.417372
0.110000, 160588.736850
0.111000, 161990.056328
0.112000, 163388.178261
0.113000, 164786.300194
0.114000, 166181.169387
0.115000, 167576.038579
0.116000, 168967.599964
0.117000, 170359.161350
0.118000, 171747.359991
0.119000, 173135.558632
0.120000, 174520.339725
0.121000, 175905.120819
0.122000, 177286.429695
0.123000, 178667.738572
0.124000, 180045.520701
0.125000, 181423.302830
0.126000, 182797.503818
0.127000, 184171.704806
0.128000, 185542.270402
0.129000, 186912.835998
0.130000, 188279.712095
0.131000, 189646.588192
0.132000, 191009.720828
0.133000, 192372.853464
0.134000, 193732.188824
0.135000, 195091.524184
0.136000, 196447.008604
0.137000, 197802.493025
0.138000, 199154.072994
0.139000, 200505.652962
0.140000, 201853.275121
0.141000, 203200.897280
0.142000, 204544.508427
0.143000, 205888.119574
0.144000, 207227.666666
0.145000, 208567.213757
0.146000, 209902.643911
0.147000, 211238.074064
0.148000, 212569.334559
0.149000, 213900.595054
0.150000, 215227.633334
0.151000, 216554.671614
0.152000, 217877.435291
0.153000, 219200.198967
0.154000, 220518.635819
0.155000, 221837.072671
0.156000, 223151.130650
0.157000, 224465.188628
0.158000, 225774.815855
0.159000, 227084.443083
0.160000, 228389.587858
0.161000, 229694.732633
0.162000, 230995.343431
0.163000, 232295.954229
0.164000, 233591.979703
0.165000, 234888.005177
0.166000, 236179.394164
0.167000, 237470.783150
0.168000, 238757.484666
0.169000, 240044.186183
0.170000, 241326.149432
0.171000, 242608.112682
0.172000, 243885.287055
0.173000, 245162.461429
0.174000, 246434.796505
0.175000, 247707.131581
0.176000, 248974.577130
0.177000, 250242.022680
0.178000, 251504.528666
0.179000, 252767.034652
0.180000, 254024.551233
0.181000, 255282.067814
0.182000, 256534.545346
0.183000, 257787.022878
0.184000, 259034.411915
0.185000, 260281.800951
0.186000, 261524.052248
0.187000, 262766.303545
0.188000, 264003.368060
0.189000, 265240.432574
0.190000, 266472.261470
0.191000, 267704.090366
0.192000, 268930.635012
0.193000, 270157.179659
0.194000, 271378.391634
0.195000, 272599.603608
0.196000, 273815.434700
0.197000, 275031.265792
0.198000, 276241.668003
0.199000, 277452.070213
0.200000, 278656.995757
0.201000, 279861.921301
0.202000, 281061.322610
0.203000, 282260.723920
0.204000, 283454.553644
0.205000, 284648.383368
0.206000, 285836.594377
0.207000, 287024.805386
0.208000, 288207.350771
0.209000, 289389.896156
0.210000, 290566.729232
0.211000, 291743.562308
0.212000, 292914.636616
0.213000, 294085.710924
0.214000, 295250.980232
0.215000, 296416.249539
0.216000, 297575.667844
0.217000, 298735.086149
0.218000, 299888.607679
0.219000, 301042.129209
0.220000, 302189.708425
0.221000, 303337.287641
0.222000, 304478.879239
0.223000, 305620.470837
0.224000, 306756.029748
0.225000, 307891.588659
0.226000, 309021.070054
0.227000, 310150.551449
0.228000, 311273.910738
0.229000, 312397.270026
0.230000, 313514.462860
0.231000, 314631.655694
0.232000, 315742.637968
0.233000, 316853.620243
0.234000, 317958.348098
0.235000, 319063.075953
0.236000, 320161.505777
0.237000, 321259.935600
0.238000, 322352.024027
0.239000, 323444.112454
0.240000, 324529.816371
0.241000, 325615.520289
0.242000, 326694.796834
0.243000, 327774.073380
0.244000, 328846.879946
0.245000, 329919.686512
0.246000, 330985.980746
0.247000, 332052.274980
0.248000, 333112.014787
0.249000, 334171.754593
0.250000, 335224.898135
0.251000, 336278.041677
0.252000, 337324.547378
0.253000, 338371.053080
0.254000, 339410.879626
0.255000, 340450.706172
0.256000, 341483.812513
0.257000, 342516.918854
0.258000, 343543.264205
0.259000, 344569.609555
0.260000, 345589.153396
0.261000, 346608.697237
0.262000, 347621.399319
0.263000, 348634.101402
0.264000, 349639.921745
0.265000, 350645.742089
0.266000, 351644.640985
0.267000, 352643.539882
0.268000, 353635.477897
0.269000, 354627.415913
0.270000, 355612.353886
0.271000, 356597.291860
0.272000, 357575.190908
0.273000, 358553.089957
0.274000, 359523.911474
0.275000, 360494.732991
0.276000, 361458.438651
0.277000, 362422.144311
0.278000, 363378.696068
0.279000, 364335.247826
0.280000, 365284.607917
0.281000, 366233.968008
0.282000, 367176.098954
0.283000, 368118.229901
0.284000, 369053.094508
0.285000, 369987.959116
0.286000, 370915.520478
0.287000, 371843.081840
0.288000, 372763.303338
0.289000, 373683.524836
0.290000, 374596.370141
0.291000, 375509.215446
0.292000, 376414.648520
0.293000, 377320.081595
0.294000, 378218.066694
0.295000, 379116.051794
0.296000, 380006.553467
0.297000, 380897.055140
0.298000, 381780.038231
0.299000, 382663.021322
0.300000, 383538.450973
0.301000, 384413.880624
0.302000, 385281.722274
0.303000, 386149.563923
0.304000, 387009.783312
0.305000, 387870.002700
0.306000, 388722.565866
0.307000, 389575.129032
0.308000, 390420.002319
0.309000, 391264.875606
0.310000, 392102.025659
0.311000, 392939.175712
0.312000, 393768.569482
0.313000, 394597.963253
0.314000, 395419.567997
0.315000, 396241.172741
0.316000, 397054.956024
0.317000, 397868.739307
0.318000, 398674.669001
0.319000, 399480.598696
0.320000, 400278.642985
0.321000, 401076.687274
0.322000, 401866.814653
0.323000, 402656.942032
0.324000, 403439.121308
0.325000, 404221.300584
0.326000, 404995.500877
0.327000, 405769.701170
0.328000, 406535.891917
0.329000, 407302.082664
0.330000, 408060.233616
0.331000, 408818.384569
0.332000, 409568.465796
0.333000, 410318.547024
0.334000, 411060.528914
0.335000, 411802.510805
0.336000, 412536.364067
0.337000, 413270.217328
0.338000, 413995.912990
0.339000, 414721.608651
0.340000, 415439.118063
0.341000, 416156.627475
0.342000, 416865.922311
0.343000, 417575.217148
0.344000, 418276.269407
0.345000, 418977.321666
0.346000, 419670.103671
0.347000, 420362.885677
0.348000, 421047.370079
0.349000, 421731.854481
0.350000, 422408.014257
0.351000, 423084.174033
0.352000, 423751.982490
0.353000, 424419.790947
0.354000, 425079.221720
0.355000, 425738.652494
0.356000, 426389.679551
0.357000, 427040.706608
0.358000, 427683.304247
0.359000, 428325.901886
0.360000, 428960.044738
0.361000, 429594.187591
0.362000, 430219.850622
0.363000, 430845.513653
0.364000, 431462.672162
0.365000, 432079.830672
0.366000, 432688.460295
0.367000, 433297.089919
0.368000, 433897.166629
0.369000, 434497.243338
0.370000, 435088.743445
0.371000, 435680.243551
0.372000, 436263.143702
0.373000, 436846.043854
0.374000, 437420.321038
0.375000, 437994.598222
0.376000, 438560.229768
0.377000, 439125.861314
0.378000, 439682.824892
0.379000, 440239.788469
0.380000, 440788.062090
0.381000, 441336.335711
0.382000, 441875.897731
0.383000, 442415.459750
0.384000, 442946.288867
0.385000, 443477.117984
0.386000, 443999.193243
0.387000, 444521.268501
0.388000, 445034.569290
0.389000, 445547.870080
0.390000, 446052.376135
0.391000, 446556.882191
0.392000, 447052.573596
0.393000, 447548.265001
0.394000, 448035.122187
0.395000, 448521.979373
0.396000, 448999.983118
0.397000, 449477.986864
0.398000, 449947.118299
0.399000, 450416.249734
0.400000, 450876.490338
0.401000, 451336.730942
0.402000, 451788.062545
0.403000, 452239.394148
0.404000, 452681.798933
0.405000, 453124.203718
0.406000, 453557.664219
0.407000, 453991.124720
0.408000, 454415.623824
0.409000, 454840.122929
0.410000, 455255.643879
0.411000, 455671.164830
0.412000, 456077.691221
0.413000, 456484.217613
0.414000, 456881.733396
0.415000, 457279.249180
0.416000, 457667.738663
0.417000, 458056.228146
0.418000, 458435.675991
0.419000, 458815.123837
0.420000, 459185.515064
0.421000, 459555.906292
0.422000, 459917.226279
0.423000, 460278.546266
0.424000, 460630.780749
0.425000, 460983.015232
0.426000, 461326.150305
0.427000, 461669.285378
0.428000, 462003.307494
0.429000, 462337.329610
0.430000, 462662.225584
0.431000, 462987.121557
0.432000, 463302.878561
0.433000, 463618.635565
0.434000, 463925.241134
0.435000, 464231.846703
0.436000, 464529.288732
0.437000, 464826.730762
0.438000, 465114.997510
0.439000, 465403.264258
0.440000, 465682.344344
0.441000, 465961.424430
0.442000, 466231.306837
0.443000, 466501.189243
0.444000, 466761.863316
0.445000, 467022.537388
0.446000, 467273.992835
0.447000, 467525.448283
0.448000, 467767.675178
0.449000, 468009.902073
0.450000, 468242.890854
0.451000, 468475.879634
0.452000, 468699.621102
0.453000, 468923.362569
0.454000, 469137.847891
0.455000, 469352.333213
0.456000, 469557.553922
0.457000, 469762.774631
0.458000, 469958.722625
0.459000, 470154.670618
0.460000, 470341.338161
0.461000, 470528.005704
0.462000, 470705.385427
0.463000, 470882.765151
0.464000, 471050.850051
0.465000, 471218.934951
0.466000, 471377.718393
0.467000, 471536.501835
0.468000, 471685.977551
0.469000, 471835.453266
0.470000, 471975.615353
0.471000, 472115.777441
0.472000, 472246.620367
0.473000, 472377.463293
0.474000, 472498.981892
0.475000, 472620.500492
0.476000, 472732.689967
0.477000, 472844.879442
0.478000, 472947.735364
0.479000, 473050.591287
0.480000, 473144.109595
0.481000, 473237.627904
0.482000, 473321.804907
0.483000, 473405.981910
0.484000, 473480.814284
0.485000, 473555.646658
0.486000, 473621.131449
0.487000, 473686.616240
0.488000, 473742.750863
0.489000, 473798.885486
0.490000, 473845.667724
0.491000, 473892.449963
0.492000, 473929.877970
0.493000, 473967.305977
0.494000, 473995.378276
0.495000, 474023.450574
0.496000, 474042.166055
0.497000, 474060.881537
0.498000, 474070.239462
0.499000, 474079.597387
0.500000, 474079.597387
0.501000, 474079.597387
0.502000, 474070.239462
0.503000, 474060.881537
0.504000, 474042.166055
0.505000, 474023.450574
0.506000, 473995.378276
0.507000, 473967.305977
0.508000, 473929.877970
0.509000, 473892.449963
0.510000, 473845.667724
0.511000, 473798.885486
0.512000, 473742.750863
0.513000, 473686.616240
0.514000, 473621.131449
0.515000, 473555.646658
0.516000, 473480.814284
0.517000, 473405.981910
0.518000, 473321.804907
0.519000, 473237.627904
0.520000, 473144.109595
0.521000, 473050.591287
0.522000, 472947.735364
0.523000, 472844.879442
0.524000, 472732.689967
0.525000, 472620.500492
0.526000, 472498.981892
0.527000, 472377.463293
0.528000, 472246.620367
0.529000, 472115.777441
0.530000, 471975.615353
0.531000, 471835.453266
0.532000, 471685.977551
0.533000, 471536.501835
0.534000, 471377.718393
0.535000, 471218.934951
0.536000, 471050.850051
0.537000, 470882.765151
0.538000, 470705.385427
0.539000, 470528.005704
0.540000, 470341.338161
0.541000, 470154.670618
0.542000, 469958.722625
0.543000, 469762.774631
0.544000, 469557.553922
0.545000, 469352.333213
0.546000, 469137.847891
0.547000, 468923.362569
0.548000, 468699.621102
0.549000, 468475.879634
0.550000, 468242.890854
0.551000, 468009.902073
0.552000, 467767.675178
0.553000, 467525.448283
0.554000, 467273.992835
0.555000, 467022.537388
0.556000, 466761.863316
0.557000, 466501.189243
0.558000, 466231.306837
0.559000, 465961.424430
0.560000, 465682.344344
0.561000, 465403.264258
0.562000, 465114.997510
0.563000, 464826.730762
0.564000, 464529.288732
0.565000, 464231.846703
0.566000, 463925.241134
0.567000, 463618.635565
0.568000, 463302.878561
0.569000, 462987.121557
0.570000, 462662.225584
0.571000, 462337.329610
0.572000, 462003.307494
0.573000, 461669.285378
0.574000, 461326.150305
0.575000, 460983.015232
0.576000, 460630.780749
0.577000, 460278.546266
0.578000, 459917.226279
0.579000, 459555.906292
0.580000, 459185.515064
0.581000, 458815.123837
0.582000, 458435.675991
0.583000, 458056.228146
0.584000, 457667.738663
0.585000, 457279.249180
0.586000, 456881.733396
0.587000, 456484.217613
0.588000, 456077.691221
0.589000, 455671.164830
0.590000, 455255.643879
0.591000, 454840.122929
0.592000, 454415.623824
0.593000, 453991.124720
0.594000, 453557.664219
0.595000, 453124.203718
0.596000, 452681.798933
0.597000, 452239.394148
0.598000, 451788.062545
0.599000, 451336.730942
0.600000, 450876.490338
0.601000, 450416.249734
0.602000, 449947.118299
0.603000, 449477.986864
0.604000, 448999.983118
0.605000, 448521.979373
0.606000, 448035.122187
0.607000, 447548.265001
0.608000, 447052.573596
0.609000, 446556.882191
0.610000, 446052.376135
0.611000, 445547.870080
0.612000, 445034.569290
0.613000, 444521.268501
0.614000, 443999.193243
0.615000, 443477.117984
0.616000, 442946.288867
0.617000, 442415.459750
0.618000, 441875.897731
0.619000, 441336.335711
0.620000, 440788.062090
0.621000, 440239.788469
0.622000, 439682.824892
0.623000, 439125.861314
0.624000, 438560.229768
0.625000, 437994.598222
0.626000, 437420.321038
0.627000, 436846.043854
0.628000, 436263.143702
0.629000, 435680.243551
0.630000, 435088.743445
0.631000, 434497.243338
0.632000, 433897.166629
0.633000, 433297.089919
0.634000, 432688.460295
0.635000, 432079.830672
0.636000, 431462.672162
0.637000, 430845.513653
0.638000, 430219.850622
0.639000, 429594.187591
0.640000, 428960.044738
0.641000, 428325.901886
0.642000, 427683.304247
0.643000, 427040.706608
0.644000, 426389.679551
0.645000, 425738.652494
0.646000, 425079.221720
0.647000, 424419.790947
0.648000, 423751.982490
0.649000, 423084.174033
0.650000, 422408.014257
0.651000, 421731.854481
0.652000, 421047.370079
0.653000, 420362.885677
0.654000, 419670.103671
0.655000, 418977.321666
0.656000, 418276.269407
0.657000, 417575.217148
0.658000, 416865.922311
0.659000, 416156.627475
0.660000, 415439.118063
0.661000, 414721.608651
0.662000, 413995.912990
0.663000, 413270.217328
0.664000, 412536.364067
0.665000, 411802.510805
0.666000, 411060.528914
0.667000, 410318.547024
0.668000, 409568.465796
0.669000, 408818.384569
0.670000, 408060.233616
0.671000, 407302.082664
0.672000, 406535.891917
0.673000, 405769.701170
0.674000, 404995.500877
0.675000, 404221.300584
0.676000, 403439.121308
0.677000, 402656.942032
0.678000, 401866.814653
0.679000, 401076.687274
0.680000, 400278.642985
0.681000, 399480.598696
0.682000, 398674.669001
0.683000, 397868.739307
0.684000, 397054.956024
0.685000, 396241.172741
0.686000, 395419.567997
0.687000, 394597.963253
0.688000, 393768.569482
0.689000, 392939.175712
0.690000, 392102.025659
0.691000, 391264.875606
0.692000, 390420.002319
0.693000, 389575.129032
0.694000, 388722.565866
0.695000, 387870.002700
0.696000, 387009.783312
0.697000, 386149.563923
0.698000, 385281.722274
0.699000, 384413.880624
0.700000, 383538.450973
0.701000, 382663.021322
0.702000, 381780.038231
0.703000, 380897.055140
0.704000, 380006.553467
0.705000, 379116.051794
0.706000, 378218.066694
0.707000, 377320.081595
0.708000, 376414.648520
0.709000, 375509.215446
0.710000, 374596.370141
0.711000, 373683.524836
0.712000, 372763.303338
0.713000, 371843.081840
0.714000, 370915.520478
0.715000, 369987.959116
0.716000, 369053.094508
0.717000, 368118.229901
0.718000, 367176.098954
0.719000, 366233.968008
0.720000, 365284.607917
0.721000, 364335.247826
0.722000, 363378.696068
0.723000, 362422.144311
0.724000, 361458.438651
0.725000, 360494.732991
0.726000, 359523.911474
0.727000, 358553.089957
0.728000, 357575.190908
0.729000, 356597.291860
0.730000, 355612.353886
0.731000, 354627.415913
0.732000, 353635.477897
0.733000, 352643.539882
0.734000, 351644.640985
0.735000, 350645.742089
0.736000, 349639.921745
0.737000, 348634.101402
0.738000, 347621.399319
0.739000, 346608.697237
0.740000, 345589.153396
0.741000, 344569.609555
0.742000, 343543.264205
0.743000, 342516.918854
0.744000, 341483.812513
0.745000, 340450.706172
0.746000, 339410.879626
0.747000, 338371.053080
0.748000, 337324.547378
0.749000, 336278.041677
0.750000, 335224.898135
0.751000, 334171.754593
0.752000, 333112.014787
0.753000, 332052.274980
0.754000, 330985.980746
0.755000, 329919.686512
0.756000, 328846.879946
0.757000, 327774.073380
0.758000, 326694.796834
0.759000, 325615.520289
0.760000, 324529.816371
0.761000, 323444.112454
0.762000, 322352.024027
0.763000, 321259.935600
0.764000, 320161.505777
0.765000, 319063.075953
0.766000, 317958.348098
0.767000, 316853.620243
0.768000, 315742.637968
0.769000, 314631.655694
0.770000, 313514.462860
0.771000, 312397.270026
0.772000, 311273.910738
0.773000, 310150.551449
0.774000, 309021.070054
0.775000, 307891.588659
0.776000, 306756.029748
0.777000, 305620.470837
0.778000, 304478.879239
0.779000, 303337.287641
0.780000, 302189.708425
0.781000, 301042.129209
0.782000, 299888.607679
0.783000, 298735.086149
0.784000, 297575.667844
0.785000, 296416.249539
0.786000, 295250.980232
0.787000, 294085.710924
0.788000, 292914.636616
0.789000, 291743.562308
0.790000, 290566.729232
0.791000, 289389.896156
0.792000, 288207.350771
0.793000, 287024.805386
0.794000, 285836.594377
0.795000, 284648.383368
0.796000, 283454.553644
0.797000, 282260.723920
0.798000, 281061.322610
0.799000, 279861.921301
0.800000, 278656.995757
0.801000, 277452.070213
0.802000, 276241.668003
0.803000, 275031.265792
0.804000, 273815.434700
0.805000, 272599.603608
0.806000, 271378.391634
0.807000, 270157.179659
0.808000, 268930.635012
0.809000, 267704.090366
0.810000, 266472.261470
0.811000, 265240.432574
0.812000, 264003.368060
0.813000, 262766.303545
0.814000, 261524.052248
0.815000, 260281.800951
0.816000, 259034.411915
0.817000, 257787.022878
0.818000, 256534.545346
0.819000, 255282.067814
0.820000, 254024.551233
0.821000, 252767.034652
0.822000, 251504.528666
0.823000, 250242.022680
0.824000, 248974.577130
0.825000, 247707.131581
0.826000, 246434.796505
0.827000, 245162.461429
0.828000, 243885.287055
0.829000, 242608.112682
0.830000, 241326.149432
0.831000, 240044.186183
0.832000, 238757.484666
0.833000, 237470.783150
0.834000, 236179.394164
0.835000, 234888.005177
0.836000, 233591.979703
0.837000, 232295.954229
0.838000, 230995.343431
0.839000, 229694.732633
0.840000, 228389.587858
0.841000, 227084.443083
0.842000, 225774.815855
0.843000, 224465.188628
0.844000, 223151.130650
0.845000, 221837.072671
0.846000, 220518.635819
0.847000, 219200.198967
0.848000, 217877.435291
0.849000, 216554.671614
0.850000, 215227.633334
0.851000, 213900.595054
0.852000, 212569.334559
0.853000, 211238.074064
0.854000, 209902.643911
0.855000, 208567.213757
0.856000, 207227.666666
0.857000, 205888.119574
0.858000, 204544.508427
0.859000, 203200.897280
0.860000, 201853.275121
0.861000, 200505.652962
0.862000, 199154.072994
0.863000, 197802.493025
0.864000, 196447.008604
0.865000, 195091.524184
0.866000, 193732.188824
0.867000, 192372.853464
0.868000, 191009.720828
0.869000, 189646.588192
0.870000, 188279.712095
0.871000, 186912.835998
0.872000, 185542.270402
0.873000, 184171.704806
0.874000, 182797.503818
0.875000, 181423.302830
0.876000, 180045.520701
0.877000, 178667.738572
0.878000, 177286.429695
0.879000, 175905.120819
0.880000, 174520.339725
0.881000, 173135.558632
0.882000, 171747.359991
0.883000, 170359.161350
0.884000, 168967.599964
0.885000, 167576.038579
0.886000, 166181.169387
0.887000, 164786.300194
0.888000, 163388.178261
0.889000, 161990.056328
0.890000, 160588.736850
0.891000, 159187.417372
0.892000, 157782.955670
0.893000, 156378.493969
0.894000, 154970.945490
0.895000, 153563.397011
0.896000, 152152.817321
0.897000, 150742.237632
0.898000, 149328.682421
0.899000, 147915.127209
0.900000, 146498.652279
0.901000, 145082.177349
0.902000, 143662.838622
0.903000, 142243.499894
0.904000, 140821.353401
0.905000, 139399.206909
0.906000, 137974.308795
0.907000, 136549.410682
0.908000, 135121.817199
0.909000, 133694.223717
0.910000, 132263.991226
0.911000, 130833.758734
0.912000, 129400.943696
0.913000, 127968.128658
0.914000, 126532.787639
0.915000, 125097.446620
0.916000, 123659.636284
0.917000, 122221.825948
0.918000, 120781.603058
0.919000, 119341.380168
0.920000, 117898.801581
0.921000, 116456.222995
0.922000, 115011.345662
0.923000, 113566.468329
0.924000, 112119.349292
0.925000, 110672.230254
0.926000, 109222.926641
0.927000, 107773.623028
0.928000, 106322.192057
0.929000, 104870.761085
0.930000, 103417.260054
0.931000, 101963.759023
0.932000, 100508.245315
0.933000, 99052.731607
0.934000, 97595.262683
0.935000, 96137.793759
0.936000, 94678.427157
0.937000, 93219.060555
0.938000, 91757.853888
0.939000, 90296.647222
0.940000, 88833.658177
0.941000, 87370.669132
0.942000, 85905.955465
0.943000, 84441.241797
0.944000, 82974.861333
0.945000, 81508.480868
0.946000, 80040.491495
0.947000, 78572.502122
0.948000, 77102.961796
0.949000, 75633.421469
0.950000, 74162.388204
0.951000, 72691.354938
0.952000, 71218.886808
0.953000, 69746.418677
0.954000, 68272.573812
0.955000, 66798.728947
0.956000, 65323.565532
0.957000, 63848.402117
0.958000, 62371.978389
0.959000, 60895.554661
0.960000, 59417.928907
0.961000, 57940.303154
0.962000, 56461.533708
0.963000, 54982.764262
0.964000, 53502.909503
0.965000, 52023.054745
0.966000, 50542.173096
0.967000, 49061.291447
0.968000, 47579.441370
0.969000, 46097.591293
0.970000, 44614.831289
0.971000, 43132.071285
0.972000, 41648.459891
0.973000, 40164.848497
0.974000, 38680.444283
0.975000, 37196.040069
0.976000, 35710.901637
0.977000, 34225.763205
0.978000, 32739.949186
0.979000, 31254.135167
0.980000, 29767.704218
0.981000, 28281.273269
0.982000, 26794.284072
0.983000, 25307.294875
0.984000, 23819.806134
0.985000, 22332.317392
0.986000, 20844.387830
0.987000, 19356.458268
0.988000, 17868.146626
0.989000, 16379.834983
0.990000, 14891.200017
0.991000, 13402.565051
0.992000, 11913.665530
0.993000, 10424.766009
0.994000, 8935.660712
0.995000, 7446.555414
0.996000, 5957.303129
0.997000, 4468.050843
0.998000, 2978.710362
0.999000, 1489.369880
1.000000, 0.000000
