0.000000, 0.000000
0.001000, 1491383.969188
0.002000, 2982738.412089
0.003000, 4474092.854990
0.004000, 5965358.720226
0.005000, 7456624.585462
0.006000, 8947742.825244
0.007000, 10438861.065027
0.008000, 11929772.637554
0.009000, 13420684.210080
0.010000, 14911330.081922
0.011000, 16401975.953764
0.012000, 17892297.102264
0.013000, 19382618.250764
0.014000, 20872555.666426
0.015000, 22362493.082088
0.016000, 23851987.770968
0.017000, 25341482.459848
0.018000, 26830475.445946
0.019000, 28319468.432044
0.020000, 29807900.759693
0.021000, 31296333.087343
0.022000, 32784145.823601
0.023000, 34271958.559858
0.024000, 35759092.796889
0.025000, 37246227.033920
0.026000, 38732623.891388
0.027000, 40219020.748856
0.028000, 41704621.376304
0.029000, 43190222.003752
0.030000, 44674967.582991
0.031000, 46159713.162230
0.032000, 47643544.909718
0.033000, 49127376.657206
0.034000, 50610235.826427
0.035000, 52093094.995649
0.036000, 53574922.879498
0.037000, 55056750.763347
0.038000, 56537488.696500
0.039000, 58018226.629652
0.040000, 59497815.990943
0.041000, 60977405.352233
0.042000, 62455787.567027
0.043000, 63934169.781822
0.044000, 65411286.324387
0.045000, 66888402.866952
0.046000, 68364195.262824
0.047000, 69839987.658697
0.048000, 71314397.487047
0.049000, 72788807.315397
0.050000, 74261776.211393
0.051000, 75734745.107390
0.052000, 77206214.764559
0.053000, 78677684.421729
0.054000, 80147596.594312
0.055000, 81617508.766896
0.056000, 83085805.272204
0.057000, 84554101.777513
0.058000, 86020724.498278
0.059000, 87487347.219043
0.060000, 88952238.105765
0.061000, 90417128.992487
0.062000, 91880230.065781
0.063000, 93343331.139075
0.064000, 94804584.492011
0.065000, 96265837.844947
0.066000, 97725185.645387
0.067000, 99184533.445828
0.068000, 100641917.938764
0.069000, 102099302.431701
0.070000, 103554665.941583
0.071000, 105010029.451466
0.072000, 106463314.384529
0.073000, 107916599.317592
0.074000, 109367748.164179
0.075000, 110818897.010766
0.076000, 112267852.347647
0.077000, 113716807.684528
0.078000, 115163512.177216
0.079000, 116610216.669903
0.080000, 118054613.074962
0.081000, 119499009.480020
0.082000, 120941040.647373
0.083000, 122383071.814725
0.084000, 123822680.689954
0.085000, 125262289.565182
0.086000, 126699419.191827
0.087000, 128136548.818472
0.088000, 129571142.340322
0.089000, 131005735.862172
0.090000, 132437736.525553
0.091000, 133869737.188933
0.092000, 135299088.344990
0.093000, 136728439.501046
0.094000, 138155084.608020
0.095000, 139581729.714994
0.096000, 141005612.340496
0.097000, 142429494.965999
0.098000, 143850558.789278
0.099000, 145271622.612558
0.100000, 146689811.426761
0.101000, 148108000.240963
0.102000, 149523257.955391
0.103000, 150938515.669818
0.104000, 152350786.312178
0.105000, 153763056.954538
0.106000, 155172284.673190
0.107000, 156581512.391841
0.108000, 157987641.458034
0.109000, 159393770.524227
0.110000, 160796745.334336
0.111000, 162199720.144444
0.112000, 163599485.222197
0.113000, 164999250.299949
0.114000, 166395750.298647
0.115000, 167792250.297344
0.116000, 169185430.002079
0.117000, 170578609.706813
0.118000, 171968414.036677
0.119000, 173358218.366540
0.120000, 174744592.376825
0.121000, 176130966.387111
0.122000, 177513855.271513
0.123000, 178896744.155914
0.124000, 180276093.248715
0.125000, 181655442.341516
0.126000, 183031197.119772
0.127000, 184406951.898028
0.128000, 185779057.983745
0.129000, 187151164.069462
0.130000, 188519567.231766
0.131000, 189887970.394071
0.132000, 191252616.551371
0.133000, 192617262.708672
0.134000, 193978097.930818
0.135000, 195338933.152964
0.136000, 196695903.663391
0.137000, 198052874.173818
0.138000, 199405926.351694
0.139000, 200758978.529570
0.140000, 202108058.911927
0.141000, 203457139.294284
0.142000, 204802194.578145
0.143000, 206147249.862006
0.144000, 207488226.906507
0.145000, 208829203.951008
0.146000, 210166049.779509
0.147000, 211502895.608010
0.148000, 212835557.410200
0.149000, 214168219.212390
0.150000, 215496644.346384
0.151000, 216825069.480377
0.152000, 218149205.474802
0.153000, 219473341.469227
0.154000, 220793136.025310
0.155000, 222112930.581393
0.156000, 223428331.575027
0.157000, 224743732.568661
0.158000, 226054688.052476
0.159000, 227365643.536291
0.160000, 228672101.741707
0.161000, 229978559.947123
0.162000, 231280469.286401
0.163000, 232582378.625678
0.164000, 233879687.693958
0.165000, 235176996.762239
0.166000, 236469654.339576
0.167000, 237762311.916914
0.168000, 239050266.970300
0.169000, 240338222.023686
0.170000, 241621423.709063
0.171000, 242904625.394439
0.172000, 244183023.058708
0.173000, 245461420.722976
0.174000, 246734963.905992
0.175000, 248008507.089008
0.176000, 249277145.525574
0.177000, 250545783.962140
0.178000, 251809467.583981
0.179000, 253073151.205822
0.180000, 254331830.143561
0.181000, 255590509.081300
0.182000, 256844133.666418
0.183000, 258097758.251535
0.184000, 259346279.018322
0.185000, 260594799.785109
0.186000, 261838167.472612
0.187000, 263081535.160115
0.188000, 264319700.714071
0.189000, 265557866.268027
0.190000, 266790780.842786
0.191000, 268023695.417545
0.192000, 269251310.377989
0.193000, 270478925.338434
0.194000, 271701192.261883
0.195000, 272923459.185332
0.196000, 274140329.863439
0.197000, 275357200.541546
0.198000, 276568626.982185
0.199000, 277780053.422825
0.200000, 278985987.851971
0.201000, 280191922.281118
0.202000, 281392317.144712
0.203000, 282592712.008306
0.204000, 283787519.974114
0.205000, 284982327.939921
0.206000, 286171501.899383
0.207000, 287360675.858844
0.208000, 288544168.928911
0.209000, 289727661.998977
0.210000, 290905427.523939
0.211000, 292083193.048901
0.212000, 293255184.602209
0.213000, 294427176.155517
0.214000, 295593347.541586
0.215000, 296759518.927656
0.216000, 297919824.183667
0.217000, 299080129.439678
0.218000, 300234522.837362
0.219000, 301388916.235047
0.220000, 302537352.282466
0.221000, 303685788.329886
0.222000, 304828221.773198
0.223000, 305970655.216510
0.224000, 307107041.041724
0.225000, 308243426.866939
0.226000, 309373720.301666
0.227000, 310504013.736393
0.228000, 311628170.251575
0.229000, 312752326.766757
0.230000, 313870302.078398
0.231000, 314988277.390038
0.232000, 316100027.460913
0.233000, 317211777.531788
0.234000, 318317258.573150
0.235000, 319422739.614512
0.236000, 320521908.087785
0.237000, 321621076.561057
0.238000, 322713889.179515
0.239000, 323806701.797972
0.240000, 324893115.528411
0.241000, 325979529.258850
0.242000, 327059501.323250
0.243000, 328139473.387651
0.244000, 329212961.264824
0.245000, 330286449.141998
0.246000, 331353410.569226
0.247000, 332420371.996454
0.248000, 333480764.971114
0.249000, 334541157.945775
0.250000, 335594940.726959
0.251000, 336648723.508144
0.252000, 337695854.618260
0.253000, 338742985.728377
0.254000, 339783423.954744
0.255000, 340823862.181112
0.256000, 341857566.577543
0.257000, 342891270.973974
0.258000, 343918200.862345
0.259000, 344945130.750715
0.260000, 345965245.722524
0.261000, 346985360.694332
0.262000, 347998620.612249
0.263000, 349011880.530167
0.264000, 350018245.529570
0.265000, 351024610.528974
0.266000, 352024041.019476
0.267000, 353023471.509977
0.268000, 354015928.176934
0.269000, 355008384.843890
0.270000, 355993828.649907
0.271000, 356979272.455924
0.272000, 357957664.642345
0.273000, 358936056.828767
0.274000, 359907358.917155
0.275000, 360878661.005542
0.276000, 361842834.799141
0.277000, 362807008.592741
0.278000, 363764016.177936
0.279000, 364721023.763132
0.280000, 365670827.510891
0.281000, 366620631.258650
0.282000, 367563193.825954
0.283000, 368505756.393258
0.284000, 369441040.724522
0.285000, 370376325.055786
0.286000, 371304294.384268
0.287000, 372232263.712749
0.288000, 373152881.561942
0.289000, 374073499.411134
0.290000, 374986729.596153
0.291000, 375899959.781173
0.292000, 376805766.410127
0.293000, 377711573.039081
0.294000, 378609920.514432
0.295000, 379508267.989782
0.296000, 380399121.009691
0.297000, 381289974.029600
0.298000, 382173297.589265
0.299000, 383056621.148930
0.300000, 383932380.541909
0.301000, 384808139.934888
0.302000, 385676300.754409
0.303000, 386544461.573931
0.304000, 387404989.714193
0.305000, 388265517.854456
0.306000, 389118379.511915
0.307000, 389971241.169374
0.308000, 390816402.844017
0.309000, 391661564.518660
0.310000, 392498993.015267
0.311000, 393336421.511874
0.312000, 394166083.941270
0.313000, 394995746.370666
0.314000, 395817610.150957
0.315000, 396639473.931247
0.316000, 397453506.789045
0.317000, 398267539.646843
0.318000, 399073709.618480
0.319000, 399879879.590117
0.320000, 400678155.022845
0.321000, 401476430.455572
0.322000, 402266780.008751
0.323000, 403057129.561929
0.324000, 403839522.208202
0.325000, 404621914.854474
0.326000, 405396319.880929
0.327000, 406170724.907384
0.328000, 406937111.916709
0.329000, 407703498.926034
0.330000, 408461837.837648
0.331000, 409220176.749263
0.332000, 409970437.800449
0.333000, 410720698.851635
0.334000, 411462852.598645
0.335000, 412205006.345656
0.336000, 412939023.664817
0.337000, 413673040.983979
0.338000, 414398893.072779
0.339000, 415124745.161578
0.340000, 415842403.539738
0.341000, 416560061.917898
0.342000, 417269498.428437
0.343000, 417978934.938976
0.344000, 418680121.749260
0.345000, 419381308.559544
0.346000, 420074218.162323
0.347000, 420767127.765102
0.348000, 421451732.979533
0.349000, 422136338.193964
0.350000, 422812612.166621
0.351000, 423488886.139279
0.352000, 424156802.345156
0.353000, 424824718.551033
0.354000, 425484250.794525
0.355000, 426143783.038018
0.356000, 426794905.453895
0.357000, 427446027.869773
0.358000, 428088714.924142
0.359000, 428731401.978512
0.360000, 429365628.469763
0.361000, 429999854.961014
0.362000, 430625596.020752
0.363000, 431251337.080490
0.364000, 431868568.174460
0.365000, 432485799.268430
0.366000, 433094496.197424
0.367000, 433703193.126417
0.368000, 434303332.027169
0.369000, 434903470.927921
0.370000, 435495028.273990
0.371000, 436086585.620059
0.372000, 436669538.222702
0.373000, 437252490.825344
0.374000, 437826815.834366
0.375000, 438401140.843389
0.376000, 438966815.747994
0.377000, 439532490.652599
0.378000, 440089493.282217
0.379000, 440646495.911835
0.380000, 441194804.436941
0.381000, 441743112.962047
0.382000, 442282705.894965
0.383000, 442822298.827884
0.384000, 443353155.023580
0.385000, 443884011.219277
0.386000, 444406109.876140
0.387000, 444928208.533002
0.388000, 445441529.193604
0.389000, 445954849.854206
0.390000, 446459372.406060
0.391000, 446963894.957914
0.392000, 447459599.634212
0.393000, 447955304.310510
0.394000, 448442171.690851
0.395000, 448929039.071192
0.396000, 449407050.082293
0.397000, 449885061.093394
0.398000, 450354197.009794
0.399000, 450823332.926194
0.400000, 451283575.370938
0.401000, 451743817.815683
0.402000, 452195148.761000
0.403000, 452646479.706317
0.404000, 453088881.474278
0.405000, 453531283.242240
0.406000, 453964738.505409
0.407000, 454398193.768579
0.408000, 454822685.550646
0.409000, 455247177.332714
0.410000, 455662689.009119
0.411000, 456078200.685524
0.412000, 456484715.984063
0.413000, 456891231.282603
0.414000, 457288734.284026
0.415000, 457686237.285449
0.416000, 458074712.424043
0.417000, 458463187.562636
0.418000, 458842619.626791
0.419000, 459222051.690946
0.420000, 459592425.823714
0.421000, 459962799.956483
0.422000, 460324101.656122
0.423000, 460685403.355761
0.424000, 461037618.476263
0.425000, 461389833.596764
0.426000, 461732948.348370
0.427000, 462076063.099976
0.428000, 462410064.049684
0.429000, 462744064.999392
0.430000, 463068939.071443
0.431000, 463393813.143494
0.432000, 463709547.619852
0.433000, 464025282.096211
0.434000, 464331864.617026
0.435000, 464638447.137841
0.436000, 464935865.701900
0.437000, 465233284.265958
0.438000, 465521527.231120
0.439000, 465809770.196283
0.440000, 466088826.279907
0.441000, 466367882.363532
0.442000, 466637740.642887
0.443000, 466907598.922242
0.444000, 467168248.834903
0.445000, 467428898.747564
0.446000, 467680330.091799
0.447000, 467931761.436034
0.448000, 468173964.371172
0.449000, 468416167.306311
0.450000, 468649132.353106
0.451000, 468882097.399901
0.452000, 469105815.440871
0.453000, 469329533.481840
0.454000, 469543995.761601
0.455000, 469758458.041362
0.456000, 469963656.166946
0.457000, 470168854.292531
0.458000, 470364780.233694
0.459000, 470560706.174857
0.460000, 470747352.264366
0.461000, 470933998.353875
0.462000, 471111357.287791
0.463000, 471288716.221706
0.464000, 471456781.059646
0.465000, 471624845.897586
0.466000, 471783610.062978
0.467000, 471942374.228369
0.468000, 472091831.508689
0.469000, 472241288.789009
0.470000, 472381433.336008
0.471000, 472521577.883007
0.472000, 472652404.212921
0.473000, 472783230.542836
0.474000, 472904733.536590
0.475000, 473026236.530344
0.476000, 473138411.433732
0.477000, 473250586.337120
0.478000, 473353428.760982
0.479000, 473456271.184843
0.480000, 473549777.105220
0.481000, 473643283.025597
0.482000, 473727448.783882
0.483000, 473811614.542167
0.484000, 473886436.845235
0.485000, 473961259.148303
0.486000, 474026735.068631
0.487000, 474092210.988958
0.488000, 474148337.964729
0.489000, 474204464.940500
0.490000, 474251240.775700
0.491000, 474298016.610901
0.492000, 474335439.475397
0.493000, 474372862.339893
0.494000, 474400930.769498
0.495000, 474428999.199103
0.496000, 474447712.095630
0.497000, 474466424.992158
0.498000, 474475781.623462
0.499000, 474485138.254766
0.500000, 474485138.254766
0.501000, 474485138.254766
0.502000, 474475781.623462
0.503000, 474466424.992158
0.504000, 474447712.095630
0.505000, 474428999.199103
0.506000, 474400930.769498
0.507000, 474372862.339893
0.508000, 474335439.475397
0.509000, 474298016.610901
0.510000, 474251240.775700
0.511000, 474204464.940500
0.512000, 474148337.964729
0.513000, 474092210.988958
0.514000, 474026735.068631
0.515000, 473961259.148303
0.516000, 473886436.845235
0.517000, 473811614.542167
0.518000, 473727448.783882
0.519000, 473643283.025597
0.520000, 473549777.105220
0.521000, 473456271.184843
0.522000, 473353428.760982
0.523000, 473250586.337120
0.524000, 473138411.433732
0.525000, 473026236.530344
0.526000, 472904733.536590
0.527000, 472783230.542836
0.528000, 472652404.212921
0.529000, 472521577.883007
0.530000, 472381433.336008
0.531000, 472241288.789009
0.532000, 472091831.508689
0.533000, 471942374.228369
0.534000, 471783610.062978
0.535000, 471624845.897586
0.536000, 471456781.059646
0.537000, 471288716.221706
0.538000, 471111357.287791
0.539000, 470933998.353875
0.540000, 470747352.264366
0.541000, 470560706.174857
0.542000, 470364780.233694
0.543000, 470168854.292531
0.544000, 469963656.166946
0.545000, 469758458.041362
0.546000, 469543995.761601
0.547000, 469329533.481840
0.548000, 469105815.440871
0.549000, 468882097.399901
0.550000, 468649132.353106
0.551000, 468416167.306311
0.552000, 468173964.371172
0.553000, 467931761.436034
0.554000, 467680330.091799
0.555000, 467428898.747564
0.556000, 467168248.834903
0.557000, 466907598.922242
0.558000, 466637740.642887
0.559000, 466367882.363532
0.560000, 466088826.279907
0.561000, 465809770.196283
0.562000, 465521527.231120
0.563000, 465233284.265958
0.564000, 464935865.701900
0.565000, 464638447.137841
0.566000, 464331864.617026
0.567000, 464025282.096211
0.568000, 463709547.619852
0.569000, 463393813.143494
0.570000, 463068939.071443
0.571000, 462744064.999392
0.572000, 462410064.049684
0.573000, 462076063.099976
0.574000, 461732948.348370
0.575000, 461389833.596764
0.576000, 461037618.476263
0.577000, 460685403.355761
0.578000, 460324101.656122
0.579000, 459962799.956483
0.580000, 459592425.823714
0.581000, 459222051.690946
0.582000, 458842619.626791
0.583000, 458463187.562636
0.584000, 458074712.424043
0.585000, 457686237.285449
0.586000, 457288734.284026
0.587000, 456891231.282603
0.588000, 456484715.984063
0.589000, 456078200.685524
0.590000, 455662689.009119
0.591000, 455247177.332714
0.592000, 454822685.550646
0.593000, 454398193.768579
0.594000, 453964738.505409
0.595000, 453531283.242240
0.596000, 453088881.474278
0.597000, 452646479.706317
0.598000, 452195148.761000
0.599000, 451743817.815683
0.600000, 451283575.370938
0.601000, 450823332.926194
0.602000, 450354197.009794
0.603000, 449885061.093394
0.604000, 449407050.082293
0.605000, 448929039.071192
0.606000, 448442171.690851
0.607000, 447955304.310510
0.608000, 447459599.634212
0.609000, 446963894.957914
0.610000, 446459372.406060
0.611000, 445954849.854206
0.612000, 445441529.193604
0.613000, 444928208.533002
0.614000, 444406109.876140
0.615000, 443884011.219277
0.616000, 443353155.023580
0.617000, 442822298.827884
0.618000, 442282705.894965
0.619000, 441743112.962047
0.620000, 441194804.436941
0.621000, 440646495.911835
0.622000, 440089493.282217
0.623000, 439532490.652599
0.624000, 438966815.747994
0.625000, 438401140.843389
0.626000, 437826815.834366
0.627000, 437252490.825344
0.628000, 436669538.222702
0.629000, 436086585.620059
0.630000, 435495028.273990
0.631000, 434903470.927921
0.632000, 434303332.027169
0.633000, 433703193.126417
0.634000, 433094496.197424
0.635000, 432485799.268430
0.636000, 431868568.174460
0.637000, 431251337.080490
0.638000, 430625596.020752
0.639000, 429999854.961014
0.640000, 429365628.469763
0.641000, 428731401.978512
0.642000, 428088714.924142
0.643000, 427446027.869773
0.644000, 426794905.453895
0.645000, 426143783.038018
0.646000, 425484250.794525
0.647000, 424824718.551033
0.648000, 424156802.345156
0.649000, 423488886.139279
0.650000, 422812612.166621
0.651000, 422136338.193964
0.652000, 421451732.979533
0.653000, 420767127.765102
0.654000, 420074218.162323
0.655000, 419381308.559544
0.656000, 418680121.749260
0.657000, 417978934.938976
0.658000, 417269498.428437
0.659000, 416560061.917898
0.660000, 415842403.539738
0.661000, 415124745.161578
0.662000, 414398893.072779
0.663000, 413673040.983979
0.664000, 412939023.664817
0.665000, 412205006.345656
0.666000, 411462852.598645
0.667000, 410720698.851635
0.668000, 409970437.800449
0.669000, 409220176.749263
0.670000, 408461837.837648
0.671000, 407703498.926034
0.672000, 406937111.916709
0.673000, 406170724.907384
0.674000, 405396319.880929
0.675000, 404621914.854474
0.676000, 403839522.208202
0.677000, 403057129.561929
0.678000, 402266780.008751
0.679000, 401476430.455572
0.680000, 400678155.022845
0.681000, 399879879.590117
0.682000, 399073709.618480
0.683000, 398267539.646843
0.684000, 397453506.789045
0.685000, 396639473.931247
0.686000, 395817610.150957
0.687000, 394995746.370666
0.688000, 394166083.941270
0.689000, 393336421.511874
0.690000, 392498993.015267
0.691000, 391661564.518660
0.692000, 390816402.844017
0.693000, 389971241.169374
0.694000, 389118379.511915
0.695000, 388265517.854456
0.696000, 387404989.714193
0.697000, 386544461.573931
0.698000, 385676300.754409
0.699000, 384808139.934888
0.700000, 383932380.541909
0.701000, 383056621.148930
0.702000, 382173297.589265
0.703000, 381289974.029600
0.704000, 380399121.009691
0.705000, 379508267.989782
0.706000, 378609920.514432
0.707000, 377711573.039081
0.708000, 376805766.410127
0.709000, 375899959.781173
0.710000, 374986729.596153
0.711000, 374073499.411134
0.712000, 373152881.561942
0.713000, 372232263.712749
0.714000, 371304294.384268
0.715000, 370376325.055786
0.716000, 369441040.724522
0.717000, 368505756.393258
0.718000, 367563193.825954
0.719000, 366620631.258650
0.720000, 365670827.510891
0.721000, 364721023.763132
0.722000, 363764016.177936
0.723000, 362807008.592741
0.724000, 361842834.799141
0.725000, 360878661.005542
0.726000, 359907358.917155
0.727000, 358936056.828767
0.728000, 357957664.642345
0.729000, 356979272.455924
0.730000, 355993828.649907
0.731000, 355008384.843890
0.732000, 354015928.176934
0.733000, 353023471.509977
0.734000, 352024041.019476
0.735000, 351024610.528974
0.736000, 350018245.529570
0.737000, 349011880.530167
0.738000, 347998620.612249
0.739000, 346985360.694332
0.740000, 345965245.722524
0.741000, 344945130.750715
0.742000, 343918200.862345
0.743000, 342891270.973974
0.744000, 341857566.577543
0.745000, 340823862.181112
0.746000, 339783423.954744
0.747000, 338742985.728377
0.748000, 337695854.618260
0.749000, 336648723.508144
0.750000, 335594940.726959
0.751000, 334541157.945775
0.752000, 333480764.971114
0.753000, 332420371.996454
0.754000, 331353410.569226
0.755000, 330286449.141998
0.756000, 329212961.264824
0.757000, 328139473.387651
0.758000, 327059501.323250
0.759000, 325979529.258850
0.760000, 324893115.528411
0.761000, 323806701.797972
0.762000, 322713889.179515
0.763000, 321621076.561057
0.764000, 320521908.087785
0.765000, 319422739.614512
0.766000, 318317258.573150
0.767000, 317211777.531788
0.768000, 316100027.460913
0.769000, 314988277.390038
0.770000, 313870302.078398
0.771000, 312752326.766757
0.772000, 311628170.251575
0.773000, 310504013.736393
0.774000, 309373720.301666
0.775000, 308243426.866939
0.776000, 307107041.041724
0.777000, 305970655.216510
0.778000, 304828221.773198
0.779000, 303685788.329886
0.780000, 302537352.282466
0.781000, 301388916.235047
0.782000, 300234522.837362
0.783000, 299080129.439678
0.784000, 297919824.183667
0.785000, 296759518.927656
0.786000, 295593347.541586
0.787000, 294427176.155517
0.788000, 293255184.602209
0.789000, 292083193.048901
0.790000, 290905427.523939
0.791000, 289727661.998977
0.792000, 288544168.928911
0.793000, 287360675.858844
0.794000, 286171501.899383
0.795000, 284982327.939921
0.796000, 283787519.974114
0.797000, 282592712.008306
0.798000, 281392317.144712
0.799000, 280191922.281118
0.800000, 278985987.851971
0.801000, 277780053.422825
0.802000, 276568626.982185
0.803000, 275357200.541546
0.804000, 274140329.863439
0.805000, 272923459.185332
0.806000, 271701192.261883
0.807000, 270478925.338434
0.808000, 269251310.377989
0.809000, 268023695.417545
0.810000, 266790780.842786
0.811000, 265557866.268027
0.812000, 264319700.714071
0.813000, 263081535.160115
0.814000, 261838167.472612
0.815000, 260594799.785109
0.816000, 259346279.018322
0.817000, 258097758.251535
0.818000, 256844133.666418
0.819000, 255590509.081300
0.820000, 254331830.143561
0.821000, 253073151.205822
0.822000, 251809467.583981
0.823000, 250545783.962140
0.824000, 249277145.525574
0.825000, 248008507.089008
0.826000, 246734963.905992
0.827000, 245461420.722976
0.828000, 244183023.058708
0.829000, 242904625.394439
0.830000, 241621423.709063
0.831000, 240338222.023686
0.832000, 239050266.970300
0.833000, 237762311.916914
0.834000, 236469654.339576
0.835000, 235176996.762239
0.836000, 233879687.693958
0.837000, 232582378.625678
0.838000, 231280469.286401
0.839000, 229978559.947123
0.840000, 228672101.741707
0.841000, 227365643.536291
0.842000, 226054688.052476
0.843000, 224743732.568661
0.844000, 223428331.575027
0.845000, 222112930.581393
0.846000, 220793136.025310
0.847000, 219473341.469227
0.848000, 218149205.474802
0.849000, 216825069.480377
0.850000, 215496644.346384
0.851000, 214168219.212390
0.852000, 212835557.410200
0.853000, 211502895.608010
0.854000, 210166049.779509
0.855000, 208829203.951008
0.856000, 207488226.906507
0.857000, 206147249.862006
0.858000, 204802194.578145
0.859000, 203457139.294284
0.860000, 202108058.911927
0.861000, 200758978.529570
0.862000, 199405926.351694
0.863000, 198052874.173818
0.864000, 196695903.663391
0.865000, 195338933.152964
0.866000, 193978097.930818
0.867000, 192617262.708672
0.868000, 191252616.551371
0.869000, 189887970.394071
0.870000, 188519567.231766
0.871000, 187151164.069462
0.872000, 185779057.983745
0.873000, 184406951.898028
0.874000, 183031197.119772
0.875000, 181655442.341516
0.876000, 180276093.248715
0.877000, 178896744.155914
0.878000, 177513855.271513
0.879000, 176130966.387111
0.880000, 174744592.376825
0.881000, 173358218.366540
0.882000, 171968414.036677
0.883000, 170578609.706813
0.884000, 169185430.002079
0.885000, 167792250.297344
0.886000, 166395750.298647
0.887000, 164999250.299949
0.888000, 163599485.222197
0.889000, 162199720.144444
0.890000, 160796745.334336
0.891000, 159393770.524227
0.892000, 157987641.458034
0.893000, 156581512.391841
0.894000, 155172284.673190
0.895000, 153763056.954538
0.896000, 152350786.312178
0.897000, 150938515.669818
0.898000, 149523257.955391
0.899000, 148108000.240963
0.900000, 146689811.426761
0.901000, 145271622.612558
0.902000, 143850558.789278
0.903000, 142429494.965999
0.904000, 141005612.340496
0.905000, 139581729.714994
0.906000, 138155084.608020
0.907000, 136728439.501046
0.908000, 135299088.344990
0.909000, 133869737.188933
0.910000, 132437736.525553
0.911000, 131005735.862172
0.912000, 129571142.340322
0.913000, 128136548.818472
0.914000, 126699419.191827
0.915000, 125262289.565182
0.916000, 123822680.689954
0.917000, 122383071.814725
0.918000, 120941040.647373
0.919000, 119499009.480020
0.920000, 118054613.074962
0.921000, 116610216.669903
0.922000, 115163512.177216
0.923000, 113716807.684528
0.924000, 112267852.347647
0.925000, 110818897.010766
0.926000, 109367748.164179
0.927000, 107916599.317592
0.928000, 106463314.384529
0.929000, 105010029.451466
0.930000, 103554665.941583
0.931000, 102099302.431701
0.932000, 100641917.938764
0.933000, 99184533.445828
0.934000, 97725185.645387
0.935000, 96265837.844947
0.936000, 94804584.492011
0.937000, 93343331.139075
0.938000, 91880230.065781
0.939000, 90417128.992487
0.940000, 88952238.105765
0.941000, 87487347.219043
0.942000, 86020724.498278
0.943000, 84554101.777513
0.944000, 83085805.272204
0.945000, 81617508.766896
0.946000, 80147596.594312
0.947000, 78677684.421729
0.948000, 77206214.764559
0.949000, 75734745.107390
0.950000, 74261776.211393
0.951000, 72788807.315397
0.952000, 71314397.487047
0.953000, 69839987.658697
0.954000, 68364195.262824
0.955000, 66888402.866952
0.956000, 65411286.324387
0.957000, 63934169.781822
0.958000, 62455787.567027
0.959000, 60977405.352233
0.960000, 59497815.990943
0.961000, 58018226.629652
0.962000, 56537488.696500
0.963000, 55056750.763347
0.964000, 53574922.879498
0.965000, 52093094.995649
0.966000, 50610235.826427
0.967000, 49127376.657206
0.968000, 47643544.909718
0.969000, 46159713.162230
0.970000, 44674967.582991
0.971000, 43190222.003752
0.972000, 41704621.376304
0.973000, 40219020.748856
0.974000, 38732623.891388
0.975000, 37246227.033920
0.976000, 35759092.796889
0.977000, 34271958.559858
0.978000, 32784145.823601
0.979000, 31296333.087343
0.980000, 29807900.759693
0.981000, 28319468.432044
0.982000, 26830475.445946
0.983000, 25341482.459848
0.984000, 23851987.770968
0.985000, 22362493.082088
0.986000, 20872555.666426
0.987000, 19382618.250764
0.988000, 17892297.102264
0.989000, 16401975.953764
0.990000, 14911330.081922
0.991000, 13420684.210080
0.992000, 11929772.637554
0.993000, 10438861.065027
0.994000, 8947742.825244
0.995000, 7456624.585462
0.996000, 5965358.720226
0.997000, 4474092.854990
0.998000, 2982738.412089
0.999000, 1491383.969188
1.000000, 0.000000
