0.000000, 0.000000
0.001000, 15911.817688
0.002000, 31823.321290
0.003000, 47734.824892
0.004000, 63645.386249
0.005000, 79555.947607
0.006000, 95464.938598
0.007000, 111373.929589
0.008000, 127280.722154
0.009000, 143187.514720
0.010000, 159091.480886
0.011000, 174995.447052
0.012000, 190895.958958
0.013000, 206796.470864
0.014000, 222692.900785
0.015000, 238589.330705
0.016000, 254481.051077
0.017000, 270372.771448
0.018000, 286259.154893
0.019000, 302145.538337
0.020000, 318025.957687
0.021000, 333906.377038
0.022000, 349780.205362
0.023000, 365654.033686
0.024000, 381520.644313
0.025000, 397387.254939
0.026000, 413246.021482
0.027000, 429104.788024
0.028000, 444955.084406
0.029000, 460805.380787
0.030000, 476646.581265
0.031000, 492487.781742
0.032000, 508319.260933
0.033000, 524150.740123
0.034000, 539971.873027
0.035000, 555793.005930
0.036000, 571603.167956
0.037000, 587413.329981
0.038000, 603211.896970
0.039000, 619010.463960
0.040000, 634796.812212
0.041000, 650583.160465
0.042000, 666356.666763
0.043000, 682130.173061
0.044000, 697890.214693
0.045000, 713650.256326
0.046000, 729396.211113
0.047000, 745142.165900
0.048000, 760873.412219
0.049000, 776604.658538
0.050000, 792320.575346
0.051000, 808036.492154
0.052000, 823736.459013
0.053000, 839436.425873
0.054000, 855119.822975
0.055000, 870803.220078
0.056000, 886469.428271
0.057000, 902135.636464
0.058000, 917784.037272
0.059000, 933432.438080
0.060000, 949062.413730
0.061000, 964692.389381
0.062000, 980303.322830
0.063000, 995914.256278
0.064000, 1011505.531232
0.065000, 1027096.806186
0.066000, 1042667.807128
0.067000, 1058238.808071
0.068000, 1073788.920285
0.069000, 1089339.032499
0.070000, 1104867.642094
0.071000, 1120396.251688
0.072000, 1135902.745620
0.073000, 1151409.239551
0.074000, 1166893.005650
0.075000, 1182376.771749
0.076000, 1197837.198743
0.077000, 1213297.625737
0.078000, 1228734.103274
0.079000, 1244170.580811
0.080000, 1259582.499487
0.081000, 1274994.418162
0.082000, 1290381.169539
0.083000, 1305767.920916
0.084000, 1321128.897552
0.085000, 1336489.874188
0.086000, 1351824.469659
0.087000, 1367159.065129
0.088000, 1382466.674050
0.089000, 1397774.282971
0.090000, 1413054.301024
0.091000, 1428334.319077
0.092000, 1443586.143034
0.093000, 1458837.966990
0.094000, 1474060.994734
0.095000, 1489284.022478
0.096000, 1504477.653031
0.097000, 1519671.283583
0.098000, 1534834.917126
0.099000, 1549998.550668
0.100000, 1565131.588566
0.101000, 1580264.626464
0.102000, 1595366.471291
0.103000, 1610468.316119
0.104000, 1625538.371680
0.105000, 1640608.427241
0.106000, 1655646.098597
0.107000, 1670683.769953
0.108000, 1685688.463441
0.109000, 1700693.156930
0.110000, 1715664.280191
0.111000, 1730635.403453
0.112000, 1745572.365453
0.113000, 1760509.327453
0.114000, 1775411.538506
0.115000, 1790313.749560
0.116000, 1805180.621353
0.117000, 1820047.493145
0.118000, 1834878.438759
0.119000, 1849709.384372
0.120000, 1864503.818306
0.121000, 1879298.252240
0.122000, 1894055.590435
0.123000, 1908812.928630
0.124000, 1923532.588493
0.125000, 1938252.248355
0.126000, 1952933.648777
0.127000, 1967615.049199
0.128000, 1982257.610585
0.129000, 1996900.171971
0.130000, 2011503.316257
0.131000, 2026106.460543
0.132000, 2040669.611222
0.133000, 2055232.761901
0.134000, 2069755.344045
0.135000, 2084277.926189
0.136000, 2098759.366471
0.137000, 2113240.806753
0.138000, 2127680.533470
0.139000, 2142120.260188
0.140000, 2156517.703286
0.141000, 2170915.146384
0.142000, 2185269.737475
0.143000, 2199624.328566
0.144000, 2213935.500957
0.145000, 2228246.673347
0.146000, 2242513.862056
0.147000, 2256781.050764
0.148000, 2271003.692547
0.149000, 2285226.334330
0.150000, 2299403.867702
0.151000, 2313581.401073
0.152000, 2327713.266328
0.153000, 2341845.131584
0.154000, 2355930.770821
0.155000, 2370016.410059
0.156000, 2384055.267201
0.157000, 2398094.124344
0.158000, 2412085.645161
0.159000, 2426077.165979
0.160000, 2440020.798110
0.161000, 2453964.430242
0.162000, 2467859.623216
0.163000, 2481754.816191
0.164000, 2495601.021450
0.165000, 2509447.226709
0.166000, 2523243.897628
0.167000, 2537040.568547
0.168000, 2550787.160458
0.169000, 2564533.752368
0.170000, 2578229.722578
0.171000, 2591925.692788
0.172000, 2605570.500604
0.173000, 2619215.308420
0.174000, 2632808.415168
0.175000, 2646401.521916
0.176000, 2659942.390963
0.177000, 2673483.260011
0.178000, 2686971.356788
0.179000, 2700459.453564
0.180000, 2713894.245584
0.181000, 2727329.037603
0.182000, 2740709.994482
0.183000, 2754090.951361
0.184000, 2767417.544843
0.185000, 2780744.138324
0.186000, 2794015.842297
0.187000, 2807287.546270
0.188000, 2820503.836790
0.189000, 2833720.127310
0.190000, 2846880.482621
0.191000, 2860040.837932
0.192000, 2873144.738485
0.193000, 2886248.639039
0.194000, 2899295.567515
0.195000, 2912342.495991
0.196000, 2925331.937320
0.197000, 2938321.378649
0.198000, 2951252.820029
0.199000, 2964184.261410
0.200000, 2977057.192330
0.201000, 2989930.123251
0.202000, 3002744.035511
0.203000, 3015557.947771
0.204000, 3028312.335499
0.205000, 3041066.723226
0.206000, 3053761.082901
0.207000, 3066455.442575
0.208000, 3079089.273044
0.209000, 3091723.103513
0.210000, 3104295.906015
0.211000, 3116868.708517
0.212000, 3129379.986699
0.213000, 3141891.264881
0.214000, 3154340.524820
0.215000, 3166789.784758
0.216000, 3179176.534978
0.217000, 3191563.285197
0.218000, 3203887.036689
0.219000, 3216210.788182
0.220000, 3228471.054427
0.221000, 3240731.320672
0.222000, 3252927.617655
0.223000, 3265123.914638
0.224000, 3277255.760871
0.225000, 3289387.607104
0.226000, 3301454.523641
0.227000, 3313521.440178
0.228000, 3325522.950639
0.229000, 3337524.461100
0.230000, 3349460.091686
0.231000, 3361395.722271
0.232000, 3373265.001783
0.233000, 3385134.281295
0.234000, 3396936.741154
0.235000, 3408739.201013
0.236000, 3420474.375279
0.237000, 3432209.549545
0.238000, 3443876.974932
0.239000, 3455544.400320
0.240000, 3467143.616220
0.241000, 3478742.832119
0.242000, 3490273.380614
0.243000, 3501803.929108
0.244000, 3513265.354991
0.245000, 3524726.780874
0.246000, 3536118.631668
0.247000, 3547510.482461
0.248000, 3558832.308435
0.249000, 3570154.134410
0.250000, 3581405.488598
0.251000, 3592656.842786
0.252000, 3603837.281003
0.253000, 3615017.719221
0.254000, 3626126.800084
0.255000, 3637235.880947
0.256000, 3648273.165887
0.257000, 3659310.450828
0.258000, 3670275.504113
0.259000, 3681240.557398
0.260000, 3692132.946147
0.261000, 3703025.334895
0.262000, 3713844.629093
0.263000, 3724663.923291
0.264000, 3735409.695813
0.265000, 3746155.468334
0.266000, 3756827.294954
0.267000, 3767499.121574
0.268000, 3778096.580986
0.269000, 3788694.040398
0.270000, 3799216.714234
0.271000, 3809739.388070
0.272000, 3820186.860912
0.273000, 3830634.333754
0.274000, 3841006.193154
0.275000, 3851378.052553
0.276000, 3861673.889047
0.277000, 3871969.725542
0.278000, 3882189.132669
0.279000, 3892408.539795
0.280000, 3902551.114110
0.281000, 3912693.688425
0.282000, 3922759.029516
0.283000, 3932824.370607
0.284000, 3942812.081112
0.285000, 3952799.791617
0.286000, 3962709.477238
0.287000, 3972619.162859
0.288000, 3982450.432380
0.289000, 3992281.701900
0.290000, 4002034.167197
0.291000, 4011786.632494
0.292000, 4021459.908558
0.293000, 4031133.184622
0.294000, 4040726.889568
0.295000, 4050320.594513
0.296000, 4059834.349598
0.297000, 4069348.104683
0.298000, 4078781.534321
0.299000, 4088214.963958
0.300000, 4097567.695732
0.301000, 4106920.427506
0.302000, 4116192.092187
0.303000, 4125463.756868
0.304000, 4134653.988426
0.305000, 4143844.219984
0.306000, 4152952.655605
0.307000, 4162061.091227
0.308000, 4171087.371325
0.309000, 4180113.651423
0.310000, 4189057.419657
0.311000, 4198001.187891
0.312000, 4206862.091175
0.313000, 4215722.994459
0.314000, 4224500.682981
0.315000, 4233278.371503
0.316000, 4241972.498733
0.317000, 4250666.625964
0.318000, 4259276.848675
0.319000, 4267887.071386
0.320000, 4276413.049660
0.321000, 4284939.027934
0.322000, 4293380.425180
0.323000, 4301821.822426
0.324000, 4310178.305392
0.325000, 4318534.788358
0.326000, 4326806.027145
0.327000, 4335077.265931
0.328000, 4343262.934004
0.329000, 4351448.602077
0.330000, 4359548.376280
0.331000, 4367648.150483
0.332000, 4375661.711051
0.333000, 4383675.271619
0.334000, 4391602.302189
0.335000, 4399529.332760
0.336000, 4407369.520389
0.337000, 4415209.708017
0.338000, 4422962.743186
0.339000, 4430715.778355
0.340000, 4438381.354988
0.341000, 4446046.931620
0.342000, 4453624.747093
0.343000, 4461202.562566
0.344000, 4468692.317719
0.345000, 4476182.072873
0.346000, 4483583.472025
0.347000, 4490984.871176
0.348000, 4498297.622131
0.349000, 4505610.373086
0.350000, 4512834.187150
0.351000, 4520058.001214
0.352000, 4527192.593203
0.353000, 4534327.185191
0.354000, 4541372.273443
0.355000, 4548417.361695
0.356000, 4555372.668083
0.357000, 4562327.974470
0.358000, 4569193.224409
0.359000, 4576058.474349
0.360000, 4582833.396811
0.361000, 4589608.319274
0.362000, 4596292.646797
0.363000, 4602976.974321
0.364000, 4609570.443020
0.365000, 4616163.911719
0.366000, 4622666.261295
0.367000, 4629168.610870
0.368000, 4635579.584620
0.369000, 4641990.558371
0.370000, 4648309.903202
0.371000, 4654629.248032
0.372000, 4660856.714467
0.373000, 4667084.180901
0.374000, 4673219.523090
0.375000, 4679354.865278
0.376000, 4685397.841008
0.377000, 4691440.816737
0.378000, 4697391.187442
0.379000, 4703341.558146
0.380000, 4709199.088915
0.381000, 4715056.619683
0.382000, 4720821.079271
0.383000, 4726585.538859
0.384000, 4732256.699695
0.385000, 4737927.860531
0.386000, 4743505.498727
0.387000, 4749083.136923
0.388000, 4754567.032284
0.389000, 4760050.927645
0.390000, 4765440.863676
0.391000, 4770830.799707
0.392000, 4776126.563622
0.393000, 4781422.327537
0.394000, 4786623.710269
0.395000, 4791825.093002
0.396000, 4796931.889209
0.397000, 4802038.685416
0.398000, 4807050.693491
0.399000, 4812062.701566
0.400000, 4816979.723643
0.401000, 4821896.745720
0.402000, 4826718.587683
0.403000, 4831540.429646
0.404000, 4836266.901138
0.405000, 4840993.372630
0.406000, 4845624.287057
0.407000, 4850255.201484
0.408000, 4854790.376026
0.409000, 4859325.550568
0.410000, 4863764.806184
0.411000, 4868204.061799
0.412000, 4872547.223235
0.413000, 4876890.384670
0.414000, 4881137.280465
0.415000, 4885384.176260
0.416000, 4889534.638753
0.417000, 4893685.101246
0.418000, 4897738.966586
0.419000, 4901792.831925
0.420000, 4905749.940070
0.421000, 4909707.048216
0.422000, 4913567.242947
0.423000, 4917427.437679
0.424000, 4921190.566603
0.425000, 4924953.695527
0.426000, 4928619.610081
0.427000, 4932285.524636
0.428000, 4935854.080097
0.429000, 4939422.635558
0.430000, 4942893.691044
0.431000, 4946364.746531
0.432000, 4949738.165013
0.433000, 4953111.583495
0.434000, 4956387.231794
0.435000, 4959662.880094
0.436000, 4962840.628894
0.437000, 4966018.377694
0.438000, 4969098.101543
0.439000, 4972177.825393
0.440000, 4975159.402708
0.441000, 4978140.980024
0.442000, 4981024.293099
0.443000, 4983907.606174
0.444000, 4986692.541179
0.445000, 4989477.476185
0.446000, 4992163.923177
0.447000, 4994850.370169
0.448000, 4997438.223090
0.449000, 5000026.076012
0.450000, 5002515.232700
0.451000, 5005004.389388
0.452000, 5007394.751574
0.453000, 5009785.113760
0.454000, 5012076.587077
0.455000, 5014368.060394
0.456000, 5016560.554379
0.457000, 5018753.048363
0.458000, 5020846.476459
0.459000, 5022939.904555
0.460000, 5024934.184118
0.461000, 5026928.463681
0.462000, 5028823.515979
0.463000, 5030718.568278
0.464000, 5032514.318499
0.465000, 5034310.068720
0.466000, 5036006.445970
0.467000, 5037702.823220
0.468000, 5039299.760530
0.469000, 5040896.697840
0.470000, 5042394.132164
0.471000, 5043891.566488
0.472000, 5045289.438712
0.473000, 5046687.310935
0.474000, 5047985.565871
0.475000, 5049283.820807
0.476000, 5050482.407204
0.477000, 5051680.993600
0.478000, 5052779.864139
0.479000, 5053878.734678
0.480000, 5054877.845977
0.481000, 5055876.957276
0.482000, 5056776.269893
0.483000, 5057675.582510
0.484000, 5058475.060940
0.485000, 5059274.539371
0.486000, 5059974.152054
0.487000, 5060673.764737
0.488000, 5061273.484052
0.489000, 5061873.203367
0.490000, 5062373.005639
0.491000, 5062872.807911
0.492000, 5063272.673408
0.493000, 5063672.538905
0.494000, 5063972.451842
0.495000, 5064272.364778
0.496000, 5064472.313314
0.497000, 5064672.261849
0.498000, 5064772.238091
0.499000, 5064872.214332
0.500000, 5064872.214332
0.501000, 5064872.214332
0.502000, 5064772.238091
0.503000, 5064672.261849
0.504000, 5064472.313314
0.505000, 5064272.364778
0.506000, 5063972.451842
0.507000, 5063672.538905
0.508000, 5063272.673408
0.509000, 5062872.807911
0.510000, 5062373.005639
0.511000, 5061873.203367
0.512000, 5061273.484052
0.513000, 5060673.764737
0.514000, 5059974.152054
0.515000, 5059274.539371
0.516000, 5058475.060940
0.517000, 5057675.582510
0.518000, 5056776.269893
0.519000, 5055876.957276
0.520000, 5054877.845977
0.521000, 5053878.734678
0.522000, 5052779.864139
0.523000, 5051680.993600
0.524000, 5050482.407204
0.525000, 5049283.820807
0.526000, 5047985.565871
0.527000, 5046687.310935
0.528000, 5045289.438712
0.529000, 5043891.566488
0.530000, 5042394.132164
0.531000, 5040896.697840
0.532000, 5039299.760530
0.533000, 5037702.823220
0.534000, 5036006.445970
0.535000, 5034310.068720
0.536000, 5032514.318499
0.537000, 5030718.568278
0.538000, 5028823.515979
0.539000, 5026928.463681
0.540000, 5024934.184118
0.541000, 5022939.904555
0.542000, 5020846.476459
0.543000, 5018753.048363
0.544000, 5016560.554379
0.545000, 5014368.060394
0.546000, 5012076.587077
0.547000, 5009785.113760
0.548000, 5007394.751574
0.549000, 5005004.389388
0.550000, 5002515.232700
0.551000, 5000026.076012
0.552000, 4997438.223090
0.553000, 4994850.370169
0.554000, 4992163.923177
0.555000, 4989477.476185
0.556000, 4986692.541179
0.557000, 4983907.606174
0.558000, 4981024.293099
0.559000, 4978140.980024
0.560000, 4975159.402708
0.561000, 4972177.825393
0.562000, 4969098.101543
0.563000, 4966018.377694
0.564000, 4962840.628894
0.565000, 4959662.880094
0.566000, 4956387.231794
0.567000, 4953111.583495
0.568000, 4949738.165013
0.569000, 4946364.746531
0.570000, 4942893.691044
0.571000, 4939422.635558
0.572000, 4935854.080097
0.573000, 4932285.524636
0.574000, 4928619.610081
0.575000, 4924953.695527
0.576000, 4921190.566603
0.577000, 4917427.437679
0.578000, 4913567.242947
0.579000, 4909707.048216
0.580000, 4905749.940070
0.581000, 4901792.831925
0.582000, 4897738.966586
0.583000, 4893685.101246
0.584000, 4889534.638753
0.585000, 4885384.176260
0.586000, 4881137.280465
0.587000, 4876890.384670
0.588000, 4872547.223235
0.589000, 4868204.061799
0.590000, 4863764.806184
0.591000, 4859325.550568
0.592000, 4854790.376026
0.593000, 4850255.201484
0.594000, 4845624.287057
0.595000, 4840993.372630
0.596000, 4836266.901138
0.597000, 4831540.429646
0.598000, 4826718.587683
0.599000, 4821896.745720
0.600000, 4816979.723643
0.601000, 4812062.701566
0.602000, 4807050.693491
0.603000, 4802038.685416
0.604000, 4796931.889209
0.605000, 4791825.093002
0.606000, 4786623.710269
0.607000, 4781422.327537
0.608000, 4776126.563622
0.609000, 4770830.799707
0.610000, 4765440.863676
0.611000, 4760050.927645
0.612000, 4754567.032284
0.613000, 4749083.136923
0.614000, 4743505.498727
0.615000, 4737927.860531
0.616000, 4732256.699695
0.617000, 4726585.538859
0.618000, 4720821.079271
0.619000, 4715056.619683
0.620000, 4709199.088915
0.621000, 4703341.558146
0.622000, 4697391.187442
0.623000, 4691440.816737
0.624000, 4685397.841008
0.625000, 4679354.865278
0.626000, 4673219.523090
0.627000, 4667084.180901
0.628000, 4660856.714467
0.629000, 4654629.248032
0.630000, 4648309.903202
0.631000, 4641990.558371
0.632000, 4635579.584620
0.633000, 4629168.610870
0.634000, 4622666.261295
0.635000, 4616163.911719
0.636000, 4609570.443020
0.637000, 4602976.974321
0.638000, 4596292.646797
0.639000, 4589608.319274
0.640000, 4582833.396811
0.641000, 4576058.474349
0.642000, 4569193.224409
0.643000, 4562327.974470
0.644000, 4555372.668083
0.645000, 4548417.361695
0.646000, 4541372.273443
0.647000, 4534327.185191
0.648000, 4527192.593203
0.649000, 4520058.001214
0.650000, 4512834.187150
0.651000, 4505610.373086
0.652000, 4498297.622131
0.653000, 4490984.871176
0.654000, 4483583.472025
0.655000, 4476182.072873
0.656000, 4468692.317719
0.657000, 4461202.562566
0.658000, 4453624.747093
0.659000, 4446046.931620
0.660000, 4438381.354988
0.661000, 4430715.778355
0.662000, 4422962.743186
0.663000, 4415209.708017
0.664000, 4407369.520389
0.665000, 4399529.332760
0.666000, 4391602.302189
0.667000, 4383675.271619
0.668000, 4375661.711051
0.669000, 4367648.150483
0.670000, 4359548.376280
0.671000, 4351448.602077
0.672000, 4343262.934004
0.673000, 4335077.265931
0.674000, 4326806.027145
0.675000, 4318534.788358
0.676000, 4310178.305392
0.677000, 4301821.822426
0.678000, 4293380.425180
0.679000, 4284939.027934
0.680000, 4276413.049660
0.681000, 4267887.071386
0.682000, 4259276.848675
0.683000, 4250666.625964
0.684000, 4241972.498733
0.685000, 4233278.371503
0.686000, 4224500.682981
0.687000, 4215722.994459
0.688000, 4206862.091175
0.689000, 4198001.187891
0.690000, 4189057.419657
0.691000, 4180113.651423
0.692000, 4171087.371325
0.693000, 4162061.091227
0.694000, 4152952.655605
0.695000, 4143844.219984
0.696000, 4134653.988426
0.697000, 4125463.756868
0.698000, 4116192.092187
0.699000, 4106920.427506
0.700000, 4097567.695732
0.701000, 4088214.963958
0.702000, 4078781.534321
0.703000, 4069348.104683
0.704000, 4059834.349598
0.705000, 4050320.594513
0.706000, 4040726.889568
0.707000, 4031133.184622
0.708000, 4021459.908558
0.709000, 4011786.632494
0.710000, 4002034.167197
0.711000, 3992281.701900
0.712000, 3982450.432380
0.713000, 3972619.162859
0.714000, 3962709.477238
0.715000, 3952799.791617
0.716000, 3942812.081112
0.717000, 3932824.370607
0.718000, 3922759.029516
0.719000, 3912693.688425
0.720000, 3902551.114110
0.721000, 3892408.539795
0.722000, 3882189.132669
0.723000, 3871969.725542
0.724000, 3861673.889047
0.725000, 3851378.052553
0.726000, 3841006.193154
0.727000, 3830634.333754
0.728000, 3820186.860912
0.729000, 3809739.388070
0.730000, 3799216.714234
0.731000, 3788694.040398
0.732000, 3778096.580986
0.733000, 3767499.121574
0.734000, 3756827.294954
0.735000, 3746155.468334
0.736000, 3735409.695813
0.737000, 3724663.923291
0.738000, 3713844.629093
0.739000, 3703025.334895
0.740000, 3692132.946147
0.741000, 3681240.557398
0.742000, 3670275.504113
0.743000, 3659310.450828
0.744000, 3648273.165887
0.745000, 3637235.880947
0.746000, 3626126.800084
0.747000, 3615017.719221
0.748000, 3603837.281003
0.749000, 3592656.842786
0.750000, 3581405.488598
0.751000, 3570154.134410
0.752000, 3558832.308435
0.753000, 3547510.482461
0.754000, 3536118.631668
0.755000, 3524726.780874
0.756000, 3513265.354991
0.757000, 3501803.929108
0.758000, 3490273.380614
0.759000, 3478742.832119
0.760000, 3467143.616220
0.761000, 3455544.400320
0.762000, 3443876.974932
0.763000, 3432209.549545
0.764000, 3420474.375279
0.765000, 3408739.201013
0.766000, 3396936.741154
0.767000, 3385134.281295
0.768000, 3373265.001783
0.769000, 3361395.722271
0.770000, 3349460.091686
0.771000, 3337524.461100
0.772000, 3325522.950639
0.773000, 3313521.440178
0.774000, 3301454.523641
0.775000, 3289387.607104
0.776000, 3277255.760871
0.777000, 3265123.914638
0.778000, 3252927.617655
0.779000, 3240731.320672
0.780000, 3228471.054427
0.781000, 3216210.788182
0.782000, 3203887.036689
0.783000, 3191563.285197
0.784000, 3179176.534978
0.785000, 3166789.784758
0.786000, 3154340.524820
0.787000, 3141891.264881
0.788000, 3129379.986699
0.789000, 3116868.708517
0.790000, 3104295.906015
0.791000, 3091723.103513
0.792000, 3079089.273044
0.793000, 3066455.442575
0.794000, 3053761.082901
0.795000, 3041066.723226
0.796000, 3028312.335499
0.797000, 3015557.947771
0.798000, 3002744.035511
0.799000, 2989930.123251
0.800000, 2977057.192330
0.801000, 2964184.261410
0.802000, 2951252.820029
0.803000, 2938321.378649
0.804000, 2925331.937320
0.805000, 2912342.495991
0.806000, 2899295.567515
0.807000, 2886248.639039
0.808000, 2873144.738485
0.809000, 2860040.837932
0.810000, 2846880.482621
0.811000, 2833720.127310
0.812000, 2820503.836790
0.813000, 2807287.546270
0.814000, 2794015.842297
0.815000, 2780744.138324
0.816000, 2767417.544843
0.817000, 2754090.951361
0.818000, 2740709.994482
0.819000, 2727329.037603
0.820000, 2713894.245584
0.821000, 2700459.453564
0.822000, 2686971.356788
0.823000, 2673483.260011
0.824000, 2659942.390963
0.825000, 2646401.521916
0.826000, 2632808.415168
0.827000, 2619215.308420
0.828000, 2605570.500604
0.829000, 2591925.692788
0.830000, 2578229.722578
0.831000, 2564533.752368
0.832000, 2550787.160458
0.833000, 2537040.568547
0.834000, 2523243.897628
0.835000, 2509447.226709
0.836000, 2495601.021450
0.837000, 2481754.816191
0.838000, 2467859.623216
0.839000, 2453964.430242
0.840000, 2440020.798110
0.841000, 2426077.165979
0.842000, 2412085.645161
0.843000, 2398094.124344
0.844000, 2384055.267201
0.845000, 2370016.410059
0.846000, 2355930.770821
0.847000, 2341845.131584
0.848000, 2327713.266328
0.849000, 2313581.401073
0.850000, 2299403.867702
0.851000, 2285226.334330
0.852000, 2271003.692547
0.853000, 2256781.050764
0.854000, 2242513.862056
0.855000, 2228246.673347
0.856000, 2213935.500957
0.857000, 2199624.328566
0.858000, 2185269.737475
0.859000, 2170915.146384
0.860000, 2156517.703286
0.861000, 2142120.260188
0.862000, 2127680.533470
0.863000, 2113240.806753
0.864000, 2098759.366471
0.865000, 2084277.926189
0.866000, 2069755.344045
0.867000, 2055232.761901
0.868000, 2040669.611222
0.869000, 2026106.460543
0.870000, 2011503.316257
0.871000, 1996900.171971
0.872000, 1982257.610585
0.873000, 1967615.049199
0.874000, 1952933.648777
0.875000, 1938252.248355
0.876000, 1923532.588493
0.877000, 1908812.928630
0.878000, 1894055.590435
0.879000, 1879298.252240
0.880000, 1864503.818306
0.881000, 1849709.384372
0.882000, 1834878.438759
0.883000, 1820047.493145
0.884000, 1805180.621353
0.885000, 1790313.749560
0.886000, 1775411.538506
0.887000, 1760509.327453
0.888000, 1745572.365453
0.889000, 1730635.403453
0.890000, 1715664.280191
0.891000, 1700693.156930
0.892000, 1685688.463441
0.893000, 1670683.769953
0.894000, 1655646.098597
0.895000, 1640608.427241
0.896000, 1625538.371680
0.897000, 1610468.316119
0.898000, 1595366.471291
0.899000, 1580264.626464
0.900000, 1565131.588566
0.901000, 1549998.550668
0.902000, 1534834.917126
0.903000, 1519671.283583
0.904000, 1504477.653031
0.905000, 1489284.022478
0.906000, 1474060.994734
0.907000, 1458837.966990
0.908000, 1443586.143034
0.909000, 1428334.319077
0.910000, 1413054.301024
0.911000, 1397774.282971
0.912000, 1382466.674050
0.913000, 1367159.065129
0.914000, 1351824.469659
0.915000, 1336489.874188
0.916000, 1321128.897552
0.917000, 1305767.920916
0.918000, 1290381.169539
0.919000, 1274994.418162
0.920000, 1259582.499487
0.921000, 1244170.580811
0.922000, 1228734.103274
0.923000, 1213297.625737
0.924000, 1197837.198743
0.925000, 1182376.771749
0.926000, 1166893.005650
0.927000, 1151409.239551
0.928000, 1135902.745620
0.929000, 1120396.251688
0.930000, 1104867.642094
0.931000, 1089339.032499
0.932000, 1073788.920285
0.933000, 1058238.808071
0.934000, 1042667.807128
0.935000, 1027096.806186
0.936000, 1011505.531232
0.937000, 995914.256278
0.938000, 980303.322830
0.939000, 964692.389381
0.940000, 949062.413730
0.941000, 933432.438080
0.942000, 917784.037272
0.943000, 902135.636464
0.944000, 886469.428271
0.945000, 870803.220078
0.946000, 855119.822975
0.947000, 839436.425873
0.948000, 823736.459013
0.949000, 808036.492154
0.950000, 792320.575346
0.951000, 776604.658538
0.952000, 760873.412219
0.953000, 745142.165900
0.954000, 729396.211113
0.955000, 713650.256326
0.956000, 697890.214693
0.957000, 682130.173061
0.958000, 666356.666763
0.959000, 650583.160465
0.960000, 634796.812212
0.961000, 619010.463960
0.962000, 603211.896970
0.963000, 587413.329981
0.964000, 571603.167956
0.965000, 555793.005930
0.966000, 539971.873027
0.967000, 524150.740123
0.968000, 508319.260933
0.969000, 492487.781742
0.970000, 476646.581265
0.971000, 460805.380787
0.972000, 444955.084406
0.973000, 429104.788024
0.974000, 413246.021482
0.975000, 397387.254939
0.976000, 381520.644313
0.977000, 365654.033686
0.978000, 349780.205362
0.979000, 333906.377038
0.980000, 318025.957687
0.981000, 302145.538337
0.982000, 286259.154893
0.983000, 270372.771448
0.984000, 254481.051077
0.985000, 238589.330705
0.986000, 222692.900785
0.987000, 206796.470864
0.988000, 190895.958958
0.989000, 174995.447052
0.990000, 159091.480886
0.991000, 143187.514720
0.992000, 127280.722154
0.993000, 111373.929589
0.994000, 95464.938598
0.995000, 79555.947607
0.996000, 63645.386249
0.997000, 47734.824892
0.998000, 31823.321290
0.999000, 15911.817688
1.000000, 0.000000
