0.000000, 0.000000
0.001000, 307.037260
0.002000, 614.068459
0.003000, 921.099659
0.004000, 1228.112677
0.005000, 1535.125694
0.006000, 1842.108410
0.007000, 2149.091126
0.008000, 2456.031420
0.009000, 2762.971714
0.010000, 3069.857470
0.011000, 3376.743226
0.012000, 3683.562328
0.013000, 3990.381429
0.014000, 4297.121764
0.015000, 4603.862099
0.016000, 4910.511558
0.017000, 5217.161017
0.018000, 5523.707493
0.019000, 5830.253969
0.020000, 6136.685362
0.021000, 6443.116754
0.022000, 6749.420964
0.023000, 7055.725175
0.024000, 7361.890112
0.025000, 7668.055048
0.026000, 7974.068624
0.027000, 8280.082200
0.028000, 8585.932334
0.029000, 8891.782468
0.030000, 9197.457086
0.031000, 9503.131703
0.032000, 9808.618738
0.033000, 10114.105772
0.034000, 10419.393162
0.035000, 10724.680552
0.036000, 11029.756247
0.037000, 11334.831941
0.038000, 11639.683896
0.039000, 11944.535850
0.040000, 12249.152030
0.041000, 12553.768209
0.042000, 12858.136588
0.043000, 13162.504967
0.044000, 13466.613529
0.045000, 13770.722092
0.046000, 14074.558832
0.047000, 14378.395572
0.048000, 14681.948495
0.049000, 14985.501418
0.050000, 15288.758540
0.051000, 15592.015662
0.052000, 15894.965010
0.053000, 16197.914359
0.054000, 16500.543975
0.055000, 16803.173591
0.056000, 17105.471527
0.057000, 17407.769462
0.058000, 17709.723784
0.059000, 18011.678105
0.060000, 18313.276891
0.061000, 18614.875677
0.062000, 18916.107021
0.063000, 19217.338366
0.064000, 19518.190376
0.065000, 19819.042387
0.066000, 20119.503186
0.067000, 20419.963986
0.068000, 20720.021713
0.069000, 21020.079440
0.070000, 21319.722249
0.071000, 21619.365057
0.072000, 21918.581118
0.073000, 22217.797179
0.074000, 22516.574680
0.075000, 22815.352180
0.076000, 23113.679325
0.077000, 23412.006470
0.078000, 23709.871482
0.079000, 24007.736495
0.080000, 24305.127615
0.081000, 24602.518735
0.082000, 24899.424222
0.083000, 25196.329709
0.084000, 25492.737842
0.085000, 25789.145976
0.086000, 26085.045053
0.087000, 26380.944131
0.088000, 26676.322471
0.089000, 26971.700812
0.090000, 27266.546754
0.091000, 27561.392696
0.092000, 27855.694600
0.093000, 28149.996504
0.094000, 28443.742751
0.095000, 28737.488998
0.096000, 29030.667991
0.097000, 29323.846985
0.098000, 29616.447151
0.099000, 29909.047317
0.100000, 30201.057104
0.101000, 30493.066891
0.102000, 30784.474770
0.103000, 31075.882650
0.104000, 31366.677119
0.105000, 31657.471588
0.106000, 31947.641165
0.107000, 32237.810742
0.108000, 32527.343972
0.109000, 32816.877203
0.110000, 33105.762656
0.111000, 33394.648109
0.112000, 33682.874381
0.113000, 33971.100653
0.114000, 34258.656364
0.115000, 34546.212075
0.116000, 34833.085873
0.117000, 35119.959672
0.118000, 35406.140233
0.119000, 35692.320793
0.120000, 35977.796818
0.121000, 36263.272842
0.122000, 36548.033061
0.123000, 36832.793280
0.124000, 37116.826451
0.125000, 37400.859622
0.126000, 37684.154532
0.127000, 37967.449442
0.128000, 38249.994907
0.129000, 38532.540372
0.130000, 38814.325238
0.131000, 39096.110103
0.132000, 39377.123245
0.133000, 39658.136387
0.134000, 39938.366712
0.135000, 40218.597036
0.136000, 40498.033479
0.137000, 40777.469923
0.138000, 41056.101454
0.139000, 41334.732986
0.140000, 41612.548605
0.141000, 41890.364224
0.142000, 42167.352963
0.143000, 42444.341702
0.144000, 42720.492626
0.145000, 42996.643550
0.146000, 43271.945757
0.147000, 43547.247965
0.148000, 43821.690586
0.149000, 44096.133208
0.150000, 44369.705410
0.151000, 44643.277612
0.152000, 44915.968594
0.153000, 45188.659576
0.154000, 45460.458572
0.155000, 45732.257568
0.156000, 46003.153849
0.157000, 46274.050130
0.158000, 46544.033000
0.159000, 46814.015871
0.160000, 47083.074673
0.161000, 47352.133475
0.162000, 47620.257587
0.163000, 47888.381698
0.164000, 48155.560534
0.165000, 48422.739370
0.166000, 48688.962382
0.167000, 48955.185394
0.168000, 49220.442073
0.169000, 49485.698752
0.170000, 49749.978626
0.171000, 50014.258499
0.172000, 50277.551134
0.173000, 50540.843769
0.174000, 50803.138771
0.175000, 51065.433773
0.176000, 51326.720787
0.177000, 51588.007801
0.178000, 51848.276512
0.179000, 52108.545223
0.180000, 52367.785356
0.181000, 52627.025489
0.182000, 52885.226809
0.183000, 53143.428130
0.184000, 53400.580444
0.185000, 53657.732759
0.186000, 53913.825916
0.187000, 54169.919073
0.188000, 54424.942962
0.189000, 54679.966851
0.190000, 54933.911405
0.191000, 55187.855958
0.192000, 55440.711150
0.193000, 55693.566343
0.194000, 55945.322192
0.195000, 56197.078041
0.196000, 56447.724608
0.197000, 56698.371174
0.198000, 56947.898564
0.199000, 57197.425953
0.200000, 57445.824315
0.201000, 57694.222676
0.202000, 57941.482203
0.203000, 58188.741730
0.204000, 58434.852660
0.205000, 58680.963591
0.206000, 58925.916210
0.207000, 59170.868829
0.208000, 59414.653465
0.209000, 59658.438102
0.210000, 59901.045132
0.211000, 60143.652162
0.212000, 60385.072008
0.213000, 60626.491854
0.214000, 60866.714984
0.215000, 61106.938115
0.216000, 61345.955047
0.217000, 61584.971979
0.218000, 61822.773277
0.219000, 62060.574574
0.220000, 62297.150849
0.221000, 62533.727124
0.222000, 62769.069037
0.223000, 63004.410950
0.224000, 63238.509209
0.225000, 63472.607469
0.226000, 63705.452833
0.227000, 63938.298198
0.228000, 64169.881475
0.229000, 64401.464753
0.230000, 64631.776800
0.231000, 64862.088848
0.232000, 65091.120573
0.233000, 65320.152299
0.234000, 65547.894660
0.235000, 65775.637022
0.236000, 66002.081029
0.237000, 66228.525036
0.238000, 66453.661748
0.239000, 66678.798460
0.240000, 66902.618990
0.241000, 67126.439521
0.242000, 67348.935032
0.243000, 67571.430544
0.244000, 67792.592253
0.245000, 68013.753963
0.246000, 68233.573139
0.247000, 68453.392315
0.248000, 68671.860280
0.249000, 68890.328244
0.250000, 69107.436373
0.251000, 69324.544502
0.252000, 69540.284223
0.253000, 69756.023945
0.254000, 69970.386742
0.255000, 70184.749539
0.256000, 70397.726950
0.257000, 70610.704360
0.258000, 70822.287976
0.259000, 71033.871592
0.260000, 71244.053059
0.261000, 71454.234527
0.262000, 71663.005549
0.263000, 71871.776572
0.264000, 72079.128907
0.265000, 72286.481242
0.266000, 72492.406704
0.267000, 72698.332166
0.268000, 72902.822624
0.269000, 73107.313083
0.270000, 73310.360467
0.271000, 73513.407850
0.272000, 73715.004141
0.273000, 73916.600433
0.274000, 74116.737674
0.275000, 74316.874915
0.276000, 74515.545204
0.277000, 74714.215494
0.278000, 74911.410989
0.279000, 75108.606484
0.280000, 75304.319399
0.281000, 75500.032314
0.282000, 75694.254924
0.283000, 75888.477533
0.284000, 76081.202169
0.285000, 76273.926804
0.286000, 76465.145858
0.287000, 76656.364912
0.288000, 76846.070835
0.289000, 77035.776757
0.290000, 77223.962060
0.291000, 77412.147362
0.292000, 77598.804615
0.293000, 77785.461868
0.294000, 77970.583703
0.295000, 78155.705537
0.296000, 78339.284645
0.297000, 78522.863753
0.298000, 78704.892886
0.299000, 78886.922020
0.300000, 79067.393993
0.301000, 79247.865967
0.302000, 79426.773655
0.303000, 79605.681343
0.304000, 79783.017684
0.305000, 79960.354024
0.306000, 80136.112016
0.307000, 80311.870007
0.308000, 80486.042711
0.309000, 80660.215415
0.310000, 80832.795955
0.311000, 81005.376495
0.312000, 81176.358059
0.313000, 81347.339622
0.314000, 81516.715459
0.315000, 81686.091296
0.316000, 81853.854719
0.317000, 82021.618142
0.318000, 82187.762528
0.319000, 82353.906915
0.320000, 82518.425706
0.321000, 82682.944497
0.322000, 82845.831198
0.323000, 83008.717898
0.324000, 83169.966077
0.325000, 83331.214257
0.326000, 83490.817550
0.327000, 83650.420842
0.328000, 83808.372947
0.329000, 83966.325052
0.330000, 84122.619734
0.331000, 84278.914415
0.332000, 84433.545503
0.333000, 84588.176591
0.334000, 84741.137981
0.335000, 84894.099370
0.336000, 85045.385023
0.337000, 85196.670676
0.338000, 85346.274620
0.339000, 85495.878563
0.340000, 85643.794892
0.341000, 85791.711220
0.342000, 85937.934093
0.343000, 86084.156966
0.344000, 86228.680612
0.345000, 86373.204257
0.346000, 86516.022970
0.347000, 86658.841682
0.348000, 86799.949824
0.349000, 86941.057965
0.350000, 87080.449964
0.351000, 87219.841963
0.352000, 87357.512317
0.353000, 87495.182671
0.354000, 87631.125945
0.355000, 87767.069220
0.356000, 87901.280047
0.357000, 88035.490874
0.358000, 88167.963956
0.359000, 88300.437038
0.360000, 88431.167146
0.361000, 88561.897253
0.362000, 88690.879224
0.363000, 88819.861195
0.364000, 88947.089938
0.365000, 89074.318681
0.366000, 89199.789173
0.367000, 89325.259665
0.368000, 89448.966953
0.369000, 89572.674241
0.370000, 89694.613442
0.371000, 89816.552642
0.372000, 89936.718940
0.373000, 90056.885238
0.374000, 90175.273891
0.375000, 90293.662544
0.376000, 90410.268876
0.377000, 90526.875209
0.378000, 90641.694619
0.379000, 90756.514029
0.380000, 90869.541983
0.381000, 90982.569937
0.382000, 91093.801973
0.383000, 91205.034009
0.384000, 91314.465736
0.385000, 91423.897463
0.386000, 91531.524560
0.387000, 91639.151657
0.388000, 91744.969876
0.389000, 91850.788095
0.390000, 91954.793258
0.391000, 92058.798421
0.392000, 92160.986422
0.393000, 92263.174423
0.394000, 92363.541228
0.395000, 92463.908033
0.396000, 92562.449679
0.397000, 92660.991326
0.398000, 92757.703924
0.399000, 92854.416522
0.400000, 92949.296253
0.401000, 93044.175984
0.402000, 93137.219103
0.403000, 93230.262222
0.404000, 93321.465055
0.405000, 93412.667889
0.406000, 93502.026836
0.407000, 93591.385783
0.408000, 93678.897317
0.409000, 93766.408850
0.410000, 93852.069515
0.411000, 93937.730180
0.412000, 94021.536594
0.413000, 94105.343008
0.414000, 94187.291864
0.415000, 94269.240719
0.416000, 94349.328781
0.417000, 94429.416842
0.418000, 94507.640948
0.419000, 94585.865053
0.420000, 94662.222115
0.421000, 94738.579177
0.422000, 94813.066180
0.423000, 94887.553183
0.424000, 94960.167187
0.425000, 95032.781191
0.426000, 95103.519329
0.427000, 95174.257468
0.428000, 95243.116947
0.429000, 95311.976427
0.430000, 95378.954531
0.431000, 95445.932634
0.432000, 95511.026716
0.433000, 95576.120798
0.434000, 95639.328289
0.435000, 95702.535781
0.436000, 95763.854186
0.437000, 95825.172591
0.438000, 95884.599490
0.439000, 95944.026388
0.440000, 96001.559433
0.441000, 96059.092479
0.442000, 96114.729400
0.443000, 96170.366321
0.444000, 96224.104922
0.445000, 96277.843522
0.446000, 96329.681680
0.447000, 96381.519839
0.448000, 96431.455508
0.449000, 96481.391178
0.450000, 96529.422387
0.451000, 96577.453597
0.452000, 96623.578450
0.453000, 96669.703303
0.454000, 96713.919979
0.455000, 96758.136656
0.456000, 96800.443409
0.457000, 96842.750162
0.458000, 96883.145322
0.459000, 96923.540483
0.460000, 96962.022455
0.461000, 97000.504428
0.462000, 97037.071694
0.463000, 97073.638960
0.464000, 97108.290075
0.465000, 97142.941190
0.466000, 97175.674787
0.467000, 97208.408383
0.468000, 97239.223169
0.469000, 97270.037955
0.470000, 97298.932714
0.471000, 97327.827473
0.472000, 97354.801063
0.473000, 97381.774654
0.474000, 97406.826012
0.475000, 97431.877370
0.476000, 97455.005506
0.477000, 97478.133642
0.478000, 97499.337643
0.479000, 97520.541644
0.480000, 97539.820673
0.481000, 97559.099702
0.482000, 97576.452998
0.483000, 97593.806294
0.484000, 97609.233172
0.485000, 97624.660049
0.486000, 97638.159900
0.487000, 97651.659751
0.488000, 97663.232041
0.489000, 97674.804331
0.490000, 97684.448605
0.491000, 97694.092878
0.492000, 97701.808754
0.493000, 97709.524629
0.494000, 97715.311803
0.495000, 97721.098976
0.496000, 97724.957218
0.497000, 97728.815461
0.498000, 97730.744620
0.499000, 97732.673780
0.500000, 97732.673780
0.501000, 97732.673780
0.502000, 97730.744620
0.503000, 97728.815461
0.504000, 97724.957218
0.505000, 97721.098976
0.506000, 97715.311803
0.507000, 97709.524629
0.508000, 97701.808754
0.509000, 97694.092878
0.510000, 97684.448605
0.511000, 97674.804331
0.512000, 97663.232041
0.513000, 97651.659751
0.514000, 97638.159900
0.515000, 97624.660049
0.516000, 97609.233172
0.517000, 97593.806294
0.518000, 97576.452998
0.519000, 97559.099702
0.520000, 97539.820673
0.521000, 97520.541644
0.522000, 97499.337643
0.523000, 97478.133642
0.524000, 97455.005506
0.525000, 97431.877370
0.526000, 97406.826012
0.527000, 97381.774654
0.528000, 97354.801063
0.529000, 97327.827473
0.530000, 97298.932714
0.531000, 97270.037955
0.532000, 97239.223169
0.533000, 97208.408383
0.534000, 97175.674787
0.535000, 97142.941190
0.536000, 97108.290075
0.537000, 97073.638960
0.538000, 97037.071694
0.539000, 97000.504428
0.540000, 96962.022455
0.541000, 96923.540483
0.542000, 96883.145322
0.543000, 96842.750162
0.544000, 96800.443409
0.545000, 96758.136656
0.546000, 96713.919979
0.547000, 96669.703303
0.548000, 96623.578450
0.549000, 96577.453597
0.550000, 96529.422387
0.551000, 96481.391178
0.552000, 96431.455508
0.553000, 96381.519839
0.554000, 96329.681680
0.555000, 96277.843522
0.556000, 96224.104922
0.557000, 96170.366321
0.558000, 96114.729400
0.559000, 96059.092479
0.560000, 96001.559433
0.561000, 95944.026388
0.562000, 95884.599490
0.563000, 95825.172591
0.564000, 95763.854186
0.565000, 95702.535781
0.566000, 95639.328289
0.567000, 95576.120798
0.568000, 95511.026716
0.569000, 95445.932634
0.570000, 95378.954531
0.571000, 95311.976427
0.572000, 95243.116947
0.573000, 95174.257468
0.574000, 95103.519329
0.575000, 95032.781191
0.576000, 94960.167187
0.577000, 94887.553183
0.578000, 94813.066180
0.579000, 94738.579177
0.580000, 94662.222115
0.581000, 94585.865053
0.582000, 94507.640948
0.583000, 94429.416842
0.584000, 94349.328781
0.585000, 94269.240719
0.586000, 94187.291864
0.587000, 94105.343008
0.588000, 94021.536594
0.589000, 93937.730180
0.590000, 93852.069515
0.591000, 93766.408850
0.592000, 93678.897317
0.593000, 93591.385783
0.594000, 93502.026836
0.595000, 93412.667889
0.596000, 93321.465055
0.597000, 93230.262222
0.598000, 93137.219103
0.599000, 93044.175984
0.600000, 92949.296253
0.601000, 92854.416522
0.602000, 92757.703924
0.603000, 92660.991326
0.604000, 92562.449679
0.605000, 92463.908033
0.606000, 92363.541228
0.607000, 92263.174423
0.608000, 92160.986422
0.609000, 92058.798421
0.610000, 91954.793258
0.611000, 91850.788095
0.612000, 91744.969876
0.613000, 91639.151657
0.614000, 91531.524560
0.615000, 91423.897463
0.616000, 91314.465736
0.617000, 91205.034009
0.618000, 91093.801973
0.619000, 90982.569937
0.620000, 90869.541983
0.621000, 90756.514029
0.622000, 90641.694619
0.623000, 90526.875209
0.624000, 90410.268876
0.625000, 90293.662544
0.626000, 90175.273891
0.627000, 90056.885238
0.628000, 89936.718940
0.629000, 89816.552642
0.630000, 89694.613442
0.631000, 89572.674241
0.632000, 89448.966953
0.633000, 89325.259665
0.634000, 89199.789173
0.635000, 89074.318681
0.636000, 88947.089938
0.637000, 88819.861195
0.638000, 88690.879224
0.639000, 88561.897253
0.640000, 88431.167146
0.641000, 88300.437038
0.642000, 88167.963956
0.643000, 88035.490874
0.644000, 87901.280047
0.645000, 87767.069220
0.646000, 87631.125945
0.647000, 87495.182671
0.648000, 87357.512317
0.649000, 87219.841963
0.650000, 87080.449964
0.651000, 86941.057965
0.652000, 86799.949824
0.653000, 86658.841682
0.654000, 86516.022970
0.655000, 86373.204257
0.656000, 86228.680612
0.657000, 86084.156966
0.658000, 85937.934093
0.659000, 85791.711220
0.660000, 85643.794892
0.661000, 85495.878563
0.662000, 85346.274620
0.663000, 85196.670676
0.664000, 85045.385023
0.665000, 84894.099370
0.666000, 84741.137981
0.667000, 84588.176591
0.668000, 84433.545503
0.669000, 84278.914415
0.670000, 84122.619734
0.671000, 83966.325052
0.672000, 83808.372947
0.673000, 83650.420842
0.674000, 83490.817550
0.675000, 83331.214257
0.676000, 83169.966077
0.677000, 83008.717898
0.678000, 82845.831198
0.679000, 82682.944497
0.680000, 82518.425706
0.681000, 82353.906915
0.682000, 82187.762528
0.683000, 82021.618142
0.684000, 81853.854719
0.685000, 81686.091296
0.686000, 81516.715459
0.687000, 81347.339622
0.688000, 81176.358059
0.689000, 81005.376495
0.690000, 80832.795955
0.691000, 80660.215415
0.692000, 80486.042711
0.693000, 80311.870007
0.694000, 80136.112016
0.695000, 79960.354024
0.696000, 79783.017684
0.697000, 79605.681343
0.698000, 79426.773655
0.699000, 79247.865967
0.700000, 79067.393993
0.701000, 78886.922020
0.702000, 78704.892886
0.703000, 78522.863753
0.704000, 78339.284645
0.705000, 78155.705537
0.706000, 77970.583703
0.707000, 77785.461868
0.708000, 77598.804615
0.709000, 77412.147362
0.710000, 77223.962060
0.711000, 77035.776757
0.712000, 76846.070835
0.713000, 76656.364912
0.714000, 76465.145858
0.715000, 76273.926804
0.716000, 76081.202169
0.717000, 75888.477533
0.718000, 75694.254924
0.719000, 75500.032314
0.720000, 75304.319399
0.721000, 75108.606484
0.722000, 74911.410989
0.723000, 74714.215494
0.724000, 74515.545204
0.725000, 74316.874915
0.726000, 74116.737674
0.727000, 73916.600433
0.728000, 73715.004141
0.729000, 73513.407850
0.730000, 73310.360467
0.731000, 73107.313083
0.732000, 72902.822624
0.733000, 72698.332166
0.734000, 72492.406704
0.735000, 72286.481242
0.736000, 72079.128907
0.737000, 71871.776572
0.738000, 71663.005549
0.739000, 71454.234527
0.740000, 71244.053059
0.741000, 71033.871592
0.742000, 70822.287976
0.743000, 70610.704360
0.744000, 70397.726950
0.745000, 70184.749539
0.746000, 69970.386742
0.747000, 69756.023945
0.748000, 69540.284223
0.749000, 69324.544502
0.750000, 69107.436373
0.751000, 68890.328244
0.752000, 68671.860280
0.753000, 68453.392315
0.754000, 68233.573139
0.755000, 68013.753963
0.756000, 67792.592253
0.757000, 67571.430544
0.758000, 67348.935032
0.759000, 67126.439521
0.760000, 66902.618990
0.761000, 66678.798460
0.762000, 66453.661748
0.763000, 66228.525036
0.764000, 66002.081029
0.765000, 65775.637022
0.766000, 65547.894660
0.767000, 65320.152299
0.768000, 65091.120573
0.769000, 64862.088848
0.770000, 64631.776800
0.771000, 64401.464753
0.772000, 64169.881475
0.773000, 63938.298198
0.774000, 63705.452833
0.775000, 63472.607469
0.776000, 63238.509209
0.777000, 63004.410950
0.778000, 62769.069037
0.779000, 62533.727124
0.780000, 62297.150849
0.781000, 62060.574574
0.782000, 61822.773277
0.783000, 61584.971979
0.784000, 61345.955047
0.785000, 61106.938115
0.786000, 60866.714984
0.787000, 60626.491854
0.788000, 60385.072008
0.789000, 60143.652162
0.790000, 59901.045132
0.791000, 59658.438102
0.792000, 59414.653465
0.793000, 59170.868829
0.794000, 58925.916210
0.795000, 58680.963591
0.796000, 58434.852660
0.797000, 58188.741730
0.798000, 57941.482203
0.799000, 57694.222676
0.800000, 57445.824315
0.801000, 57197.425953
0.802000, 56947.898564
0.803000, 56698.371174
0.804000, 56447.724608
0.805000, 56197.078041
0.806000, 55945.322192
0.807000, 55693.566343
0.808000, 55440.711150
0.809000, 55187.855958
0.810000, 54933.911405
0.811000, 54679.966851
0.812000, 54424.942962
0.813000, 54169.919073
0.814000, 53913.825916
0.815000, 53657.732759
0.816000, 53400.580444
0.817000, 53143.428130
0.818000, 52885.226809
0.819000, 52627.025489
0.820000, 52367.785356
0.821000, 52108.545223
0.822000, 51848.276512
0.823000, 51588.007801
0.824000, 51326.720787
0.825000, 51065.433773
0.826000, 50803.138771
0.827000, 50540.843769
0.828000, 50277.551134
0.829000, 50014.258499
0.830000, 49749.978626
0.831000, 49485.698752
0.832000, 49220.442073
0.833000, 48955.185394
0.834000, 48688.962382
0.835000, 48422.739370
0.836000, 48155.560534
0.837000, 47888.381698
0.838000, 47620.257587
0.839000, 47352.133475
0.840000, 47083.074673
0.841000, 46814.015871
0.842000, 46544.033000
0.843000, 46274.050130
0.844000, 46003.153849
0.845000, 45732.257568
0.846000, 45460.458572
0.847000, 45188.659576
0.848000, 44915.968594
0.849000, 44643.277612
0.850000, 44369.705410
0.851000, 44096.133208
0.852000, 43821.690586
0.853000, 43547.247965
0.854000, 43271.945757
0.855000, 42996.643550
0.856000, 42720.492626
0.857000, 42444.341702
0.858000, 42167.352963
0.859000, 41890.364224
0.860000, 41612.548605
0.861000, 41334.732986
0.862000, 41056.101454
0.863000, 40777.469923
0.864000, 40498.033479
0.865000, 40218.597036
0.866000, 39938.366712
0.867000, 39658.136387
0.868000, 39377.123245
0.869000, 39096.110103
0.870000, 38814.325238
0.871000, 38532.540372
0.872000, 38249.994907
0.873000, 37967.449442
0.874000, 37684.154532
0.875000, 37400.859622
0.876000, 37116.826451
0.877000, 36832.793280
0.878000, 36548.033061
0.879000, 36263.272842
0.880000, 35977.796818
0.881000, 35692.320793
0.882000, 35406.140233
0.883000, 35119.959672
0.884000, 34833.085873
0.885000, 34546.212075
0.886000, 34258.656364
0.887000, 33971.100653
0.888000, 33682.874381
0.889000, 33394.648109
0.890000, 33105.762656
0.891000, 32816.877203
0.892000, 32527.343972
0.893000, 32237.810742
0.894000, 31947.641165
0.895000, 31657.471588
0.896000, 31366.677119
0.897000, 31075.882650
0.898000, 30784.474770
0.899000, 30493.066891
0.900000, 30201.057104
0.901000, 29909.047317
0.902000, 29616.447151
0.903000, 29323.846985
0.904000, 29030.667991
0.905000, 28737.488998
0.906000, 28443.742751
0.907000, 28149.996504
0.908000, 27855.694600
0.909000, 27561.392696
0.910000, 27266.546754
0.911000, 26971.700812
0.912000, 26676.322471
0.913000, 26380.944131
0.914000, 26085.045053
0.915000, 25789.145976
0.916000, 25492.737842
0.917000, 25196.329709
0.918000, 24899.424222
0.919000, 24602.518735
0.920000, 24305.127615
0.921000, 24007.736495
0.922000, 23709.871482
0.923000, 23412.006470
0.924000, 23113.679325
0.925000, 22815.352180
0.926000, 22516.574680
0.927000, 22217.797179
0.928000, 21918.581118
0.929000, 21619.365057
0.930000, 21319.722249
0.931000, 21020.079440
0.932000, 20720.021713
0.933000, 20419.963986
0.934000, 20119.503186
0.935000, 19819.042387
0.936000, 19518.190376
0.937000, 19217.338366
0.938000, 18916.107021
0.939000, 18614.875677
0.940000, 18313.276891
0.941000, 18011.678105
0.942000, 17709.723784
0.943000, 17407.769462
0.944000, 17105.471527
0.945000, 16803.173591
0.946000, 16500.543975
0.947000, 16197.914359
0.948000, 15894.965010
0.949000, 15592.015662
0.950000, 15288.758540
0.951000, 14985.501418
0.952000, 14681.948495
0.953000, 14378.395572
0.954000, 14074.558832
0.955000, 13770.722092
0.956000, 13466.613529
0.957000, 13162.504967
0.958000, 12858.136588
0.959000, 12553.768209
0.960000, 12249.152030
0.961000, 11944.535850
0.962000, 11639.683896
0.963000, 11334.831941
0.964000, 11029.756247
0.965000, 10724.680552
0.966000, 10419.393162
0.967000, 10114.105772
0.968000, 9808.618738
0.969000, 9503.131703
0.970000, 9197.457086
0.971000, 8891.782468
0.972000, 8585.932334
0.973000, 8280.082200
0.974000, 7974.068624
0.975000, 7668.055048
0.976000, 7361.890112
0.977000, 7055.725175
0.978000, 6749.420964
0.979000, 6443.116754
0.980000, 6136.685362
0.981000, 5830.253969
0.982000, 5523.707493
0.983000, 5217.161017
0.984000, 4910.511558
0.985000, 4603.862099
0.986000, 4297.121764
0.987000, 3990.381429
0.988000, 3683.562328
0.989000, 3376.743226
0.990000, 3069.857470
0.991000, 2762.971714
0.992000, 2456.031420
0.993000, 2149.091126
0.994000, 1842.108410
0.995000, 1535.125694
0.996000, 1228.112677
0.997000, 921.099659
0.998000, 614.068459
0.999000, 307.037260
1.000000, 0.000000
