0.000000, 0.000000
0.001000, 169.828970
0.002000, 339.654587
0.003000, 509.480205
0.004000, 679.295765
0.005000, 849.111326
0.006000, 1018.910126
0.007000, 1188.708926
0.008000, 1358.484262
0.009000, 1528.259598
0.010000, 1698.004768
0.011000, 1867.749937
0.012000, 2037.458239
0.013000, 2207.166540
0.014000, 2376.831274
0.015000, 2546.496008
0.016000, 2716.110477
0.017000, 2885.724945
0.018000, 3055.282452
0.019000, 3224.839959
0.020000, 3394.333810
0.021000, 3563.827661
0.022000, 3733.251165
0.023000, 3902.674669
0.024000, 4072.021138
0.025000, 4241.367606
0.026000, 4410.630354
0.027000, 4579.893102
0.028000, 4749.065447
0.029000, 4918.237791
0.030000, 5087.313054
0.031000, 5256.388317
0.032000, 5425.359823
0.033000, 5594.331329
0.034000, 5763.192408
0.035000, 5932.053487
0.036000, 6100.797472
0.037000, 6269.541457
0.038000, 6438.161687
0.039000, 6606.781917
0.040000, 6775.271734
0.041000, 6943.761552
0.042000, 7112.114306
0.043000, 7280.467059
0.044000, 7448.676103
0.045000, 7616.885146
0.046000, 7784.943839
0.047000, 7953.002532
0.048000, 8120.904239
0.049000, 8288.805946
0.050000, 8456.544040
0.051000, 8624.282133
0.052000, 8791.849990
0.053000, 8959.417848
0.054000, 9126.808854
0.055000, 9294.199860
0.056000, 9461.407407
0.057000, 9628.614953
0.058000, 9795.632439
0.059000, 9962.649925
0.060000, 10129.470757
0.061000, 10296.291589
0.062000, 10462.909181
0.063000, 10629.526772
0.064000, 10795.934547
0.065000, 10962.342321
0.066000, 11128.533707
0.067000, 11294.725094
0.068000, 11460.693533
0.069000, 11626.661971
0.070000, 11792.400910
0.071000, 11958.139848
0.072000, 12123.642743
0.073000, 12289.145638
0.074000, 12454.405955
0.075000, 12619.666273
0.076000, 12784.677489
0.077000, 12949.688705
0.078000, 13114.444306
0.079000, 13279.199906
0.080000, 13443.693386
0.081000, 13608.186867
0.082000, 13772.411733
0.083000, 13936.636600
0.084000, 14100.586369
0.085000, 14264.536138
0.086000, 14428.204337
0.087000, 14591.872537
0.088000, 14755.252705
0.089000, 14918.632873
0.090000, 15081.718561
0.091000, 15244.804248
0.092000, 15407.589016
0.093000, 15570.373784
0.094000, 15732.851206
0.095000, 15895.328628
0.096000, 16057.492290
0.097000, 16219.655952
0.098000, 16381.499451
0.099000, 16543.342951
0.100000, 16704.859900
0.101000, 16866.376848
0.102000, 17027.560868
0.103000, 17188.744889
0.104000, 17349.589618
0.105000, 17510.434348
0.106000, 17670.933436
0.107000, 17831.432525
0.108000, 17991.579636
0.109000, 18151.726747
0.110000, 18311.515559
0.111000, 18471.304370
0.112000, 18630.728574
0.113000, 18790.152778
0.114000, 18949.206081
0.115000, 19108.259383
0.116000, 19266.935505
0.117000, 19425.611626
0.118000, 19583.904303
0.119000, 19742.196980
0.120000, 19900.099963
0.121000, 20058.002945
0.122000, 20215.510000
0.123000, 20373.017055
0.124000, 20530.121964
0.125000, 20687.226873
0.126000, 20843.923434
0.127000, 21000.619995
0.128000, 21156.902021
0.129000, 21313.184048
0.130000, 21469.045370
0.131000, 21624.906693
0.132000, 21780.341158
0.133000, 21935.775624
0.134000, 22090.777096
0.135000, 22245.778568
0.136000, 22400.340927
0.137000, 22554.903287
0.138000, 22709.020432
0.139000, 22863.137576
0.140000, 23016.803423
0.141000, 23170.469269
0.142000, 23323.677750
0.143000, 23476.886230
0.144000, 23629.631298
0.145000, 23782.376365
0.146000, 23934.651989
0.147000, 24086.927612
0.148000, 24238.727780
0.149000, 24390.527948
0.150000, 24541.846668
0.151000, 24693.165389
0.152000, 24843.996687
0.153000, 24994.827985
0.154000, 25145.165906
0.155000, 25295.503828
0.156000, 25445.342438
0.157000, 25595.181048
0.158000, 25744.514431
0.159000, 25893.847814
0.160000, 26042.670075
0.161000, 26191.492335
0.162000, 26339.797598
0.163000, 26488.102861
0.164000, 26635.885272
0.165000, 26783.667683
0.166000, 26930.921406
0.167000, 27078.175130
0.168000, 27224.894354
0.169000, 27371.613578
0.170000, 27517.792510
0.171000, 27663.971441
0.172000, 27809.604310
0.173000, 27955.237179
0.174000, 28100.318235
0.175000, 28245.399291
0.176000, 28389.922807
0.177000, 28534.446323
0.178000, 28678.406594
0.179000, 28822.366864
0.180000, 28965.758206
0.181000, 29109.149548
0.182000, 29251.966300
0.183000, 29394.783052
0.184000, 29537.019576
0.185000, 29679.256100
0.186000, 29820.906781
0.187000, 29962.557462
0.188000, 30103.616708
0.189000, 30244.675954
0.190000, 30385.138196
0.191000, 30525.600438
0.192000, 30665.460130
0.193000, 30805.319823
0.194000, 30944.571445
0.195000, 31083.823067
0.196000, 31222.461121
0.197000, 31361.099175
0.198000, 31499.118187
0.199000, 31637.137200
0.200000, 31774.531723
0.201000, 31911.926245
0.202000, 32048.690854
0.203000, 32185.455462
0.204000, 32321.584758
0.205000, 32457.714053
0.206000, 32593.202661
0.207000, 32728.691268
0.208000, 32863.533840
0.209000, 32998.376411
0.210000, 33132.567623
0.211000, 33266.758835
0.212000, 33400.293389
0.213000, 33533.827943
0.214000, 33666.700569
0.215000, 33799.573194
0.216000, 33931.778645
0.217000, 34063.984095
0.218000, 34195.517152
0.219000, 34327.050209
0.220000, 34457.905679
0.221000, 34588.761149
0.222000, 34718.933867
0.223000, 34849.106585
0.224000, 34978.591411
0.225000, 35108.076237
0.226000, 35236.868060
0.227000, 35365.659882
0.228000, 35493.753617
0.229000, 35621.847352
0.230000, 35749.237942
0.231000, 35876.628533
0.232000, 36003.310949
0.233000, 36129.993365
0.234000, 36255.962606
0.235000, 36381.931847
0.236000, 36507.182940
0.237000, 36632.434033
0.238000, 36756.962033
0.239000, 36881.490033
0.240000, 37005.290024
0.241000, 37129.090015
0.242000, 37252.157110
0.243000, 37375.224204
0.244000, 37497.553544
0.245000, 37619.882883
0.246000, 37741.469639
0.247000, 37863.056394
0.248000, 37983.895765
0.249000, 38104.735136
0.250000, 38224.822352
0.251000, 38344.909568
0.252000, 38464.239889
0.253000, 38583.570209
0.254000, 38702.138923
0.255000, 38820.707637
0.256000, 38938.510063
0.257000, 39056.312490
0.258000, 39173.343978
0.259000, 39290.375466
0.260000, 39406.631396
0.261000, 39522.887325
0.262000, 39638.363107
0.263000, 39753.838889
0.264000, 39868.529964
0.265000, 39983.221039
0.266000, 40097.122879
0.267000, 40211.024720
0.268000, 40324.132829
0.269000, 40437.240939
0.270000, 40549.550851
0.271000, 40661.860764
0.272000, 40773.368047
0.273000, 40884.875329
0.274000, 40995.575579
0.275000, 41106.275829
0.276000, 41216.164676
0.277000, 41326.053524
0.278000, 41435.126630
0.279000, 41544.199737
0.280000, 41652.452796
0.281000, 41760.705855
0.282000, 41868.134594
0.283000, 41975.563333
0.284000, 42082.163510
0.285000, 42188.763688
0.286000, 42294.531095
0.287000, 42400.298502
0.288000, 42505.228964
0.289000, 42610.159425
0.290000, 42714.248799
0.291000, 42818.338172
0.292000, 42921.582348
0.293000, 43024.826524
0.294000, 43127.221427
0.295000, 43229.616330
0.296000, 43331.157917
0.297000, 43432.699505
0.298000, 43533.383768
0.299000, 43634.068031
0.300000, 43733.890994
0.301000, 43833.713958
0.302000, 43932.671682
0.303000, 44031.629406
0.304000, 44129.717983
0.305000, 44227.806560
0.306000, 44325.022119
0.307000, 44422.237677
0.308000, 44518.576378
0.309000, 44614.915079
0.310000, 44710.373120
0.311000, 44805.831161
0.312000, 44900.404773
0.313000, 44994.978385
0.314000, 45088.663835
0.315000, 45182.349285
0.316000, 45275.142874
0.317000, 45367.936463
0.318000, 45459.834528
0.319000, 45551.732593
0.320000, 45642.731505
0.321000, 45733.730418
0.322000, 45823.826586
0.323000, 45913.922754
0.324000, 46003.112620
0.325000, 46092.302486
0.326000, 46180.582530
0.327000, 46268.862574
0.328000, 46356.229310
0.329000, 46443.596046
0.330000, 46530.046025
0.331000, 46616.496004
0.332000, 46702.025814
0.333000, 46787.555623
0.334000, 46872.161886
0.335000, 46956.768150
0.336000, 47040.447526
0.337000, 47124.126903
0.338000, 47206.876090
0.339000, 47289.625277
0.340000, 47371.441007
0.341000, 47453.256737
0.342000, 47534.135781
0.343000, 47615.014824
0.344000, 47694.953988
0.345000, 47774.893152
0.346000, 47853.889280
0.347000, 47932.885409
0.348000, 48010.935383
0.349000, 48088.985357
0.350000, 48166.086096
0.351000, 48243.186835
0.352000, 48319.335295
0.353000, 48395.483754
0.354000, 48470.676928
0.355000, 48545.870103
0.356000, 48620.105023
0.357000, 48694.339943
0.358000, 48767.613679
0.359000, 48840.887415
0.360000, 48913.197073
0.361000, 48985.506732
0.362000, 49056.849458
0.363000, 49128.192185
0.364000, 49198.565163
0.365000, 49268.938141
0.366000, 49338.338592
0.367000, 49407.739043
0.368000, 49476.164228
0.369000, 49544.589413
0.370000, 49612.036630
0.371000, 49679.483847
0.372000, 49745.950434
0.373000, 49812.417021
0.374000, 49877.900353
0.375000, 49943.383685
0.376000, 50007.881177
0.377000, 50072.378670
0.378000, 50135.887777
0.379000, 50199.396883
0.380000, 50261.915097
0.381000, 50324.433310
0.382000, 50385.958163
0.383000, 50447.483015
0.384000, 50508.012077
0.385000, 50568.541139
0.386000, 50628.072022
0.387000, 50687.602904
0.388000, 50746.133257
0.389000, 50804.663609
0.390000, 50862.191121
0.391000, 50919.718633
0.392000, 50976.241034
0.393000, 51032.763434
0.394000, 51088.278491
0.395000, 51143.793549
0.396000, 51198.299071
0.397000, 51252.804594
0.398000, 51306.298430
0.399000, 51359.792266
0.400000, 51412.272304
0.401000, 51464.752342
0.402000, 51516.216509
0.403000, 51567.680677
0.404000, 51618.126943
0.405000, 51668.573208
0.406000, 51717.999581
0.407000, 51767.425953
0.408000, 51815.830481
0.409000, 51864.235009
0.410000, 51911.615781
0.411000, 51958.996553
0.412000, 52005.351699
0.413000, 52051.706845
0.414000, 52097.034535
0.415000, 52142.362225
0.416000, 52186.660669
0.417000, 52230.959113
0.418000, 52274.226563
0.419000, 52317.494013
0.420000, 52359.728760
0.421000, 52401.963508
0.422000, 52443.163885
0.423000, 52484.364262
0.424000, 52524.528643
0.425000, 52564.693024
0.426000, 52603.819823
0.427000, 52642.946622
0.428000, 52681.034295
0.429000, 52719.121967
0.430000, 52756.169009
0.431000, 52793.216051
0.432000, 52829.221000
0.433000, 52865.225949
0.434000, 52900.187384
0.435000, 52935.148818
0.436000, 52969.065359
0.437000, 53002.981899
0.438000, 53035.852206
0.439000, 53068.722512
0.440000, 53100.545288
0.441000, 53132.368064
0.442000, 53163.142052
0.443000, 53193.916040
0.444000, 53223.640026
0.445000, 53253.364012
0.446000, 53282.036822
0.447000, 53310.709632
0.448000, 53338.330134
0.449000, 53365.950636
0.450000, 53392.517740
0.451000, 53419.084844
0.452000, 53444.597501
0.453000, 53470.110158
0.454000, 53494.567361
0.455000, 53519.024564
0.456000, 53542.425347
0.457000, 53565.826130
0.458000, 53588.169570
0.459000, 53610.513009
0.460000, 53631.798223
0.461000, 53653.083437
0.462000, 53673.309585
0.463000, 53693.535733
0.464000, 53712.702017
0.465000, 53731.868300
0.466000, 53749.973963
0.467000, 53768.079625
0.468000, 53785.123952
0.469000, 53802.168278
0.470000, 53818.150596
0.471000, 53834.132914
0.472000, 53849.052592
0.473000, 53863.972271
0.474000, 53877.828720
0.475000, 53891.685170
0.476000, 53904.477843
0.477000, 53917.270517
0.478000, 53928.998910
0.479000, 53940.727303
0.480000, 53951.390952
0.481000, 53962.054602
0.482000, 53971.653086
0.483000, 53981.251571
0.484000, 53989.784511
0.485000, 53998.317452
0.486000, 54005.784512
0.487000, 54013.251573
0.488000, 54019.652458
0.489000, 54026.053342
0.490000, 54031.387799
0.491000, 54036.722256
0.492000, 54040.990074
0.493000, 54045.257893
0.494000, 54048.458904
0.495000, 54051.659915
0.496000, 54053.793992
0.497000, 54055.928070
0.498000, 54056.995130
0.499000, 54058.062190
0.500000, 54058.062190
0.501000, 54058.062190
0.502000, 54056.995130
0.503000, 54055.928070
0.504000, 54053.793992
0.505000, 54051.659915
0.506000, 54048.458904
0.507000, 54045.257893
0.508000, 54040.990074
0.509000, 54036.722256
0.510000, 54031.387799
0.511000, 54026.053342
0.512000, 54019.652458
0.513000, 54013.251573
0.514000, 54005.784512
0.515000, 53998.317452
0.516000, 53989.784511
0.517000, 53981.251571
0.518000, 53971.653086
0.519000, 53962.054602
0.520000, 53951.390952
0.521000, 53940.727303
0.522000, 53928.998910
0.523000, 53917.270517
0.524000, 53904.477843
0.525000, 53891.685170
0.526000, 53877.828720
0.527000, 53863.972271
0.528000, 53849.052592
0.529000, 53834.132914
0.530000, 53818.150596
0.531000, 53802.168278
0.532000, 53785.123952
0.533000, 53768.079625
0.534000, 53749.973963
0.535000, 53731.868300
0.536000, 53712.702017
0.537000, 53693.535733
0.538000, 53673.309585
0.539000, 53653.083437
0.540000, 53631.798223
0.541000, 53610.513009
0.542000, 53588.169570
0.543000, 53565.826130
0.544000, 53542.425347
0.545000, 53519.024564
0.546000, 53494.567361
0.547000, 53470.110158
0.548000, 53444.597501
0.549000, 53419.084844
0.550000, 53392.517740
0.551000, 53365.950636
0.552000, 53338.330134
0.553000, 53310.709632
0.554000, 53282.036822
0.555000, 53253.364012
0.556000, 53223.640026
0.557000, 53193.916040
0.558000, 53163.142052
0.559000, 53132.368064
0.560000, 53100.545288
0.561000, 53068.722512
0.562000, 53035.852206
0.563000, 53002.981899
0.564000, 52969.065359
0.565000, 52935.148818
0.566000, 52900.187384
0.567000, 52865.225949
0.568000, 52829.221000
0.569000, 52793.216051
0.570000, 52756.169009
0.571000, 52719.121967
0.572000, 52681.034295
0.573000, 52642.946622
0.574000, 52603.819823
0.575000, 52564.693024
0.576000, 52524.528643
0.577000, 52484.364262
0.578000, 52443.163885
0.579000, 52401.963508
0.580000, 52359.728760
0.581000, 52317.494013
0.582000, 52274.226563
0.583000, 52230.959113
0.584000, 52186.660669
0.585000, 52142.362225
0.586000, 52097.034535
0.587000, 52051.706845
0.588000, 52005.351699
0.589000, 51958.996553
0.590000, 51911.615781
0.591000, 51864.235009
0.592000, 51815.830481
0.593000, 51767.425953
0.594000, 51717.999581
0.595000, 51668.573208
0.596000, 51618.126943
0.597000, 51567.680677
0.598000, 51516.216509
0.599000, 51464.752342
0.600000, 51412.272304
0.601000, 51359.792266
0.602000, 51306.298430
0.603000, 51252.804594
0.604000, 51198.299071
0.605000, 51143.793549
0.606000, 51088.278491
0.607000, 51032.763434
0.608000, 50976.241034
0.609000, 50919.718633
0.610000, 50862.191121
0.611000, 50804.663609
0.612000, 50746.133257
0.613000, 50687.602904
0.614000, 50628.072022
0.615000, 50568.541139
0.616000, 50508.012077
0.617000, 50447.483015
0.618000, 50385.958163
0.619000, 50324.433310
0.620000, 50261.915097
0.621000, 50199.396883
0.622000, 50135.887777
0.623000, 50072.378670
0.624000, 50007.881177
0.625000, 49943.383685
0.626000, 49877.900353
0.627000, 49812.417021
0.628000, 49745.950434
0.629000, 49679.483847
0.630000, 49612.036630
0.631000, 49544.589413
0.632000, 49476.164228
0.633000, 49407.739043
0.634000, 49338.338592
0.635000, 49268.938141
0.636000, 49198.565163
0.637000, 49128.192185
0.638000, 49056.849458
0.639000, 48985.506732
0.640000, 48913.197073
0.641000, 48840.887415
0.642000, 48767.613679
0.643000, 48694.339943
0.644000, 48620.105023
0.645000, 48545.870103
0.646000, 48470.676928
0.647000, 48395.483754
0.648000, 48319.335295
0.649000, 48243.186835
0.650000, 48166.086096
0.651000, 48088.985357
0.652000, 48010.935383
0.653000, 47932.885409
0.654000, 47853.889280
0.655000, 47774.893152
0.656000, 47694.953988
0.657000, 47615.014824
0.658000, 47534.135781
0.659000, 47453.256737
0.660000, 47371.441007
0.661000, 47289.625277
0.662000, 47206.876090
0.663000, 47124.126903
0.664000, 47040.447526
0.665000, 46956.768150
0.666000, 46872.161886
0.667000, 46787.555623
0.668000, 46702.025814
0.669000, 46616.496004
0.670000, 46530.046025
0.671000, 46443.596046
0.672000, 46356.229310
0.673000, 46268.862574
0.674000, 46180.582530
0.675000, 46092.302486
0.676000, 46003.112620
0.677000, 45913.922754
0.678000, 45823.826586
0.679000, 45733.730418
0.680000, 45642.731505
0.681000, 45551.732593
0.682000, 45459.834528
0.683000, 45367.936463
0.684000, 45275.142874
0.685000, 45182.349285
0.686000, 45088.663835
0.687000, 44994.978385
0.688000, 44900.404773
0.689000, 44805.831161
0.690000, 44710.373120
0.691000, 44614.915079
0.692000, 44518.576378
0.693000, 44422.237677
0.694000, 44325.022119
0.695000, 44227.806560
0.696000, 44129.717983
0.697000, 44031.629406
0.698000, 43932.671682
0.699000, 43833.713958
0.700000, 43733.890994
0.701000, 43634.068031
0.702000, 43533.383768
0.703000, 43432.699505
0.704000, 43331.157917
0.705000, 43229.616330
0.706000, 43127.221427
0.707000, 43024.826524
0.708000, 42921.582348
0.709000, 42818.338172
0.710000, 42714.248799
0.711000, 42610.159425
0.712000, 42505.228964
0.713000, 42400.298502
0.714000, 42294.531095
0.715000, 42188.763688
0.716000, 42082.163510
0.717000, 41975.563333
0.718000, 41868.134594
0.719000, 41760.705855
0.720000, 41652.452796
0.721000, 41544.199737
0.722000, 41435.126630
0.723000, 41326.053524
0.724000, 41216.164676
0.725000, 41106.275829
0.726000, 40995.575579
0.727000, 40884.875329
0.728000, 40773.368047
0.729000, 40661.860764
0.730000, 40549.550851
0.731000, 40437.240939
0.732000, 40324.132829
0.733000, 40211.024720
0.734000, 40097.122879
0.735000, 39983.221039
0.736000, 39868.529964
0.737000, 39753.838889
0.738000, 39638.363107
0.739000, 39522.887325
0.740000, 39406.631396
0.741000, 39290.375466
0.742000, 39173.343978
0.743000, 39056.312490
0.744000, 38938.510063
0.745000, 38820.707637
0.746000, 38702.138923
0.747000, 38583.570209
0.748000, 38464.239889
0.749000, 38344.909568
0.750000, 38224.822352
0.751000, 38104.735136
0.752000, 37983.895765
0.753000, 37863.056394
0.754000, 37741.469639
0.755000, 37619.882883
0.756000, 37497.553544
0.757000, 37375.224204
0.758000, 37252.157110
0.759000, 37129.090015
0.760000, 37005.290024
0.761000, 36881.490033
0.762000, 36756.962033
0.763000, 36632.434033
0.764000, 36507.182940
0.765000, 36381.931847
0.766000, 36255.962606
0.767000, 36129.993365
0.768000, 36003.310949
0.769000, 35876.628533
0.770000, 35749.237942
0.771000, 35621.847352
0.772000, 35493.753617
0.773000, 35365.659882
0.774000, 35236.868060
0.775000, 35108.076237
0.776000, 34978.591411
0.777000, 34849.106585
0.778000, 34718.933867
0.779000, 34588.761149
0.780000, 34457.905679
0.781000, 34327.050209
0.782000, 34195.517152
0.783000, 34063.984095
0.784000, 33931.778645
0.785000, 33799.573194
0.786000, 33666.700569
0.787000, 33533.827943
0.788000, 33400.293389
0.789000, 33266.758835
0.790000, 33132.567623
0.791000, 32998.376411
0.792000, 32863.533840
0.793000, 32728.691268
0.794000, 32593.202661
0.795000, 32457.714053
0.796000, 32321.584758
0.797000, 32185.455462
0.798000, 32048.690854
0.799000, 31911.926245
0.800000, 31774.531723
0.801000, 31637.137200
0.802000, 31499.118187
0.803000, 31361.099175
0.804000, 31222.461121
0.805000, 31083.823067
0.806000, 30944.571445
0.807000, 30805.319823
0.808000, 30665.460130
0.809000, 30525.600438
0.810000, 30385.138196
0.811000, 30244.675954
0.812000, 30103.616708
0.813000, 29962.557462
0.814000, 29820.906781
0.815000, 29679.256100
0.816000, 29537.019576
0.817000, 29394.783052
0.818000, 29251.966300
0.819000, 29109.149548
0.820000, 28965.758206
0.821000, 28822.366864
0.822000, 28678.406594
0.823000, 28534.446323
0.824000, 28389.922807
0.825000, 28245.399291
0.826000, 28100.318235
0.827000, 27955.237179
0.828000, 27809.604310
0.829000, 27663.971441
0.830000, 27517.792510
0.831000, 27371.613578
0.832000, 27224.894354
0.833000, 27078.175130
0.834000, 26930.921406
0.835000, 26783.667683
0.836000, 26635.885272
0.837000, 26488.102861
0.838000, 26339.797598
0.839000, 26191.492335
0.840000, 26042.670075
0.841000, 25893.847814
0.842000, 25744.514431
0.843000, 25595.181048
0.844000, 25445.342438
0.845000, 25295.503828
0.846000, 25145.165906
0.847000, 24994.827985
0.848000, 24843.996687
0.849000, 24693.165389
0.850000, 24541.846668
0.851000, 24390.527948
0.852000, 24238.727780
0.853000, 24086.927612
0.854000, 23934.651989
0.855000, 23782.376365
0.856000, 23629.631298
0.857000, 23476.886230
0.858000, 23323.677750
0.859000, 23170.469269
0.860000, 23016.803423
0.861000, 22863.137576
0.862000, 22709.020432
0.863000, 22554.903287
0.864000, 22400.340927
0.865000, 22245.778568
0.866000, 22090.777096
0.867000, 21935.775624
0.868000, 21780.341158
0.869000, 21624.906693
0.870000, 21469.045370
0.871000, 21313.184048
0.872000, 21156.902021
0.873000, 21000.619995
0.874000, 20843.923434
0.875000, 20687.226873
0.876000, 20530.121964
0.877000, 20373.017055
0.878000, 20215.510000
0.879000, 20058.002945
0.880000, 19900.099963
0.881000, 19742.196980
0.882000, 19583.904303
0.883000, 19425.611626
0.884000, 19266.935505
0.885000, 19108.259383
0.886000, 18949.206081
0.887000, 18790.152778
0.888000, 18630.728574
0.889000, 18471.304370
0.890000, 18311.515559
0.891000, 18151.726747
0.892000, 17991.579636
0.893000, 17831.432525
0.894000, 17670.933436
0.895000, 17510.434348
0.896000, 17349.589618
0.897000, 17188.744889
0.898000, 17027.560868
0.899000, 16866.376848
0.900000, 16704.859900
0.901000, 16543.342951
0.902000, 16381.499451
0.903000, 16219.655952
0.904000, 16057.492290
0.905000, 15895.328628
0.906000, 15732.851206
0.907000, 15570.373784
0.908000, 15407.589016
0.909000, 15244.804248
0.910000, 15081.718561
0.911000, 14918.632873
0.912000, 14755.252705
0.913000, 14591.872537
0.914000, 14428.204337
0.915000, 14264.536138
0.916000, 14100.586369
0.917000, 13936.636600
0.918000, 13772.411733
0.919000, 13608.186867
0.920000, 13443.693386
0.921000, 13279.199906
0.922000, 13114.444306
0.923000, 12949.688705
0.924000, 12784.677489
0.925000, 12619.666273
0.926000, 12454.405955
0.927000, 12289.145638
0.928000, 12123.642743
0.929000, 11958.139848
0.930000, 11792.400910
0.931000, 11626.661971
0.932000, 11460.693533
0.933000, 11294.725094
0.934000, 11128.533707
0.935000, 10962.342321
0.936000, 10795.934547
0.937000, 10629.526772
0.938000, 10462.909181
0.939000, 10296.291589
0.940000, 10129.470757
0.941000, 9962.649925
0.942000, 9795.632439
0.943000, 9628.614953
0.944000, 9461.407407
0.945000, 9294.199860
0.946000, 9126.808854
0.947000, 8959.417848
0.948000, 8791.849990
0.949000, 8624.282133
0.950000, 8456.544040
0.951000, 8288.805946
0.952000, 8120.904239
0.953000, 7953.002532
0.954000, 7784.943839
0.955000, 7616.885146
0.956000, 7448.676103
0.957000, 7280.467059
0.958000, 7112.114306
0.959000, 6943.761552
0.960000, 6775.271734
0.961000, 6606.781917
0.962000, 6438.161687
0.963000, 6269.541457
0.964000, 6100.797472
0.965000, 5932.053487
0.966000, 5763.192408
0.967000, 5594.331329
0.968000, 5425.359823
0.969000, 5256.388317
0.970000, 5087.313054
0.971000, 4918.237791
0.972000, 4749.065447
0.973000, 4579.893102
0.974000, 4410.630354
0.975000, 4241.367606
0.976000, 4072.021138
0.977000, 3902.674669
0.978000, 3733.251165
0.979000, 3563.827661
0.980000, 3394.333810
0.981000, 3224.839959
0.982000, 3055.282452
0.983000, 2885.724945
0.984000, 2716.110477
0.985000, 2546.496008
0.986000, 2376.831274
0.987000, 2207.166540
0.988000, 2037.458239
0.989000, 1867.749937
0.990000, 1698.004768
0.991000, 1528.259598
0.992000, 1358.484262
0.993000, 1188.708926
0.994000, 1018.910126
0.995000, 849.111326
0.996000, 679.295765
0.997000, 509.480205
0.998000, 339.654587
0.999000, 169.828970
1.000000, 0.000000
