0.000000, 0.000000
0.001000, 1004573.721169
0.002000, 2009127.610402
0.003000, 3013681.499636
0.004000, 4018175.893849
0.005000, 5022670.288061
0.006000, 6027065.526518
0.007000, 7031460.764975
0.008000, 8035717.190861
0.009000, 9039973.616747
0.010000, 10044051.578732
0.011000, 11048129.540717
0.012000, 12051989.394526
0.013000, 13055849.248334
0.014000, 14059451.358310
0.015000, 15063053.468287
0.016000, 16066358.208962
0.017000, 17069662.949638
0.018000, 18072630.707297
0.019000, 19075598.464956
0.020000, 20078189.639201
0.021000, 21080780.813447
0.022000, 22082955.818765
0.023000, 23085130.824083
0.024000, 24086850.091409
0.025000, 25088569.358735
0.026000, 26089793.337015
0.027000, 27091017.315295
0.028000, 28091706.473053
0.029000, 29092395.630810
0.030000, 30092510.457704
0.031000, 31092625.284598
0.032000, 32092126.292987
0.033000, 33091627.301376
0.034000, 34090475.027880
0.035000, 35089322.754383
0.036000, 36087477.761439
0.037000, 37085632.768495
0.038000, 38083055.645919
0.039000, 39080478.523343
0.040000, 40077129.889887
0.041000, 41073781.256431
0.042000, 42069621.761339
0.043000, 43065462.266247
0.044000, 44060452.590809
0.045000, 45055442.915371
0.046000, 46049543.774479
0.047000, 47043644.633588
0.048000, 48036816.777287
0.049000, 49029988.920986
0.050000, 50022193.136026
0.051000, 51014397.351066
0.052000, 52005594.462452
0.053000, 52996791.573837
0.054000, 53986942.446374
0.055000, 54977093.318911
0.056000, 55966158.858755
0.057000, 56955224.398599
0.058000, 57943165.554800
0.059000, 58931106.711001
0.060000, 59917884.477046
0.061000, 60904662.243090
0.062000, 61890237.658444
0.063000, 62875813.073798
0.064000, 63860147.225444
0.065000, 64844481.377090
0.066000, 65827535.401068
0.067000, 66810589.425046
0.068000, 67792324.507987
0.069000, 68774059.590928
0.070000, 69754436.971589
0.071000, 70734814.352249
0.072000, 71713795.323043
0.073000, 72692776.293836
0.074000, 73670322.202363
0.075000, 74647868.110890
0.076000, 75623940.361463
0.077000, 76600012.612037
0.078000, 77574572.667211
0.079000, 78549132.722385
0.080000, 79522142.104473
0.081000, 80495151.486561
0.082000, 81466571.779160
0.083000, 82437992.071760
0.084000, 83407784.921267
0.085000, 84377577.770774
0.086000, 85345704.887901
0.087000, 86313832.005027
0.088000, 87280255.166314
0.089000, 88246678.327600
0.090000, 89211359.376925
0.091000, 90176040.426249
0.092000, 91138941.276337
0.093000, 92101842.126424
0.094000, 93062924.760350
0.095000, 94024007.394276
0.096000, 94983233.866967
0.097000, 95942460.339659
0.098000, 96899792.779397
0.099000, 97857125.219135
0.100000, 98812525.829047
0.101000, 99767926.438959
0.102000, 100721357.498515
0.103000, 101674788.558071
0.104000, 102626212.424572
0.105000, 103577636.291073
0.106000, 104527015.401138
0.107000, 105476394.511203
0.108000, 106423691.382254
0.109000, 107370988.253306
0.110000, 108316165.485049
0.111000, 109261342.716793
0.112000, 110204362.992694
0.113000, 111147383.268596
0.114000, 112088209.357357
0.115000, 113029035.446118
0.116000, 113967630.203144
0.117000, 114906224.960170
0.118000, 115842551.329042
0.119000, 116778877.697913
0.120000, 117712898.711845
0.121000, 118646919.725777
0.122000, 119578598.509082
0.123000, 120510277.292387
0.124000, 121439577.061931
0.125000, 122368876.831475
0.126000, 123295760.898130
0.127000, 124222644.964785
0.128000, 125147076.734877
0.129000, 126071508.504970
0.130000, 126993451.481728
0.131000, 127915394.458485
0.132000, 128834812.243478
0.133000, 129754230.028471
0.134000, 130671086.323048
0.135000, 131587942.617625
0.136000, 132502201.224348
0.137000, 133416459.831071
0.138000, 134328084.655146
0.139000, 135239709.479221
0.140000, 136148664.529921
0.141000, 137057619.580620
0.142000, 137963868.972707
0.143000, 138870118.364794
0.144000, 139773626.319937
0.145000, 140677134.275081
0.146000, 141577865.123269
0.147000, 142478595.971458
0.148000, 143376514.152410
0.149000, 144274432.333361
0.150000, 145169502.397924
0.151000, 146064572.462486
0.152000, 146956759.074042
0.153000, 147848945.685598
0.154000, 148738213.621455
0.155000, 149627481.557311
0.156000, 150513795.710097
0.157000, 151400109.862882
0.158000, 152283435.241926
0.159000, 153166760.620970
0.160000, 154047062.353691
0.161000, 154927364.086411
0.162000, 155804607.419688
0.163000, 156681850.752964
0.164000, 157556001.054511
0.165000, 158430151.356058
0.166000, 159301174.115793
0.167000, 160172196.875527
0.168000, 161040057.706930
0.169000, 161907918.538333
0.170000, 162772583.179808
0.171000, 163637247.821283
0.172000, 164498682.137508
0.173000, 165360116.453733
0.174000, 166218286.437009
0.175000, 167076456.420285
0.176000, 167931328.191877
0.177000, 168786199.963468
0.178000, 169637739.774943
0.179000, 170489279.586418
0.180000, 171337453.820977
0.181000, 172185628.055536
0.182000, 173030403.229342
0.183000, 173875178.403148
0.184000, 174716521.166647
0.185000, 175557863.930146
0.186000, 176395741.069382
0.187000, 177233618.208618
0.188000, 178067996.646546
0.189000, 178902375.084473
0.190000, 179733221.882264
0.191000, 180564068.680054
0.192000, 181391351.038393
0.193000, 182218633.396731
0.194000, 183042318.657115
0.195000, 183866003.917498
0.196000, 184686059.563521
0.197000, 185506115.209544
0.198000, 186322508.868184
0.199000, 187138902.526824
0.200000, 187951601.969717
0.201000, 188764301.412611
0.202000, 189573274.557328
0.203000, 190382247.702045
0.204000, 191187462.613351
0.205000, 191992677.524656
0.206000, 192794102.415775
0.207000, 193595527.306894
0.208000, 194393130.540761
0.209000, 195190733.774629
0.210000, 195984483.865142
0.211000, 196778233.955655
0.212000, 197568099.568912
0.213000, 198357965.182169
0.214000, 199143915.137708
0.215000, 199929865.093248
0.216000, 200711868.365277
0.217000, 201493871.637306
0.218000, 202271897.355925
0.219000, 203049923.074544
0.220000, 203823940.526965
0.221000, 204597957.979386
0.222000, 205367936.611142
0.223000, 206137915.242899
0.224000, 206903824.659055
0.225000, 207669734.075210
0.226000, 208431544.041555
0.227000, 209193354.007899
0.228000, 209951034.452142
0.229000, 210708714.896384
0.230000, 211462235.909342
0.231000, 212215756.922299
0.232000, 212965088.759073
0.233000, 213714420.595847
0.234000, 214459533.676999
0.235000, 215204646.758150
0.236000, 215945511.670867
0.237000, 216686376.583584
0.238000, 217422964.082839
0.239000, 218159551.582095
0.240000, 218891832.591801
0.241000, 219624113.601507
0.242000, 220352059.215664
0.243000, 221080004.829821
0.244000, 221803586.313653
0.245000, 222527167.797486
0.246000, 223246356.588579
0.247000, 223965545.379673
0.248000, 224680313.089098
0.249000, 225395080.798523
0.250000, 226105399.211957
0.251000, 226815717.625390
0.252000, 227521558.704227
0.253000, 228227399.783063
0.254000, 228928735.665521
0.255000, 229630071.547979
0.256000, 230326874.550199
0.257000, 231023677.552419
0.258000, 231715920.169556
0.259000, 232408162.786693
0.260000, 233095817.694000
0.261000, 233783472.601307
0.262000, 234466512.655214
0.263000, 235149552.709120
0.264000, 235827950.948302
0.265000, 236506349.187484
0.266000, 237180078.833925
0.267000, 237853808.480367
0.268000, 238522842.940417
0.269000, 239191877.400467
0.270000, 239856190.265889
0.271000, 240520503.131311
0.272000, 241180068.180322
0.273000, 241839633.229332
0.274000, 242494424.427637
0.275000, 243149215.625941
0.276000, 243799207.127759
0.277000, 244449198.629577
0.278000, 245094364.778662
0.279000, 245739530.927746
0.280000, 246379846.258394
0.281000, 247020161.589042
0.282000, 247655600.827099
0.283000, 248291040.065157
0.284000, 248921578.129014
0.285000, 249552116.192871
0.286000, 250177728.194451
0.287000, 250803340.196032
0.288000, 251424001.441773
0.289000, 252044662.687514
0.290000, 252660348.679341
0.291000, 253276034.671169
0.292000, 253886721.107460
0.293000, 254497407.543751
0.294000, 255103070.320294
0.295000, 255708733.096838
0.296000, 256309348.307783
0.297000, 256909963.518728
0.298000, 257505507.457526
0.299000, 258101051.396325
0.300000, 258691500.556665
0.301000, 259281949.717006
0.302000, 259867280.793741
0.303000, 260452611.870475
0.304000, 261032801.760538
0.305000, 261612991.650600
0.306000, 262188017.453916
0.307000, 262763043.257231
0.308000, 263332882.277620
0.309000, 263902721.298008
0.310000, 264467351.044078
0.311000, 265031980.790147
0.312000, 265591378.976181
0.313000, 266150777.162215
0.314000, 266704921.709049
0.315000, 267259066.255883
0.316000, 267807935.291775
0.317000, 268356804.327667
0.318000, 268900376.189161
0.319000, 269443948.050655
0.320000, 269982201.283431
0.321000, 270520454.516207
0.322000, 271053367.875929
0.323000, 271586281.235652
0.324000, 272113833.688804
0.325000, 272641386.141956
0.326000, 273163556.866671
0.327000, 273685727.591386
0.328000, 274202495.978265
0.329000, 274719264.365144
0.330000, 275230610.018070
0.331000, 275741955.670995
0.332000, 276247858.407932
0.333000, 276753761.144870
0.334000, 277254200.998665
0.335000, 277754640.852460
0.336000, 278249598.071623
0.337000, 278744555.290787
0.338000, 279234010.340273
0.339000, 279723465.389759
0.340000, 280207398.951736
0.341000, 280691332.513712
0.342000, 281169725.488320
0.343000, 281648118.462928
0.344000, 282120951.969034
0.345000, 282593785.475140
0.346000, 283061040.851082
0.347000, 283528296.227024
0.348000, 283989955.031343
0.349000, 284451613.835662
0.350000, 284907657.847831
0.351000, 285363701.860000
0.352000, 285814113.081139
0.353000, 286264524.302278
0.354000, 286709284.955866
0.355000, 287154045.609454
0.356000, 287593138.142026
0.357000, 288032230.674599
0.358000, 288465637.756439
0.359000, 288899044.838280
0.360000, 289326749.364104
0.361000, 289754453.889928
0.362000, 290176438.979555
0.363000, 290598424.069181
0.364000, 291014673.068199
0.365000, 291430922.067217
0.366000, 291841418.547640
0.367000, 292251915.028063
0.368000, 292656642.788977
0.369000, 293061370.549890
0.370000, 293460313.618088
0.371000, 293859256.686287
0.372000, 294252399.316904
0.373000, 294645541.947521
0.374000, 295032868.624648
0.375000, 295420195.301776
0.376000, 295801690.739076
0.377000, 296183186.176375
0.378000, 296558835.317679
0.379000, 296934484.458983
0.380000, 297304272.478888
0.381000, 297674060.498792
0.382000, 298037972.803241
0.383000, 298401885.107691
0.384000, 298759907.334551
0.385000, 299117929.561411
0.386000, 299470047.581035
0.387000, 299822165.600659
0.388000, 300168365.516444
0.389000, 300514565.432229
0.390000, 300854833.581164
0.391000, 301195101.730099
0.392000, 301529424.683299
0.393000, 301863747.636500
0.394000, 302192112.199741
0.395000, 302520476.762981
0.396000, 302842869.977211
0.397000, 303165263.191442
0.398000, 303481672.333300
0.399000, 303798081.475158
0.400000, 304108494.057467
0.401000, 304418906.639777
0.402000, 304723310.412042
0.403000, 305027714.184307
0.404000, 305326097.133192
0.405000, 305624480.082078
0.406000, 305916830.431882
0.407000, 306209180.781686
0.408000, 306495486.994806
0.409000, 306781793.207926
0.410000, 307062043.985310
0.411000, 307342294.762693
0.412000, 307616479.044284
0.413000, 307890663.325876
0.414000, 308158770.291051
0.415000, 308426877.256226
0.416000, 308688896.324218
0.417000, 308950915.392210
0.418000, 309206836.222527
0.419000, 309462757.052844
0.420000, 309712569.545674
0.421000, 309962382.038504
0.422000, 310206076.335113
0.423000, 310449770.631723
0.424000, 310687337.114845
0.425000, 310924903.597966
0.426000, 311156332.892179
0.427000, 311387762.186391
0.428000, 311613045.158484
0.429000, 311838328.130578
0.430000, 312057455.889918
0.431000, 312276583.649258
0.432000, 312489547.548133
0.433000, 312702511.447007
0.434000, 312909303.080967
0.435000, 313116094.714926
0.436000, 313316705.923116
0.437000, 313517317.131306
0.438000, 313711739.996787
0.439000, 313906162.862268
0.440000, 314094389.712326
0.441000, 314282616.562385
0.442000, 314464639.968838
0.443000, 314646663.375290
0.444000, 314822476.154773
0.445000, 314998288.934257
0.446000, 315167884.148511
0.447000, 315337479.362765
0.448000, 315500850.318907
0.449000, 315664221.275050
0.450000, 315821361.525837
0.451000, 315978501.776625
0.452000, 316129405.120709
0.453000, 316280308.464792
0.454000, 316424968.946960
0.455000, 316569629.429128
0.456000, 316708041.340541
0.457000, 316846453.251953
0.458000, 316978611.130368
0.459000, 317110769.008783
0.460000, 317236667.638769
0.461000, 317362566.268754
0.462000, 317482200.681896
0.463000, 317601835.095037
0.464000, 317715200.570133
0.465000, 317828566.045229
0.466000, 317935658.108474
0.467000, 318042750.171719
0.468000, 318143564.596883
0.469000, 318244379.022048
0.470000, 318338911.830642
0.471000, 318433444.639236
0.472000, 318521692.100666
0.473000, 318609939.562097
0.474000, 318691898.193815
0.475000, 318773856.825532
0.476000, 318849523.393168
0.477000, 318925189.960804
0.478000, 318994561.478298
0.479000, 319063932.995791
0.480000, 319127006.725507
0.481000, 319190080.455222
0.482000, 319246853.908058
0.483000, 319303627.360893
0.484000, 319354098.296378
0.485000, 319404569.231862
0.486000, 319448735.658242
0.487000, 319492902.084623
0.488000, 319530762.258946
0.489000, 319568622.433269
0.490000, 319600174.861445
0.491000, 319631727.289621
0.492000, 319656970.726488
0.493000, 319682214.163355
0.494000, 319701147.612722
0.495000, 319720081.062089
0.496000, 319732703.776781
0.497000, 319745326.491472
0.498000, 319751637.973354
0.499000, 319757949.455236
0.500000, 319757949.455236
0.501000, 319757949.455236
0.502000, 319751637.973354
0.503000, 319745326.491472
0.504000, 319732703.776781
0.505000, 319720081.062089
0.506000, 319701147.612722
0.507000, 319682214.163355
0.508000, 319656970.726488
0.509000, 319631727.289621
0.510000, 319600174.861445
0.511000, 319568622.433269
0.512000, 319530762.258946
0.513000, 319492902.084623
0.514000, 319448735.658242
0.515000, 319404569.231862
0.516000, 319354098.296378
0.517000, 319303627.360893
0.518000, 319246853.908058
0.519000, 319190080.455222
0.520000, 319127006.725507
0.521000, 319063932.995791
0.522000, 318994561.478298
0.523000, 318925189.960804
0.524000, 318849523.393168
0.525000, 318773856.825532
0.526000, 318691898.193815
0.527000, 318609939.562097
0.528000, 318521692.100666
0.529000, 318433444.639236
0.530000, 318338911.830642
0.531000, 318244379.022048
0.532000, 318143564.596883
0.533000, 318042750.171719
0.534000, 317935658.108474
0.535000, 317828566.045229
0.536000, 317715200.570133
0.537000, 317601835.095037
0.538000, 317482200.681896
0.539000, 317362566.268754
0.540000, 317236667.638769
0.541000, 317110769.008783
0.542000, 316978611.130368
0.543000, 316846453.251953
0.544000, 316708041.340541
0.545000, 316569629.429128
0.546000, 316424968.946960
0.547000, 316280308.464792
0.548000, 316129405.120709
0.549000, 315978501.776625
0.550000, 315821361.525837
0.551000, 315664221.275050
0.552000, 315500850.318907
0.553000, 315337479.362765
0.554000, 315167884.148511
0.555000, 314998288.934257
0.556000, 314822476.154773
0.557000, 314646663.375290
0.558000, 314464639.968838
0.559000, 314282616.562385
0.560000, 314094389.712326
0.561000, 313906162.862268
0.562000, 313711739.996787
0.563000, 313517317.131306
0.564000, 313316705.923116
0.565000, 313116094.714926
0.566000, 312909303.080967
0.567000, 312702511.447007
0.568000, 312489547.548133
0.569000, 312276583.649258
0.570000, 312057455.889918
0.571000, 311838328.130578
0.572000, 311613045.158484
0.573000, 311387762.186391
0.574000, 311156332.892179
0.575000, 310924903.597966
0.576000, 310687337.114845
0.577000, 310449770.631723
0.578000, 310206076.335113
0.579000, 309962382.038504
0.580000, 309712569.545674
0.581000, 309462757.052844
0.582000, 309206836.222527
0.583000, 308950915.392210
0.584000, 308688896.324218
0.585000, 308426877.256226
0.586000, 308158770.291051
0.587000, 307890663.325876
0.588000, 307616479.044284
0.589000, 307342294.762693
0.590000, 307062043.985310
0.591000, 306781793.207926
0.592000, 306495486.994806
0.593000, 306209180.781686
0.594000, 305916830.431882
0.595000, 305624480.082078
0.596000, 305326097.133192
0.597000, 305027714.184307
0.598000, 304723310.412042
0.599000, 304418906.639777
0.600000, 304108494.057467
0.601000, 303798081.475158
0.602000, 303481672.333300
0.603000, 303165263.191442
0.604000, 302842869.977211
0.605000, 302520476.762981
0.606000, 302192112.199741
0.607000, 301863747.636500
0.608000, 301529424.683299
0.609000, 301195101.730099
0.610000, 300854833.581164
0.611000, 300514565.432229
0.612000, 300168365.516444
0.613000, 299822165.600659
0.614000, 299470047.581035
0.615000, 299117929.561411
0.616000, 298759907.334551
0.617000, 298401885.107691
0.618000, 298037972.803241
0.619000, 297674060.498792
0.620000, 297304272.478888
0.621000, 296934484.458983
0.622000, 296558835.317679
0.623000, 296183186.176375
0.624000, 295801690.739076
0.625000, 295420195.301776
0.626000, 295032868.624648
0.627000, 294645541.947521
0.628000, 294252399.316904
0.629000, 293859256.686287
0.630000, 293460313.618088
0.631000, 293061370.549890
0.632000, 292656642.788977
0.633000, 292251915.028063
0.634000, 291841418.547640
0.635000, 291430922.067217
0.636000, 291014673.068199
0.637000, 290598424.069181
0.638000, 290176438.979555
0.639000, 289754453.889928
0.640000, 289326749.364104
0.641000, 288899044.838280
0.642000, 288465637.756439
0.643000, 288032230.674599
0.644000, 287593138.142026
0.645000, 287154045.609454
0.646000, 286709284.955866
0.647000, 286264524.302278
0.648000, 285814113.081139
0.649000, 285363701.860000
0.650000, 284907657.847831
0.651000, 284451613.835662
0.652000, 283989955.031343
0.653000, 283528296.227024
0.654000, 283061040.851082
0.655000, 282593785.475140
0.656000, 282120951.969034
0.657000, 281648118.462928
0.658000, 281169725.488320
0.659000, 280691332.513712
0.660000, 280207398.951736
0.661000, 279723465.389759
0.662000, 279234010.340273
0.663000, 278744555.290787
0.664000, 278249598.071623
0.665000, 277754640.852460
0.666000, 277254200.998665
0.667000, 276753761.144870
0.668000, 276247858.407932
0.669000, 275741955.670995
0.670000, 275230610.018070
0.671000, 274719264.365144
0.672000, 274202495.978265
0.673000, 273685727.591386
0.674000, 273163556.866671
0.675000, 272641386.141956
0.676000, 272113833.688804
0.677000, 271586281.235652
0.678000, 271053367.875929
0.679000, 270520454.516207
0.680000, 269982201.283431
0.681000, 269443948.050655
0.682000, 268900376.189161
0.683000, 268356804.327667
0.684000, 267807935.291775
0.685000, 267259066.255883
0.686000, 266704921.709049
0.687000, 266150777.162215
0.688000, 265591378.976181
0.689000, 265031980.790147
0.690000, 264467351.044078
0.691000, 263902721.298008
0.692000, 263332882.277620
0.693000, 262763043.257231
0.694000, 262188017.453916
0.695000, 261612991.650600
0.696000, 261032801.760538
0.697000, 260452611.870475
0.698000, 259867280.793741
0.699000, 259281949.717006
0.700000, 258691500.556665
0.701000, 258101051.396325
0.702000, 257505507.457526
0.703000, 256909963.518728
0.704000, 256309348.307783
0.705000, 255708733.096838
0.706000, 255103070.320294
0.707000, 254497407.543751
0.708000, 253886721.107460
0.709000, 253276034.671169
0.710000, 252660348.679341
0.711000, 252044662.687514
0.712000, 251424001.441773
0.713000, 250803340.196032
0.714000, 250177728.194451
0.715000, 249552116.192871
0.716000, 248921578.129014
0.717000, 248291040.065157
0.718000, 247655600.827099
0.719000, 247020161.589042
0.720000, 246379846.258394
0.721000, 245739530.927746
0.722000, 245094364.778662
0.723000, 244449198.629577
0.724000, 243799207.127759
0.725000, 243149215.625941
0.726000, 242494424.427637
0.727000, 241839633.229332
0.728000, 241180068.180322
0.729000, 240520503.131311
0.730000, 239856190.265889
0.731000, 239191877.400467
0.732000, 238522842.940417
0.733000, 237853808.480367
0.734000, 237180078.833925
0.735000, 236506349.187484
0.736000, 235827950.948302
0.737000, 235149552.709120
0.738000, 234466512.655214
0.739000, 233783472.601307
0.740000, 233095817.694000
0.741000, 232408162.786693
0.742000, 231715920.169556
0.743000, 231023677.552419
0.744000, 230326874.550199
0.745000, 229630071.547979
0.746000, 228928735.665521
0.747000, 228227399.783063
0.748000, 227521558.704227
0.749000, 226815717.625390
0.750000, 226105399.211957
0.751000, 225395080.798523
0.752000, 224680313.089098
0.753000, 223965545.379673
0.754000, 223246356.588579
0.755000, 222527167.797486
0.756000, 221803586.313653
0.757000, 221080004.829821
0.758000, 220352059.215664
0.759000, 219624113.601507
0.760000, 218891832.591801
0.761000, 218159551.582095
0.762000, 217422964.082839
0.763000, 216686376.583584
0.764000, 215945511.670867
0.765000, 215204646.758150
0.766000, 214459533.676999
0.767000, 213714420.595847
0.768000, 212965088.759073
0.769000, 212215756.922299
0.770000, 211462235.909342
0.771000, 210708714.896384
0.772000, 209951034.452142
0.773000, 209193354.007899
0.774000, 208431544.041555
0.775000, 207669734.075210
0.776000, 206903824.659055
0.777000, 206137915.242899
0.778000, 205367936.611142
0.779000, 204597957.979386
0.780000, 203823940.526965
0.781000, 203049923.074544
0.782000, 202271897.355925
0.783000, 201493871.637306
0.784000, 200711868.365277
0.785000, 199929865.093248
0.786000, 199143915.137708
0.787000, 198357965.182169
0.788000, 197568099.568912
0.789000, 196778233.955655
0.790000, 195984483.865142
0.791000, 195190733.774629
0.792000, 194393130.540761
0.793000, 193595527.306894
0.794000, 192794102.415775
0.795000, 191992677.524656
0.796000, 191187462.613351
0.797000, 190382247.702045
0.798000, 189573274.557328
0.799000, 188764301.412611
0.800000, 187951601.969717
0.801000, 187138902.526824
0.802000, 186322508.868184
0.803000, 185506115.209544
0.804000, 184686059.563521
0.805000, 183866003.917498
0.806000, 183042318.657115
0.807000, 182218633.396731
0.808000, 181391351.038393
0.809000, 180564068.680054
0.810000, 179733221.882264
0.811000, 178902375.084473
0.812000, 178067996.646546
0.813000, 177233618.208618
0.814000, 176395741.069382
0.815000, 175557863.930146
0.816000, 174716521.166647
0.817000, 173875178.403148
0.818000, 173030403.229342
0.819000, 172185628.055536
0.820000, 171337453.820977
0.821000, 170489279.586418
0.822000, 169637739.774943
0.823000, 168786199.963468
0.824000, 167931328.191877
0.825000, 167076456.420285
0.826000, 166218286.437009
0.827000, 165360116.453733
0.828000, 164498682.137508
0.829000, 163637247.821283
0.830000, 162772583.179808
0.831000, 161907918.538333
0.832000, 161040057.706930
0.833000, 160172196.875527
0.834000, 159301174.115793
0.835000, 158430151.356058
0.836000, 157556001.054511
0.837000, 156681850.752964
0.838000, 155804607.419688
0.839000, 154927364.086411
0.840000, 154047062.353691
0.841000, 153166760.620970
0.842000, 152283435.241926
0.843000, 151400109.862882
0.844000, 150513795.710097
0.845000, 149627481.557311
0.846000, 148738213.621455
0.847000, 147848945.685598
0.848000, 146956759.074042
0.849000, 146064572.462486
0.850000, 145169502.397924
0.851000, 144274432.333361
0.852000, 143376514.152410
0.853000, 142478595.971458
0.854000, 141577865.123269
0.855000, 140677134.275081
0.856000, 139773626.319937
0.857000, 138870118.364794
0.858000, 137963868.972707
0.859000, 137057619.580620
0.860000, 136148664.529921
0.861000, 135239709.479221
0.862000, 134328084.655146
0.863000, 133416459.831071
0.864000, 132502201.224348
0.865000, 131587942.617625
0.866000, 130671086.323048
0.867000, 129754230.028471
0.868000, 128834812.243478
0.869000, 127915394.458485
0.870000, 126993451.481728
0.871000, 126071508.504970
0.872000, 125147076.734877
0.873000, 124222644.964785
0.874000, 123295760.898130
0.875000, 122368876.831475
0.876000, 121439577.061931
0.877000, 120510277.292387
0.878000, 119578598.509082
0.879000, 118646919.725777
0.880000, 117712898.711845
0.881000, 116778877.697913
0.882000, 115842551.329042
0.883000, 114906224.960170
0.884000, 113967630.203144
0.885000, 113029035.446118
0.886000, 112088209.357357
0.887000, 111147383.268596
0.888000, 110204362.992694
0.889000, 109261342.716793
0.890000, 108316165.485049
0.891000, 107370988.253306
0.892000, 106423691.382254
0.893000, 105476394.511203
0.894000, 104527015.401138
0.895000, 103577636.291073
0.896000, 102626212.424572
0.897000, 101674788.558071
0.898000, 100721357.498515
0.899000, 99767926.438959
0.900000, 98812525.829047
0.901000, 97857125.219135
0.902000, 96899792.779397
0.903000, 95942460.339659
0.904000, 94983233.866967
0.905000, 94024007.394276
0.906000, 93062924.760350
0.907000, 92101842.126424
0.908000, 91138941.276337
0.909000, 90176040.426249
0.910000, 89211359.376925
0.911000, 88246678.327600
0.912000, 87280255.166314
0.913000, 86313832.005027
0.914000, 85345704.887901
0.915000, 84377577.770774
0.916000, 83407784.921267
0.917000, 82437992.071760
0.918000, 81466571.779160
0.919000, 80495151.486561
0.920000, 79522142.104473
0.921000, 78549132.722385
0.922000, 77574572.667211
0.923000, 76600012.612037
0.924000, 75623940.361463
0.925000, 74647868.110890
0.926000, 73670322.202363
0.927000, 72692776.293836
0.928000, 71713795.323043
0.929000, 70734814.352249
0.930000, 69754436.971589
0.931000, 68774059.590928
0.932000, 67792324.507987
0.933000, 66810589.425046
0.934000, 65827535.401068
0.935000, 64844481.377090
0.936000, 63860147.225444
0.937000, 62875813.073798
0.938000, 61890237.658444
0.939000, 60904662.243090
0.940000, 59917884.477046
0.941000, 58931106.711001
0.942000, 57943165.554800
0.943000, 56955224.398599
0.944000, 55966158.858755
0.945000, 54977093.318911
0.946000, 53986942.446374
0.947000, 52996791.573837
0.948000, 52005594.462452
0.949000, 51014397.351066
0.950000, 50022193.136026
0.951000, 49029988.920986
0.952000, 48036816.777287
0.953000, 47043644.633588
0.954000, 46049543.774479
0.955000, 45055442.915371
0.956000, 44060452.590809
0.957000, 43065462.266247
0.958000, 42069621.761339
0.959000, 41073781.256431
0.960000, 40077129.889887
0.961000, 39080478.523343
0.962000, 38083055.645919
0.963000, 37085632.768495
0.964000, 36087477.761439
0.965000, 35089322.754383
0.966000, 34090475.027880
0.967000, 33091627.301376
0.968000, 32092126.292987
0.969000, 31092625.284598
0.970000, 30092510.457704
0.971000, 29092395.630810
0.972000, 28091706.473053
0.973000, 27091017.315295
0.974000, 26089793.337015
0.975000, 25088569.358735
0.976000, 24086850.091409
0.977000, 23085130.824083
0.978000, 22082955.818765
0.979000, 21080780.813447
0.980000, 20078189.639201
0.981000, 19075598.464956
0.982000, 18072630.707297
0.983000, 17069662.949638
0.984000, 16066358.208962
0.985000, 15063053.468287
0.986000, 14059451.358310
0.987000, 13055849.248334
0.988000, 12051989.394526
0.989000, 11048129.540717
0.990000, 10044051.578732
0.991000, 9039973.616747
0.992000, 8035717.190861
0.993000, 7031460.764975
0.994000, 6027065.526518
0.995000, 5022670.288061
0.996000, 4018175.893849
0.997000, 3013681.499636
0.998000, 2009127.610402
0.999000, 1004573.721169
1.000000, 0.000000
