0.000000, 0.000000
0.001000, 13.048726
0.002000, 26.097194
0.003000, 39.145663
0.004000, 52.193359
0.005000, 65.241054
0.006000, 78.287462
0.007000, 91.333870
0.008000, 104.378475
0.009000, 117.423080
0.010000, 130.465368
0.011000, 143.507655
0.012000, 156.547109
0.013000, 169.586564
0.014000, 182.622671
0.015000, 195.658778
0.016000, 208.691023
0.017000, 221.723268
0.018000, 234.751136
0.019000, 247.779004
0.020000, 260.801982
0.021000, 273.824959
0.022000, 286.842531
0.023000, 299.860104
0.024000, 312.871757
0.025000, 325.883410
0.026000, 338.888631
0.027000, 351.893851
0.028000, 364.892126
0.029000, 377.890400
0.030000, 390.881216
0.031000, 403.872031
0.032000, 416.854874
0.033000, 429.837717
0.034000, 442.812076
0.035000, 455.786435
0.036000, 468.751796
0.037000, 481.717158
0.038000, 494.673011
0.039000, 507.628864
0.040000, 520.574697
0.041000, 533.520530
0.042000, 546.455832
0.043000, 559.391133
0.044000, 572.315393
0.045000, 585.239653
0.046000, 598.152360
0.047000, 611.065068
0.048000, 623.965714
0.049000, 636.866360
0.050000, 649.754434
0.051000, 662.642509
0.052000, 675.517503
0.053000, 688.392498
0.054000, 701.253904
0.055000, 714.115310
0.056000, 726.962621
0.057000, 739.809931
0.058000, 752.642638
0.059000, 765.475345
0.060000, 778.292942
0.061000, 791.110539
0.062000, 803.912521
0.063000, 816.714502
0.064000, 829.500362
0.065000, 842.286222
0.066000, 855.055456
0.067000, 867.824690
0.068000, 880.576794
0.069000, 893.328898
0.070000, 906.063369
0.071000, 918.797839
0.072000, 931.514173
0.073000, 944.230507
0.074000, 956.928203
0.075000, 969.625899
0.076000, 982.304455
0.077000, 994.983012
0.078000, 1007.641928
0.079000, 1020.300844
0.080000, 1032.939620
0.081000, 1045.578396
0.082000, 1058.196534
0.083000, 1070.814671
0.084000, 1083.411672
0.085000, 1096.008672
0.086000, 1108.584039
0.087000, 1121.159405
0.088000, 1133.712640
0.089000, 1146.265876
0.090000, 1158.796485
0.091000, 1171.327094
0.092000, 1183.834582
0.093000, 1196.342071
0.094000, 1208.825944
0.095000, 1221.309817
0.096000, 1233.769583
0.097000, 1246.229349
0.098000, 1258.664515
0.099000, 1271.099682
0.100000, 1283.509758
0.101000, 1295.919834
0.102000, 1308.304329
0.103000, 1320.688825
0.104000, 1333.047251
0.105000, 1345.405677
0.106000, 1357.737546
0.107000, 1370.069415
0.108000, 1382.374241
0.109000, 1394.679066
0.110000, 1406.956361
0.111000, 1419.233656
0.112000, 1431.482937
0.113000, 1443.732218
0.114000, 1455.953001
0.115000, 1468.173784
0.116000, 1480.365586
0.117000, 1492.557389
0.118000, 1504.719729
0.119000, 1516.882070
0.120000, 1529.014468
0.121000, 1541.146867
0.122000, 1553.248845
0.123000, 1565.350822
0.124000, 1577.421901
0.125000, 1589.492980
0.126000, 1601.532684
0.127000, 1613.572388
0.128000, 1625.580241
0.129000, 1637.588095
0.130000, 1649.563623
0.131000, 1661.539152
0.132000, 1673.481883
0.133000, 1685.424614
0.134000, 1697.334077
0.135000, 1709.243539
0.136000, 1721.119263
0.137000, 1732.994986
0.138000, 1744.836502
0.139000, 1756.678017
0.140000, 1768.484858
0.141000, 1780.291698
0.142000, 1792.063397
0.143000, 1803.835096
0.144000, 1815.571188
0.145000, 1827.307281
0.146000, 1839.007304
0.147000, 1850.707328
0.148000, 1862.370819
0.149000, 1874.034311
0.150000, 1885.660811
0.151000, 1897.287311
0.152000, 1908.876360
0.153000, 1920.465410
0.154000, 1932.016550
0.155000, 1943.567691
0.156000, 1955.080468
0.157000, 1966.593244
0.158000, 1978.067202
0.159000, 1989.541159
0.160000, 2000.975845
0.161000, 2012.410531
0.162000, 2023.805493
0.163000, 2035.200456
0.164000, 2046.555245
0.165000, 2057.910035
0.166000, 2069.224203
0.167000, 2080.538371
0.168000, 2091.811471
0.169000, 2103.084571
0.170000, 2114.316158
0.171000, 2125.547744
0.172000, 2136.737375
0.173000, 2147.927005
0.174000, 2159.074237
0.175000, 2170.221469
0.176000, 2181.325863
0.177000, 2192.430257
0.178000, 2203.491374
0.179000, 2214.552491
0.180000, 2225.569895
0.181000, 2236.587299
0.182000, 2247.560554
0.183000, 2258.533810
0.184000, 2269.462484
0.185000, 2280.391158
0.186000, 2291.274819
0.187000, 2302.158480
0.188000, 2312.996698
0.189000, 2323.834916
0.190000, 2334.627264
0.191000, 2345.419612
0.192000, 2356.165663
0.193000, 2366.911714
0.194000, 2377.611045
0.195000, 2388.310375
0.196000, 2398.962562
0.197000, 2409.614749
0.198000, 2420.219373
0.199000, 2430.823996
0.200000, 2441.380638
0.201000, 2451.937279
0.202000, 2462.445521
0.203000, 2472.953763
0.204000, 2483.413190
0.205000, 2493.872618
0.206000, 2504.282819
0.207000, 2514.693021
0.208000, 2525.053584
0.209000, 2535.414147
0.210000, 2545.724663
0.211000, 2556.035179
0.212000, 2566.295242
0.213000, 2576.555304
0.214000, 2586.764507
0.215000, 2596.973711
0.216000, 2607.131652
0.217000, 2617.289593
0.218000, 2627.395871
0.219000, 2637.502150
0.220000, 2647.556366
0.221000, 2657.610582
0.222000, 2667.612339
0.223000, 2677.614096
0.224000, 2687.563000
0.225000, 2697.511903
0.226000, 2707.407560
0.227000, 2717.303217
0.228000, 2727.145237
0.229000, 2736.987256
0.230000, 2746.775250
0.231000, 2756.563244
0.232000, 2766.296826
0.233000, 2776.030407
0.234000, 2785.709192
0.235000, 2795.387977
0.236000, 2805.011584
0.237000, 2814.635191
0.238000, 2824.203239
0.239000, 2833.771287
0.240000, 2843.283399
0.241000, 2852.795511
0.242000, 2862.251311
0.243000, 2871.707111
0.244000, 2881.106226
0.245000, 2890.505341
0.246000, 2899.847400
0.247000, 2909.189459
0.248000, 2918.474093
0.249000, 2927.758727
0.250000, 2936.985570
0.251000, 2946.212413
0.252000, 2955.381100
0.253000, 2964.549787
0.254000, 2973.659956
0.255000, 2982.770125
0.256000, 2991.821417
0.257000, 3000.872709
0.258000, 3009.864766
0.259000, 3018.856823
0.260000, 3027.789291
0.261000, 3036.721759
0.262000, 3045.594284
0.263000, 3054.466809
0.264000, 3063.279042
0.265000, 3072.091275
0.266000, 3080.842867
0.267000, 3089.594460
0.268000, 3098.285066
0.269000, 3106.975672
0.270000, 3115.604950
0.271000, 3124.234227
0.272000, 3132.801835
0.273000, 3141.369442
0.274000, 3149.875042
0.275000, 3158.380642
0.276000, 3166.823898
0.277000, 3175.267154
0.278000, 3183.647732
0.279000, 3192.028311
0.280000, 3200.345882
0.281000, 3208.663453
0.282000, 3216.917688
0.283000, 3225.171923
0.284000, 3233.362495
0.285000, 3241.553068
0.286000, 3249.679655
0.287000, 3257.806242
0.288000, 3265.868523
0.289000, 3273.930804
0.290000, 3281.928460
0.291000, 3289.926116
0.292000, 3297.858832
0.293000, 3305.791548
0.294000, 3313.659010
0.295000, 3321.526473
0.296000, 3329.328371
0.297000, 3337.130269
0.298000, 3344.866296
0.299000, 3352.602322
0.300000, 3360.272170
0.301000, 3367.942019
0.302000, 3375.545388
0.303000, 3383.148756
0.304000, 3390.685344
0.305000, 3398.221932
0.306000, 3405.691442
0.307000, 3413.160952
0.308000, 3420.563089
0.309000, 3427.965226
0.310000, 3435.299698
0.311000, 3442.634170
0.312000, 3449.900687
0.313000, 3457.167205
0.314000, 3464.365480
0.315000, 3471.563756
0.316000, 3478.693506
0.317000, 3485.823257
0.318000, 3492.884200
0.319000, 3499.945142
0.320000, 3506.936999
0.321000, 3513.928857
0.322000, 3520.851352
0.323000, 3527.773847
0.324000, 3534.626707
0.325000, 3541.479566
0.326000, 3548.262520
0.327000, 3555.045475
0.328000, 3561.758255
0.329000, 3568.471036
0.330000, 3575.113378
0.331000, 3581.755720
0.332000, 3588.327361
0.333000, 3594.899002
0.334000, 3601.399683
0.335000, 3607.900364
0.336000, 3614.329828
0.337000, 3620.759292
0.338000, 3627.117285
0.339000, 3633.475279
0.340000, 3639.761550
0.341000, 3646.047822
0.342000, 3652.262124
0.343000, 3658.476426
0.344000, 3664.618512
0.345000, 3670.760599
0.346000, 3676.830228
0.347000, 3682.899857
0.348000, 3688.896789
0.349000, 3694.893720
0.350000, 3700.817718
0.351000, 3706.741716
0.352000, 3712.592545
0.353000, 3718.443375
0.354000, 3724.220806
0.355000, 3729.998237
0.356000, 3735.702041
0.357000, 3741.405845
0.358000, 3747.035796
0.359000, 3752.665748
0.360000, 3758.221625
0.361000, 3763.777503
0.362000, 3769.259086
0.363000, 3774.740670
0.364000, 3780.147743
0.365000, 3785.554817
0.366000, 3790.887166
0.367000, 3796.219516
0.368000, 3801.476932
0.369000, 3806.734348
0.370000, 3811.916622
0.371000, 3817.098896
0.372000, 3822.205823
0.373000, 3827.312751
0.374000, 3832.344131
0.375000, 3837.375511
0.376000, 3842.331144
0.377000, 3847.286778
0.378000, 3852.166469
0.379000, 3857.046160
0.380000, 3861.849716
0.381000, 3866.653273
0.382000, 3871.380505
0.383000, 3876.107737
0.384000, 3880.758458
0.385000, 3885.409179
0.386000, 3889.983205
0.387000, 3894.557231
0.388000, 3899.054382
0.389000, 3903.551533
0.390000, 3907.971632
0.391000, 3912.391730
0.392000, 3916.734601
0.393000, 3921.077472
0.394000, 3925.342944
0.395000, 3929.608417
0.396000, 3933.796322
0.397000, 3937.984227
0.398000, 3942.094400
0.399000, 3946.204573
0.400000, 3950.236851
0.401000, 3954.269129
0.402000, 3958.223353
0.403000, 3962.177577
0.404000, 3966.053592
0.405000, 3969.929606
0.406000, 3973.727257
0.407000, 3977.524908
0.408000, 3981.244047
0.409000, 3984.963185
0.410000, 3988.603663
0.411000, 3992.244142
0.412000, 3995.805817
0.413000, 3999.367492
0.414000, 4002.850223
0.415000, 4006.332954
0.416000, 4009.736603
0.417000, 4013.140252
0.418000, 4016.464686
0.419000, 4019.789119
0.420000, 4023.034205
0.421000, 4026.279292
0.422000, 4029.444902
0.423000, 4032.610513
0.424000, 4035.696524
0.425000, 4038.782535
0.426000, 4041.788823
0.427000, 4044.795112
0.428000, 4047.721559
0.429000, 4050.648007
0.430000, 4053.494498
0.431000, 4056.340990
0.432000, 4059.107412
0.433000, 4061.873835
0.434000, 4064.560080
0.435000, 4067.246325
0.436000, 4069.852286
0.437000, 4072.458246
0.438000, 4074.983820
0.439000, 4077.509394
0.440000, 4079.954482
0.441000, 4082.399569
0.442000, 4084.764074
0.443000, 4087.128578
0.444000, 4089.412406
0.445000, 4091.696234
0.446000, 4093.899295
0.447000, 4096.102357
0.448000, 4098.224564
0.449000, 4100.346772
0.450000, 4102.388043
0.451000, 4104.429313
0.452000, 4106.389566
0.453000, 4108.349818
0.454000, 4110.228975
0.455000, 4112.108133
0.456000, 4113.906120
0.457000, 4115.704108
0.458000, 4117.420855
0.459000, 4119.137603
0.460000, 4120.773042
0.461000, 4122.408481
0.462000, 4123.962547
0.463000, 4125.516613
0.464000, 4126.989245
0.465000, 4128.461877
0.466000, 4129.853017
0.467000, 4131.244157
0.468000, 4132.553749
0.469000, 4133.863342
0.470000, 4135.091335
0.471000, 4136.319329
0.472000, 4137.465675
0.473000, 4138.612021
0.474000, 4139.676675
0.475000, 4140.741328
0.476000, 4141.724247
0.477000, 4142.707166
0.478000, 4143.608311
0.479000, 4144.509457
0.480000, 4145.328793
0.481000, 4146.148129
0.482000, 4146.885624
0.483000, 4147.623119
0.484000, 4148.278743
0.485000, 4148.934368
0.486000, 4149.508096
0.487000, 4150.081824
0.488000, 4150.573633
0.489000, 4151.065441
0.490000, 4151.475312
0.491000, 4151.885182
0.492000, 4152.213098
0.493000, 4152.541014
0.494000, 4152.786962
0.495000, 4153.032910
0.496000, 4153.196881
0.497000, 4153.360852
0.498000, 4153.442839
0.499000, 4153.524826
0.500000, 4153.524826
0.501000, 4153.524826
0.502000, 4153.442839
0.503000, 4153.360852
0.504000, 4153.196881
0.505000, 4153.032910
0.506000, 4152.786962
0.507000, 4152.541014
0.508000, 4152.213098
0.509000, 4151.885182
0.510000, 4151.475312
0.511000, 4151.065441
0.512000, 4150.573633
0.513000, 4150.081824
0.514000, 4149.508096
0.515000, 4148.934368
0.516000, 4148.278743
0.517000, 4147.623119
0.518000, 4146.885624
0.519000, 4146.148129
0.520000, 4145.328793
0.521000, 4144.509457
0.522000, 4143.608311
0.523000, 4142.707166
0.524000, 4141.724247
0.525000, 4140.741328
0.526000, 4139.676675
0.527000, 4138.612021
0.528000, 4137.465675
0.529000, 4136.319329
0.530000, 4135.091335
0.531000, 4133.863342
0.532000, 4132.553749
0.533000, 4131.244157
0.534000, 4129.853017
0.535000, 4128.461877
0.536000, 4126.989245
0.537000, 4125.516613
0.538000, 4123.962547
0.539000, 4122.408481
0.540000, 4120.773042
0.541000, 4119.137603
0.542000, 4117.420855
0.543000, 4115.704108
0.544000, 4113.906120
0.545000, 4112.108133
0.546000, 4110.228975
0.547000, 4108.349818
0.548000, 4106.389566
0.549000, 4104.429313
0.550000, 4102.388043
0.551000, 4100.346772
0.552000, 4098.224564
0.553000, 4096.102357
0.554000, 4093.899295
0.555000, 4091.696234
0.556000, 4089.412406
0.557000, 4087.128578
0.558000, 4084.764074
0.559000, 4082.399569
0.560000, 4079.954482
0.561000, 4077.509394
0.562000, 4074.983820
0.563000, 4072.458246
0.564000, 4069.852286
0.565000, 4067.246325
0.566000, 4064.560080
0.567000, 4061.873835
0.568000, 4059.107412
0.569000, 4056.340990
0.570000, 4053.494498
0.571000, 4050.648007
0.572000, 4047.721559
0.573000, 4044.795112
0.574000, 4041.788823
0.575000, 4038.782535
0.576000, 4035.696524
0.577000, 4032.610513
0.578000, 4029.444902
0.579000, 4026.279292
0.580000, 4023.034205
0.581000, 4019.789119
0.582000, 4016.464686
0.583000, 4013.140252
0.584000, 4009.736603
0.585000, 4006.332954
0.586000, 4002.850223
0.587000, 3999.367492
0.588000, 3995.805817
0.589000, 3992.244142
0.590000, 3988.603663
0.591000, 3984.963185
0.592000, 3981.244047
0.593000, 3977.524908
0.594000, 3973.727257
0.595000, 3969.929606
0.596000, 3966.053592
0.597000, 3962.177577
0.598000, 3958.223353
0.599000, 3954.269129
0.600000, 3950.236851
0.601000, 3946.204573
0.602000, 3942.094400
0.603000, 3937.984227
0.604000, 3933.796322
0.605000, 3929.608417
0.606000, 3925.342944
0.607000, 3921.077472
0.608000, 3916.734601
0.609000, 3912.391730
0.610000, 3907.971632
0.611000, 3903.551533
0.612000, 3899.054382
0.613000, 3894.557231
0.614000, 3889.983205
0.615000, 3885.409179
0.616000, 3880.758458
0.617000, 3876.107737
0.618000, 3871.380505
0.619000, 3866.653273
0.620000, 3861.849716
0.621000, 3857.046160
0.622000, 3852.166469
0.623000, 3847.286778
0.624000, 3842.331144
0.625000, 3837.375511
0.626000, 3832.344131
0.627000, 3827.312751
0.628000, 3822.205823
0.629000, 3817.098896
0.630000, 3811.916622
0.631000, 3806.734348
0.632000, 3801.476932
0.633000, 3796.219516
0.634000, 3790.887166
0.635000, 3785.554817
0.636000, 3780.147743
0.637000, 3774.740670
0.638000, 3769.259086
0.639000, 3763.777503
0.640000, 3758.221625
0.641000, 3752.665748
0.642000, 3747.035796
0.643000, 3741.405845
0.644000, 3735.702041
0.645000, 3729.998237
0.646000, 3724.220806
0.647000, 3718.443375
0.648000, 3712.592545
0.649000, 3706.741716
0.650000, 3700.817718
0.651000, 3694.893720
0.652000, 3688.896789
0.653000, 3682.899857
0.654000, 3676.830228
0.655000, 3670.760599
0.656000, 3664.618512
0.657000, 3658.476426
0.658000, 3652.262124
0.659000, 3646.047822
0.660000, 3639.761550
0.661000, 3633.475279
0.662000, 3627.117285
0.663000, 3620.759292
0.664000, 3614.329828
0.665000, 3607.900364
0.666000, 3601.399683
0.667000, 3594.899002
0.668000, 3588.327361
0.669000, 3581.755720
0.670000, 3575.113378
0.671000, 3568.471036
0.672000, 3561.758255
0.673000, 3555.045475
0.674000, 3548.262520
0.675000, 3541.479566
0.676000, 3534.626707
0.677000, 3527.773847
0.678000, 3520.851352
0.679000, 3513.928857
0.680000, 3506.936999
0.681000, 3499.945142
0.682000, 3492.884200
0.683000, 3485.823257
0.684000, 3478.693506
0.685000, 3471.563756
0.686000, 3464.365480
0.687000, 3457.167205
0.688000, 3449.900687
0.689000, 3442.634170
0.690000, 3435.299698
0.691000, 3427.965226
0.692000, 3420.563089
0.693000, 3413.160952
0.694000, 3405.691442
0.695000, 3398.221932
0.696000, 3390.685344
0.697000, 3383.148756
0.698000, 3375.545388
0.699000, 3367.942019
0.700000, 3360.272170
0.701000, 3352.602322
0.702000, 3344.866296
0.703000, 3337.130269
0.704000, 3329.328371
0.705000, 3321.526473
0.706000, 3313.659010
0.707000, 3305.791548
0.708000, 3297.858832
0.709000, 3289.926116
0.710000, 3281.928460
0.711000, 3273.930804
0.712000, 3265.868523
0.713000, 3257.806242
0.714000, 3249.679655
0.715000, 3241.553068
0.716000, 3233.362495
0.717000, 3225.171923
0.718000, 3216.917688
0.719000, 3208.663453
0.720000, 3200.345882
0.721000, 3192.028311
0.722000, 3183.647732
0.723000, 3175.267154
0.724000, 3166.823898
0.725000, 3158.380642
0.726000, 3149.875042
0.727000, 3141.369442
0.728000, 3132.801835
0.729000, 3124.234227
0.730000, 3115.604950
0.731000, 3106.975672
0.732000, 3098.285066
0.733000, 3089.594460
0.734000, 3080.842867
0.735000, 3072.091275
0.736000, 3063.279042
0.737000, 3054.466809
0.738000, 3045.594284
0.739000, 3036.721759
0.740000, 3027.789291
0.741000, 3018.856823
0.742000, 3009.864766
0.743000, 3000.872709
0.744000, 2991.821417
0.745000, 2982.770125
0.746000, 2973.659956
0.747000, 2964.549787
0.748000, 2955.381100
0.749000, 2946.212413
0.750000, 2936.985570
0.751000, 2927.758727
0.752000, 2918.474093
0.753000, 2909.189459
0.754000, 2899.847400
0.755000, 2890.505341
0.756000, 2881.106226
0.757000, 2871.707111
0.758000, 2862.251311
0.759000, 2852.795511
0.760000, 2843.283399
0.761000, 2833.771287
0.762000, 2824.203239
0.763000, 2814.635191
0.764000, 2805.011584
0.765000, 2795.387977
0.766000, 2785.709192
0.767000, 2776.030407
0.768000, 2766.296826
0.769000, 2756.563244
0.770000, 2746.775250
0.771000, 2736.987256
0.772000, 2727.145237
0.773000, 2717.303217
0.774000, 2707.407560
0.775000, 2697.511903
0.776000, 2687.563000
0.777000, 2677.614096
0.778000, 2667.612339
0.779000, 2657.610582
0.780000, 2647.556366
0.781000, 2637.502150
0.782000, 2627.395871
0.783000, 2617.289593
0.784000, 2607.131652
0.785000, 2596.973711
0.786000, 2586.764507
0.787000, 2576.555304
0.788000, 2566.295242
0.789000, 2556.035179
0.790000, 2545.724663
0.791000, 2535.414147
0.792000, 2525.053584
0.793000, 2514.693021
0.794000, 2504.282819
0.795000, 2493.872618
0.796000, 2483.413190
0.797000, 2472.953763
0.798000, 2462.445521
0.799000, 2451.937279
0.800000, 2441.380638
0.801000, 2430.823996
0.802000, 2420.219373
0.803000, 2409.614749
0.804000, 2398.962562
0.805000, 2388.310375
0.806000, 2377.611045
0.807000, 2366.911714
0.808000, 2356.165663
0.809000, 2345.419612
0.810000, 2334.627264
0.811000, 2323.834916
0.812000, 2312.996698
0.813000, 2302.158480
0.814000, 2291.274819
0.815000, 2280.391158
0.816000, 2269.462484
0.817000, 2258.533810
0.818000, 2247.560554
0.819000, 2236.587299
0.820000, 2225.569895
0.821000, 2214.552491
0.822000, 2203.491374
0.823000, 2192.430257
0.824000, 2181.325863
0.825000, 2170.221469
0.826000, 2159.074237
0.827000, 2147.927005
0.828000, 2136.737375
0.829000, 2125.547744
0.830000, 2114.316158
0.831000, 2103.084571
0.832000, 2091.811471
0.833000, 2080.538371
0.834000, 2069.224203
0.835000, 2057.910035
0.836000, 2046.555245
0.837000, 2035.200456
0.838000, 2023.805493
0.839000, 2012.410531
0.840000, 2000.975845
0.841000, 1989.541159
0.842000, 1978.067202
0.843000, 1966.593244
0.844000, 1955.080468
0.845000, 1943.567691
0.846000, 1932.016550
0.847000, 1920.465410
0.848000, 1908.876360
0.849000, 1897.287311
0.850000, 1885.660811
0.851000, 1874.034311
0.852000, 1862.370819
0.853000, 1850.707328
0.854000, 1839.007304
0.855000, 1827.307281
0.856000, 1815.571188
0.857000, 1803.835096
0.858000, 1792.063397
0.859000, 1780.291698
0.860000, 1768.484858
0.861000, 1756.678017
0.862000, 1744.836502
0.863000, 1732.994986
0.864000, 1721.119263
0.865000, 1709.243539
0.866000, 1697.334077
0.867000, 1685.424614
0.868000, 1673.481883
0.869000, 1661.539152
0.870000, 1649.563623
0.871000, 1637.588095
0.872000, 1625.580241
0.873000, 1613.572388
0.874000, 1601.532684
0.875000, 1589.492980
0.876000, 1577.421901
0.877000, 1565.350822
0.878000, 1553.248845
0.879000, 1541.146867
0.880000, 1529.014468
0.881000, 1516.882070
0.882000, 1504.719729
0.883000, 1492.557389
0.884000, 1480.365586
0.885000, 1468.173784
0.886000, 1455.953001
0.887000, 1443.732218
0.888000, 1431.482937
0.889000, 1419.233656
0.890000, 1406.956361
0.891000, 1394.679066
0.892000, 1382.374241
0.893000, 1370.069415
0.894000, 1357.737546
0.895000, 1345.405677
0.896000, 1333.047251
0.897000, 1320.688825
0.898000, 1308.304329
0.899000, 1295.919834
0.900000, 1283.509758
0.901000, 1271.099682
0.902000, 1258.664515
0.903000, 1246.229349
0.904000, 1233.769583
0.905000, 1221.309817
0.906000, 1208.825944
0.907000, 1196.342071
0.908000, 1183.834582
0.909000, 1171.327094
0.910000, 1158.796485
0.911000, 1146.265876
0.912000, 1133.712640
0.913000, 1121.159405
0.914000, 1108.584039
0.915000, 1096.008672
0.916000, 1083.411672
0.917000, 1070.814671
0.918000, 1058.196534
0.919000, 1045.578396
0.920000, 1032.939620
0.921000, 1020.300844
0.922000, 1007.641928
0.923000, 994.983012
0.924000, 982.304455
0.925000, 969.625899
0.926000, 956.928203
0.927000, 944.230507
0.928000, 931.514173
0.929000, 918.797839
0.930000, 906.063369
0.931000, 893.328898
0.932000, 880.576794
0.933000, 867.824690
0.934000, 855.055456
0.935000, 842.286222
0.936000, 829.500362
0.937000, 816.714502
0.938000, 803.912521
0.939000, 791.110539
0.940000, 778.292942
0.941000, 765.475345
0.942000, 752.642638
0.943000, 739.809931
0.944000, 726.962621
0.945000, 714.115310
0.946000, 701.253904
0.947000, 688.392498
0.948000, 675.517503
0.949000, 662.642509
0.950000, 649.754434
0.951000, 636.866360
0.952000, 623.965714
0.953000, 611.065068
0.954000, 598.152360
0.955000, 585.239653
0.956000, 572.315393
0.957000, 559.391133
0.958000, 546.455832
0.959000, 533.520530
0.960000, 520.574697
0.961000, 507.628864
0.962000, 494.673011
0.963000, 481.717158
0.964000, 468.751796
0.965000, 455.786435
0.966000, 442.812076
0.967000, 429.837717
0.968000, 416.854874
0.969000, 403.872031
0.970000, 390.881216
0.971000, 377.890400
0.972000, 364.892126
0.973000, 351.893851
0.974000, 338.888631
0.975000, 325.883410
0.976000, 312.871757
0.977000, 299.860104
0.978000, 286.842531
0.979000, 273.824959
0.980000, 260.801982
0.981000, 247.779004
0.982000, 234.751136
0.983000, 221.723268
0.984000, 208.691023
0.985000, 195.658778
0.986000, 182.622671
0.987000, 169.586564
0.988000, 156.547109
0.989000, 143.507655
0.990000, 130.465368
0.991000, 117.423080
0.992000, 104.378475
0.993000, 91.333870
0.994000, 78.287462
0.995000, 65.241054
0.996000, 52.193359
0.997000, 39.145663
0.998000, 26.097194
0.999000, 13.048726
1.000000, 0.000000
