0.000000, 0.000000
0.001000, 8.792558
0.002000, 17.584942
0.003000, 26.377327
0.004000, 35.169191
0.005000, 43.961054
0.006000, 52.752050
0.007000, 61.543046
0.008000, 70.332828
0.009000, 79.122609
0.010000, 87.910828
0.011000, 96.699048
0.012000, 105.485358
0.013000, 114.271669
0.014000, 123.055724
0.015000, 131.839779
0.016000, 140.621231
0.017000, 149.402684
0.018000, 158.181187
0.019000, 166.959691
0.020000, 175.734899
0.021000, 184.510107
0.022000, 193.281673
0.023000, 202.053238
0.024000, 210.820816
0.025000, 219.588393
0.026000, 228.351636
0.027000, 237.114879
0.028000, 245.873442
0.029000, 254.632004
0.030000, 263.385540
0.031000, 272.139077
0.032000, 280.887241
0.033000, 289.635406
0.034000, 298.377853
0.035000, 307.120300
0.036000, 315.856686
0.037000, 324.593071
0.038000, 333.323048
0.039000, 342.053026
0.040000, 350.776252
0.041000, 359.499478
0.042000, 368.215608
0.043000, 376.931738
0.044000, 385.640428
0.045000, 394.349117
0.046000, 403.050022
0.047000, 411.750928
0.048000, 420.443706
0.049000, 429.136483
0.050000, 437.820790
0.051000, 446.505097
0.052000, 455.180591
0.053000, 463.856084
0.054000, 472.522421
0.055000, 481.188759
0.056000, 489.845598
0.057000, 498.502437
0.058000, 507.149436
0.059000, 515.796435
0.060000, 524.433252
0.061000, 533.070070
0.062000, 541.696365
0.063000, 550.322660
0.064000, 558.938093
0.065000, 567.553525
0.066000, 576.157754
0.067000, 584.761984
0.068000, 593.354670
0.069000, 601.947357
0.070000, 610.528162
0.071000, 619.108966
0.072000, 627.677551
0.073000, 636.246135
0.074000, 644.802160
0.075000, 653.358185
0.076000, 661.901313
0.077000, 670.444441
0.078000, 678.974336
0.079000, 687.504230
0.080000, 696.020554
0.081000, 704.536877
0.082000, 713.039294
0.083000, 721.541711
0.084000, 730.029885
0.085000, 738.518059
0.086000, 746.991655
0.087000, 755.465251
0.088000, 763.923935
0.089000, 772.382619
0.090000, 780.826057
0.091000, 789.269495
0.092000, 797.697354
0.093000, 806.125212
0.094000, 814.537158
0.095000, 822.949104
0.096000, 831.344806
0.097000, 839.740508
0.098000, 848.119634
0.099000, 856.498760
0.100000, 864.860980
0.101000, 873.223200
0.102000, 881.568182
0.103000, 889.913165
0.104000, 898.240582
0.105000, 906.567999
0.106000, 914.877521
0.107000, 923.187043
0.108000, 931.478342
0.109000, 939.769641
0.110000, 948.042389
0.111000, 956.315138
0.112000, 964.569010
0.113000, 972.822882
0.114000, 981.057551
0.115000, 989.292220
0.116000, 997.507361
0.117000, 1005.722503
0.118000, 1013.917792
0.119000, 1022.113081
0.120000, 1030.288195
0.121000, 1038.463309
0.122000, 1046.617924
0.123000, 1054.772539
0.124000, 1062.906334
0.125000, 1071.040129
0.126000, 1079.152783
0.127000, 1087.265436
0.128000, 1095.356628
0.129000, 1103.447820
0.130000, 1111.517231
0.131000, 1119.586642
0.132000, 1127.633953
0.133000, 1135.681264
0.134000, 1143.706158
0.135000, 1151.731051
0.136000, 1159.733211
0.137000, 1167.735370
0.138000, 1175.714480
0.139000, 1183.693589
0.140000, 1191.649333
0.141000, 1199.605078
0.142000, 1207.537143
0.143000, 1215.469208
0.144000, 1223.377281
0.145000, 1231.285354
0.146000, 1239.169122
0.147000, 1247.052890
0.148000, 1254.912043
0.149000, 1262.771195
0.150000, 1270.605422
0.151000, 1278.439648
0.152000, 1286.248640
0.153000, 1294.057631
0.154000, 1301.841078
0.155000, 1309.624526
0.156000, 1317.382123
0.157000, 1325.139720
0.158000, 1332.871159
0.159000, 1340.602599
0.160000, 1348.307576
0.161000, 1356.012553
0.162000, 1363.690764
0.163000, 1371.368975
0.164000, 1379.020116
0.165000, 1386.671257
0.166000, 1394.295027
0.167000, 1401.918796
0.168000, 1409.514893
0.169000, 1417.110990
0.170000, 1424.679114
0.171000, 1432.247238
0.172000, 1439.787091
0.173000, 1447.326944
0.174000, 1454.838227
0.175000, 1462.349511
0.176000, 1469.831930
0.177000, 1477.314348
0.178000, 1484.767605
0.179000, 1492.220863
0.180000, 1499.644665
0.181000, 1507.068467
0.182000, 1514.462521
0.183000, 1521.856575
0.184000, 1529.220589
0.185000, 1536.584603
0.186000, 1543.918286
0.187000, 1551.251969
0.188000, 1558.555031
0.189000, 1565.858094
0.190000, 1573.130248
0.191000, 1580.402402
0.192000, 1587.643360
0.193000, 1594.884318
0.194000, 1602.093795
0.195000, 1609.303271
0.196000, 1616.480981
0.197000, 1623.658691
0.198000, 1630.804352
0.199000, 1637.950013
0.200000, 1645.063341
0.201000, 1652.176670
0.202000, 1659.257387
0.203000, 1666.338103
0.204000, 1673.385927
0.205000, 1680.433751
0.206000, 1687.448405
0.207000, 1694.463059
0.208000, 1701.444266
0.209000, 1708.425472
0.210000, 1715.372956
0.211000, 1722.320440
0.212000, 1729.233926
0.213000, 1736.147413
0.214000, 1743.026629
0.215000, 1749.905846
0.216000, 1756.750521
0.217000, 1763.595196
0.218000, 1770.405059
0.219000, 1777.214922
0.220000, 1783.989704
0.221000, 1790.764487
0.222000, 1797.503921
0.223000, 1804.243355
0.224000, 1810.947175
0.225000, 1817.650995
0.226000, 1824.318936
0.227000, 1830.986877
0.228000, 1837.618676
0.229000, 1844.250475
0.230000, 1850.845870
0.231000, 1857.441265
0.232000, 1863.999996
0.233000, 1870.558727
0.234000, 1877.080535
0.235000, 1883.602342
0.236000, 1890.086969
0.237000, 1896.571596
0.238000, 1903.018786
0.239000, 1909.465976
0.240000, 1915.875475
0.241000, 1922.284974
0.242000, 1928.656529
0.243000, 1935.028083
0.244000, 1941.361442
0.245000, 1947.694801
0.246000, 1953.989714
0.247000, 1960.284627
0.248000, 1966.540846
0.249000, 1972.797064
0.250000, 1979.014342
0.251000, 1985.231619
0.252000, 1991.409710
0.253000, 1997.587800
0.254000, 2003.726460
0.255000, 2009.865120
0.256000, 2015.964107
0.257000, 2022.063094
0.258000, 2028.122167
0.259000, 2034.181240
0.260000, 2040.200160
0.261000, 2046.219081
0.262000, 2052.197610
0.263000, 2058.176140
0.264000, 2064.114042
0.265000, 2070.051945
0.266000, 2075.948987
0.267000, 2081.846029
0.268000, 2087.701977
0.269000, 2093.557925
0.270000, 2099.372548
0.271000, 2105.187171
0.272000, 2110.960239
0.273000, 2116.733307
0.274000, 2122.464593
0.275000, 2128.195879
0.276000, 2133.885156
0.277000, 2139.574433
0.278000, 2145.221477
0.279000, 2150.868520
0.280000, 2156.473108
0.281000, 2162.077695
0.282000, 2167.639605
0.283000, 2173.201515
0.284000, 2178.720528
0.285000, 2184.239540
0.286000, 2189.715438
0.287000, 2195.191336
0.288000, 2200.623902
0.289000, 2206.056469
0.290000, 2211.445489
0.291000, 2216.834510
0.292000, 2222.179773
0.293000, 2227.525035
0.294000, 2232.826328
0.295000, 2238.127621
0.296000, 2243.384735
0.297000, 2248.641849
0.298000, 2253.854577
0.299000, 2259.067305
0.300000, 2264.235441
0.301000, 2269.403577
0.302000, 2274.526917
0.303000, 2279.650257
0.304000, 2284.728598
0.305000, 2289.806940
0.306000, 2294.840082
0.307000, 2299.873225
0.308000, 2304.860970
0.309000, 2309.848715
0.310000, 2314.790866
0.311000, 2319.733017
0.312000, 2324.629378
0.313000, 2329.525739
0.314000, 2334.376117
0.315000, 2339.226495
0.316000, 2344.030699
0.317000, 2348.834903
0.318000, 2353.592743
0.319000, 2358.350583
0.320000, 2363.061872
0.321000, 2367.773160
0.322000, 2372.437710
0.323000, 2377.102260
0.324000, 2381.719889
0.325000, 2386.337517
0.326000, 2390.908041
0.327000, 2395.478565
0.328000, 2400.001805
0.329000, 2404.525044
0.330000, 2409.000820
0.331000, 2413.476597
0.332000, 2417.904733
0.333000, 2422.332869
0.334000, 2426.713190
0.335000, 2431.093512
0.336000, 2435.425846
0.337000, 2439.758179
0.338000, 2444.042354
0.339000, 2448.326529
0.340000, 2452.562376
0.341000, 2456.798223
0.342000, 2460.985576
0.343000, 2465.172928
0.344000, 2469.311619
0.345000, 2473.450311
0.346000, 2477.540179
0.347000, 2481.630046
0.348000, 2485.670929
0.349000, 2489.711812
0.350000, 2493.703549
0.351000, 2497.695287
0.352000, 2501.637723
0.353000, 2505.580158
0.354000, 2509.473135
0.355000, 2513.366113
0.356000, 2517.209479
0.357000, 2521.052844
0.358000, 2524.846447
0.359000, 2528.640049
0.360000, 2532.383738
0.361000, 2536.127427
0.362000, 2539.821055
0.363000, 2543.514683
0.364000, 2547.158105
0.365000, 2550.801526
0.366000, 2554.394597
0.367000, 2557.987667
0.368000, 2561.530246
0.369000, 2565.072824
0.370000, 2568.564770
0.371000, 2572.056715
0.372000, 2575.497891
0.373000, 2578.939067
0.374000, 2582.329336
0.375000, 2585.719606
0.376000, 2589.058836
0.377000, 2592.398065
0.378000, 2595.686123
0.379000, 2598.974181
0.380000, 2602.210938
0.381000, 2605.447694
0.382000, 2608.633021
0.383000, 2611.818349
0.384000, 2614.952121
0.385000, 2618.085893
0.386000, 2621.167986
0.387000, 2624.250080
0.388000, 2627.280372
0.389000, 2630.310665
0.390000, 2633.289038
0.391000, 2636.267411
0.392000, 2639.193746
0.393000, 2642.120081
0.394000, 2644.994263
0.395000, 2647.868445
0.396000, 2650.690360
0.397000, 2653.512276
0.398000, 2656.281813
0.399000, 2659.051350
0.400000, 2661.768400
0.401000, 2664.485450
0.402000, 2667.149905
0.403000, 2669.814360
0.404000, 2672.426116
0.405000, 2675.037871
0.406000, 2677.596823
0.407000, 2680.155776
0.408000, 2682.661824
0.409000, 2685.167872
0.410000, 2687.620918
0.411000, 2690.073963
0.412000, 2692.473909
0.413000, 2694.873855
0.414000, 2697.220606
0.415000, 2699.567357
0.416000, 2701.860821
0.417000, 2704.154285
0.418000, 2706.394372
0.419000, 2708.634458
0.420000, 2710.821078
0.421000, 2713.007699
0.422000, 2715.140766
0.423000, 2717.273834
0.424000, 2719.353265
0.425000, 2721.432697
0.426000, 2723.458409
0.427000, 2725.484121
0.428000, 2727.456035
0.429000, 2729.427949
0.430000, 2731.345986
0.431000, 2733.264023
0.432000, 2735.128108
0.433000, 2736.992192
0.434000, 2738.802251
0.435000, 2740.612310
0.436000, 2742.368272
0.437000, 2744.124233
0.438000, 2745.826028
0.439000, 2747.527823
0.440000, 2749.175384
0.441000, 2750.822945
0.442000, 2752.416208
0.443000, 2754.009470
0.444000, 2755.548370
0.445000, 2757.087271
0.446000, 2758.571748
0.447000, 2760.056226
0.448000, 2761.486223
0.449000, 2762.916220
0.450000, 2764.291679
0.451000, 2765.667138
0.452000, 2766.988005
0.453000, 2768.308872
0.454000, 2769.575095
0.455000, 2770.841319
0.456000, 2772.052848
0.457000, 2773.264377
0.458000, 2774.421164
0.459000, 2775.577951
0.460000, 2776.679951
0.461000, 2777.781951
0.462000, 2778.829120
0.463000, 2779.876288
0.464000, 2780.868584
0.465000, 2781.860881
0.466000, 2782.798266
0.467000, 2783.735650
0.468000, 2784.618087
0.469000, 2785.500523
0.470000, 2786.327976
0.471000, 2787.155428
0.472000, 2787.927865
0.473000, 2788.700302
0.474000, 2789.417692
0.475000, 2790.135082
0.476000, 2790.797397
0.477000, 2791.459713
0.478000, 2792.066927
0.479000, 2792.674141
0.480000, 2793.226231
0.481000, 2793.778320
0.482000, 2794.275262
0.483000, 2794.772205
0.484000, 2795.213981
0.485000, 2795.655757
0.486000, 2796.042349
0.487000, 2796.428941
0.488000, 2796.760335
0.489000, 2797.091728
0.490000, 2797.367909
0.491000, 2797.644090
0.492000, 2797.865047
0.493000, 2798.086005
0.494000, 2798.251731
0.495000, 2798.417457
0.496000, 2798.527945
0.497000, 2798.638432
0.498000, 2798.693677
0.499000, 2798.748922
0.500000, 2798.748922
0.501000, 2798.748922
0.502000, 2798.693677
0.503000, 2798.638432
0.504000, 2798.527945
0.505000, 2798.417457
0.506000, 2798.251731
0.507000, 2798.086005
0.508000, 2797.865047
0.509000, 2797.644090
0.510000, 2797.367909
0.511000, 2797.091728
0.512000, 2796.760335
0.513000, 2796.428941
0.514000, 2796.042349
0.515000, 2795.655757
0.516000, 2795.213981
0.517000, 2794.772205
0.518000, 2794.275262
0.519000, 2793.778320
0.520000, 2793.226231
0.521000, 2792.674141
0.522000, 2792.066927
0.523000, 2791.459713
0.524000, 2790.797397
0.525000, 2790.135082
0.526000, 2789.417692
0.527000, 2788.700302
0.528000, 2787.927865
0.529000, 2787.155428
0.530000, 2786.327976
0.531000, 2785.500523
0.532000, 2784.618087
0.533000, 2783.735650
0.534000, 2782.798266
0.535000, 2781.860881
0.536000, 2780.868584
0.537000, 2779.876288
0.538000, 2778.829120
0.539000, 2777.781951
0.540000, 2776.679951
0.541000, 2775.577951
0.542000, 2774.421164
0.543000, 2773.264377
0.544000, 2772.052848
0.545000, 2770.841319
0.546000, 2769.575095
0.547000, 2768.308872
0.548000, 2766.988005
0.549000, 2765.667138
0.550000, 2764.291679
0.551000, 2762.916220
0.552000, 2761.486223
0.553000, 2760.056226
0.554000, 2758.571748
0.555000, 2757.087271
0.556000, 2755.548370
0.557000, 2754.009470
0.558000, 2752.416208
0.559000, 2750.822945
0.560000, 2749.175384
0.561000, 2747.527823
0.562000, 2745.826028
0.563000, 2744.124233
0.564000, 2742.368272
0.565000, 2740.612310
0.566000, 2738.802251
0.567000, 2736.992192
0.568000, 2735.128108
0.569000, 2733.264023
0.570000, 2731.345986
0.571000, 2729.427949
0.572000, 2727.456035
0.573000, 2725.484121
0.574000, 2723.458409
0.575000, 2721.432697
0.576000, 2719.353265
0.577000, 2717.273834
0.578000, 2715.140766
0.579000, 2713.007699
0.580000, 2710.821078
0.581000, 2708.634458
0.582000, 2706.394372
0.583000, 2704.154285
0.584000, 2701.860821
0.585000, 2699.567357
0.586000, 2697.220606
0.587000, 2694.873855
0.588000, 2692.473909
0.589000, 2690.073963
0.590000, 2687.620918
0.591000, 2685.167872
0.592000, 2682.661824
0.593000, 2680.155776
0.594000, 2677.596823
0.595000, 2675.037871
0.596000, 2672.426116
0.597000, 2669.814360
0.598000, 2667.149905
0.599000, 2664.485450
0.600000, 2661.768400
0.601000, 2659.051350
0.602000, 2656.281813
0.603000, 2653.512276
0.604000, 2650.690360
0.605000, 2647.868445
0.606000, 2644.994263
0.607000, 2642.120081
0.608000, 2639.193746
0.609000, 2636.267411
0.610000, 2633.289038
0.611000, 2630.310665
0.612000, 2627.280372
0.613000, 2624.250080
0.614000, 2621.167986
0.615000, 2618.085893
0.616000, 2614.952121
0.617000, 2611.818349
0.618000, 2608.633021
0.619000, 2605.447694
0.620000, 2602.210938
0.621000, 2598.974181
0.622000, 2595.686123
0.623000, 2592.398065
0.624000, 2589.058836
0.625000, 2585.719606
0.626000, 2582.329336
0.627000, 2578.939067
0.628000, 2575.497891
0.629000, 2572.056715
0.630000, 2568.564770
0.631000, 2565.072824
0.632000, 2561.530246
0.633000, 2557.987667
0.634000, 2554.394597
0.635000, 2550.801526
0.636000, 2547.158105
0.637000, 2543.514683
0.638000, 2539.821055
0.639000, 2536.127427
0.640000, 2532.383738
0.641000, 2528.640049
0.642000, 2524.846447
0.643000, 2521.052844
0.644000, 2517.209479
0.645000, 2513.366113
0.646000, 2509.473135
0.647000, 2505.580158
0.648000, 2501.637723
0.649000, 2497.695287
0.650000, 2493.703549
0.651000, 2489.711812
0.652000, 2485.670929
0.653000, 2481.630046
0.654000, 2477.540179
0.655000, 2473.450311
0.656000, 2469.311619
0.657000, 2465.172928
0.658000, 2460.985576
0.659000, 2456.798223
0.660000, 2452.562376
0.661000, 2448.326529
0.662000, 2444.042354
0.663000, 2439.758179
0.664000, 2435.425846
0.665000, 2431.093512
0.666000, 2426.713190
0.667000, 2422.332869
0.668000, 2417.904733
0.669000, 2413.476597
0.670000, 2409.000820
0.671000, 2404.525044
0.672000, 2400.001805
0.673000, 2395.478565
0.674000, 2390.908041
0.675000, 2386.337517
0.676000, 2381.719889
0.677000, 2377.102260
0.678000, 2372.437710
0.679000, 2367.773160
0.680000, 2363.061872
0.681000, 2358.350583
0.682000, 2353.592743
0.683000, 2348.834903
0.684000, 2344.030699
0.685000, 2339.226495
0.686000, 2334.376117
0.687000, 2329.525739
0.688000, 2324.629378
0.689000, 2319.733017
0.690000, 2314.790866
0.691000, 2309.848715
0.692000, 2304.860970
0.693000, 2299.873225
0.694000, 2294.840082
0.695000, 2289.806940
0.696000, 2284.728598
0.697000, 2279.650257
0.698000, 2274.526917
0.699000, 2269.403577
0.700000, 2264.235441
0.701000, 2259.067305
0.702000, 2253.854577
0.703000, 2248.641849
0.704000, 2243.384735
0.705000, 2238.127621
0.706000, 2232.826328
0.707000, 2227.525035
0.708000, 2222.179773
0.709000, 2216.834510
0.710000, 2211.445489
0.711000, 2206.056469
0.712000, 2200.623902
0.713000, 2195.191336
0.714000, 2189.715438
0.715000, 2184.239540
0.716000, 2178.720528
0.717000, 2173.201515
0.718000, 2167.639605
0.719000, 2162.077695
0.720000, 2156.473108
0.721000, 2150.868520
0.722000, 2145.221477
0.723000, 2139.574433
0.724000, 2133.885156
0.725000, 2128.195879
0.726000, 2122.464593
0.727000, 2116.733307
0.728000, 2110.960239
0.729000, 2105.187171
0.730000, 2099.372548
0.731000, 2093.557925
0.732000, 2087.701977
0.733000, 2081.846029
0.734000, 2075.948987
0.735000, 2070.051945
0.736000, 2064.114042
0.737000, 2058.176140
0.738000, 2052.197610
0.739000, 2046.219081
0.740000, 2040.200160
0.741000, 2034.181240
0.742000, 2028.122167
0.743000, 2022.063094
0.744000, 2015.964107
0.745000, 2009.865120
0.746000, 2003.726460
0.747000, 1997.587800
0.748000, 1991.409710
0.749000, 1985.231619
0.750000, 1979.014342
0.751000, 1972.797064
0.752000, 1966.540846
0.753000, 1960.284627
0.754000, 1953.989714
0.755000, 1947.694801
0.756000, 1941.361442
0.757000, 1935.028083
0.758000, 1928.656529
0.759000, 1922.284974
0.760000, 1915.875475
0.761000, 1909.465976
0.762000, 1903.018786
0.763000, 1896.571596
0.764000, 1890.086969
0.765000, 1883.602342
0.766000, 1877.080535
0.767000, 1870.558727
0.768000, 1863.999996
0.769000, 1857.441265
0.770000, 1850.845870
0.771000, 1844.250475
0.772000, 1837.618676
0.773000, 1830.986877
0.774000, 1824.318936
0.775000, 1817.650995
0.776000, 1810.947175
0.777000, 1804.243355
0.778000, 1797.503921
0.779000, 1790.764487
0.780000, 1783.989704
0.781000, 1777.214922
0.782000, 1770.405059
0.783000, 1763.595196
0.784000, 1756.750521
0.785000, 1749.905846
0.786000, 1743.026629
0.787000, 1736.147413
0.788000, 1729.233926
0.789000, 1722.320440
0.790000, 1715.372956
0.791000, 1708.425472
0.792000, 1701.444266
0.793000, 1694.463059
0.794000, 1687.448405
0.795000, 1680.433751
0.796000, 1673.385927
0.797000, 1666.338103
0.798000, 1659.257387
0.799000, 1652.176670
0.800000, 1645.063341
0.801000, 1637.950013
0.802000, 1630.804352
0.803000, 1623.658691
0.804000, 1616.480981
0.805000, 1609.303271
0.806000, 1602.093795
0.807000, 1594.884318
0.808000, 1587.643360
0.809000, 1580.402402
0.810000, 1573.130248
0.811000, 1565.858094
0.812000, 1558.555031
0.813000, 1551.251969
0.814000, 1543.918286
0.815000, 1536.584603
0.816000, 1529.220589
0.817000, 1521.856575
0.818000, 1514.462521
0.819000, 1507.068467
0.820000, 1499.644665
0.821000, 1492.220863
0.822000, 1484.767605
0.823000, 1477.314348
0.824000, 1469.831930
0.825000, 1462.349511
0.826000, 1454.838227
0.827000, 1447.326944
0.828000, 1439.787091
0.829000, 1432.247238
0.830000, 1424.679114
0.831000, 1417.110990
0.832000, 1409.514893
0.833000, 1401.918796
0.834000, 1394.295027
0.835000, 1386.671257
0.836000, 1379.020116
0.837000, 1371.368975
0.838000, 1363.690764
0.839000, 1356.012553
0.840000, 1348.307576
0.841000, 1340.602599
0.842000, 1332.871159
0.843000, 1325.139720
0.844000, 1317.382123
0.845000, 1309.624526
0.846000, 1301.841078
0.847000, 1294.057631
0.848000, 1286.248640
0.849000, 1278.439648
0.850000, 1270.605422
0.851000, 1262.771195
0.852000, 1254.912043
0.853000, 1247.052890
0.854000, 1239.169122
0.855000, 1231.285354
0.856000, 1223.377281
0.857000, 1215.469208
0.858000, 1207.537143
0.859000, 1199.605078
0.860000, 1191.649333
0.861000, 1183.693589
0.862000, 1175.714480
0.863000, 1167.735370
0.864000, 1159.733211
0.865000, 1151.731051
0.866000, 1143.706158
0.867000, 1135.681264
0.868000, 1127.633953
0.869000, 1119.586642
0.870000, 1111.517231
0.871000, 1103.447820
0.872000, 1095.356628
0.873000, 1087.265436
0.874000, 1079.152783
0.875000, 1071.040129
0.876000, 1062.906334
0.877000, 1054.772539
0.878000, 1046.617924
0.879000, 1038.463309
0.880000, 1030.288195
0.881000, 1022.113081
0.882000, 1013.917792
0.883000, 1005.722503
0.884000, 997.507361
0.885000, 989.292220
0.886000, 981.057551
0.887000, 972.822882
0.888000, 964.569010
0.889000, 956.315138
0.890000, 948.042389
0.891000, 939.769641
0.892000, 931.478342
0.893000, 923.187043
0.894000, 914.877521
0.895000, 906.567999
0.896000, 898.240582
0.897000, 889.913165
0.898000, 881.568182
0.899000, 873.223200
0.900000, 864.860980
0.901000, 856.498760
0.902000, 848.119634
0.903000, 839.740508
0.904000, 831.344806
0.905000, 822.949104
0.906000, 814.537158
0.907000, 806.125212
0.908000, 797.697354
0.909000, 789.269495
0.910000, 780.826057
0.911000, 772.382619
0.912000, 763.923935
0.913000, 755.465251
0.914000, 746.991655
0.915000, 738.518059
0.916000, 730.029885
0.917000, 721.541711
0.918000, 713.039294
0.919000, 704.536877
0.920000, 696.020554
0.921000, 687.504230
0.922000, 678.974336
0.923000, 670.444441
0.924000, 661.901313
0.925000, 653.358185
0.926000, 644.802160
0.927000, 636.246135
0.928000, 627.677551
0.929000, 619.108966
0.930000, 610.528162
0.931000, 601.947357
0.932000, 593.354670
0.933000, 584.761984
0.934000, 576.157754
0.935000, 567.553525
0.936000, 558.938093
0.937000, 550.322660
0.938000, 541.696365
0.939000, 533.070070
0.940000, 524.433252
0.941000, 515.796435
0.942000, 507.149436
0.943000, 498.502437
0.944000, 489.845598
0.945000, 481.188759
0.946000, 472.522421
0.947000, 463.856084
0.948000, 455.180591
0.949000, 446.505097
0.950000, 437.820790
0.951000, 429.136483
0.952000, 420.443706
0.953000, 411.750928
0.954000, 403.050022
0.955000, 394.349117
0.956000, 385.640428
0.957000, 376.931738
0.958000, 368.215608
0.959000, 359.499478
0.960000, 350.776252
0.961000, 342.053026
0.962000, 333.323048
0.963000, 324.593071
0.964000, 315.856686
0.965000, 307.120300
0.966000, 298.377853
0.967000, 289.635406
0.968000, 280.887241
0.969000, 272.139077
0.970000, 263.385540
0.971000, 254.632004
0.972000, 245.873442
0.973000, 237.114879
0.974000, 228.351636
0.975000, 219.588393
0.976000, 210.820816
0.977000, 202.053238
0.978000, 193.281673
0.979000, 184.510107
0.980000, 175.734899
0.981000, 166.959691
0.982000, 158.181187
0.983000, 149.402684
0.984000, 140.621231
0.985000, 131.839779
0.986000, 123.055724
0.987000, 114.271669
0.988000, 105.485358
0.989000, 96.699048
0.990000, 87.910828
0.991000, 79.122609
0.992000, 70.332828
0.993000, 61.543046
0.994000, 52.752050
0.995000, 43.961054
0.996000, 35.169191
0.997000, 26.377327
0.998000, 17.584942
0.999000, 8.792558
1.000000, 0.000000
