0.000000, 0.000000
0.001000, 63358.493665
0.002000, 126715.736687
0.003000, 190072.979709
0.004000, 253426.470853
0.005000, 316779.961997
0.006000, 380127.200176
0.007000, 443474.438355
0.008000, 506812.922729
0.009000, 570151.407102
0.010000, 633478.637175
0.011000, 696805.867247
0.012000, 760119.342969
0.013000, 823432.818690
0.014000, 886730.040553
0.015000, 950027.262415
0.016000, 1013305.731553
0.017000, 1076584.200690
0.018000, 1139841.418978
0.019000, 1203098.637265
0.020000, 1266332.107415
0.021000, 1329565.577565
0.022000, 1392772.803229
0.023000, 1455980.028893
0.024000, 1519158.514758
0.025000, 1582337.000623
0.026000, 1645484.252510
0.027000, 1708631.504397
0.028000, 1771745.029361
0.029000, 1834858.554325
0.030000, 1897935.860752
0.031000, 1961013.167179
0.032000, 2024051.764885
0.033000, 2087090.362591
0.034000, 2150087.762920
0.035000, 2213085.163249
0.036000, 2276038.879172
0.037000, 2338992.595094
0.038000, 2401900.141305
0.039000, 2464807.687517
0.040000, 2527666.580535
0.041000, 2590525.473552
0.042000, 2653333.231815
0.043000, 2716140.990078
0.044000, 2778895.134043
0.045000, 2841649.278008
0.046000, 2904347.330249
0.047000, 2967045.382490
0.048000, 3029684.867795
0.049000, 3092324.353101
0.050000, 3154902.798571
0.051000, 3217481.244041
0.052000, 3279996.179186
0.053000, 3342511.114331
0.054000, 3404960.071169
0.055000, 3467409.028006
0.056000, 3529789.541157
0.057000, 3592170.054309
0.058000, 3654479.661099
0.059000, 3716789.267889
0.060000, 3779025.508442
0.061000, 3841261.748994
0.062000, 3903422.166327
0.063000, 3965582.583661
0.064000, 4027664.723790
0.065000, 4089746.863919
0.066000, 4151748.275946
0.067000, 4213749.687973
0.068000, 4275667.924188
0.069000, 4337586.160404
0.070000, 4399418.776382
0.071000, 4461251.392361
0.072000, 4522995.947056
0.073000, 4584740.501752
0.074000, 4646394.557595
0.075000, 4708048.613438
0.076000, 4769609.736432
0.077000, 4831170.859426
0.078000, 4892636.619244
0.079000, 4954102.379061
0.080000, 5015470.349139
0.081000, 5076838.319217
0.082000, 5138106.076853
0.083000, 5199373.834489
0.084000, 5260538.960937
0.085000, 5321704.087385
0.086000, 5382764.167950
0.087000, 5443824.248516
0.088000, 5504776.872651
0.089000, 5565729.496786
0.090000, 5626572.258187
0.091000, 5687415.019587
0.092000, 5748145.516283
0.093000, 5808876.012980
0.094000, 5869491.847438
0.095000, 5930107.681895
0.096000, 5990606.461104
0.097000, 6051105.240313
0.098000, 6111484.575885
0.099000, 6171863.911457
0.100000, 6232121.419719
0.101000, 6292378.927982
0.102000, 6352512.230071
0.103000, 6412645.532161
0.104000, 6472652.254117
0.105000, 6532658.976074
0.106000, 6592536.748935
0.107000, 6652414.521797
0.108000, 6712160.981691
0.109000, 6771907.441585
0.110000, 6831520.229824
0.111000, 6891133.018063
0.112000, 6950609.781236
0.113000, 7010086.544409
0.114000, 7069424.934475
0.115000, 7128763.324541
0.116000, 7187960.998922
0.117000, 7247158.673303
0.118000, 7306213.294977
0.119000, 7365267.916651
0.120000, 7424177.154241
0.121000, 7483086.391832
0.122000, 7541847.919704
0.123000, 7600609.447575
0.124000, 7659220.945924
0.125000, 7717832.444272
0.126000, 7776291.599216
0.127000, 7834750.754159
0.128000, 7893055.257831
0.129000, 7951359.761502
0.130000, 8009507.312139
0.131000, 8067654.862776
0.132000, 8125643.164813
0.133000, 8183631.466850
0.134000, 8241458.231008
0.135000, 8299284.995167
0.136000, 8356947.938544
0.137000, 8414610.881922
0.138000, 8472107.728085
0.139000, 8529604.574248
0.140000, 8586933.053319
0.141000, 8644261.532390
0.142000, 8701419.381140
0.143000, 8758577.229889
0.144000, 8815562.191822
0.145000, 8872547.153755
0.146000, 8929356.979204
0.147000, 8986166.804652
0.148000, 9042799.250862
0.149000, 9099431.697071
0.150000, 9155884.528289
0.151000, 9212337.359507
0.152000, 9268608.347072
0.153000, 9324879.334638
0.154000, 9380966.257068
0.155000, 9437053.179499
0.156000, 9492953.822579
0.157000, 9548854.465660
0.158000, 9604566.622528
0.159000, 9660278.779397
0.160000, 9715800.250632
0.161000, 9771321.721868
0.162000, 9826650.315579
0.163000, 9881978.909289
0.164000, 9937112.441197
0.165000, 9992245.973104
0.166000, 10047182.266630
0.167000, 10102118.560157
0.168000, 10156855.446512
0.169000, 10211592.332866
0.170000, 10266127.651131
0.171000, 10320662.969396
0.172000, 10374994.566610
0.173000, 10429326.163823
0.174000, 10483451.895067
0.175000, 10537577.626312
0.176000, 10591495.354795
0.177000, 10645413.083278
0.178000, 10699120.680421
0.179000, 10752828.277564
0.180000, 10806323.623083
0.181000, 10859818.968602
0.182000, 10913099.950592
0.183000, 10966380.932581
0.184000, 11019445.447600
0.185000, 11072509.962619
0.186000, 11125355.915771
0.187000, 11178201.868923
0.188000, 11230827.173940
0.189000, 11283452.478957
0.190000, 11335855.058282
0.191000, 11388257.637608
0.192000, 11440435.422477
0.193000, 11492613.207346
0.194000, 11544564.137870
0.195000, 11596515.068394
0.196000, 11648237.093639
0.197000, 11699959.118884
0.198000, 11751450.196952
0.199000, 11802941.275021
0.200000, 11854199.373133
0.201000, 11905457.471246
0.202000, 11956480.565821
0.203000, 12007503.660396
0.204000, 12058289.737128
0.205000, 12109075.813861
0.206000, 12159622.867804
0.207000, 12210169.921747
0.208000, 12260475.957390
0.209000, 12310781.993032
0.210000, 12360845.024378
0.211000, 12410908.055723
0.212000, 12460726.106369
0.213000, 12510544.157016
0.214000, 12560115.260231
0.215000, 12609686.363446
0.216000, 12659008.562248
0.217000, 12708330.761050
0.218000, 12757402.108283
0.219000, 12806473.455515
0.220000, 12855292.013926
0.221000, 12904110.572337
0.222000, 12952674.414653
0.223000, 13001238.256969
0.224000, 13049545.465972
0.225000, 13097852.674976
0.226000, 13145901.343581
0.227000, 13193950.012186
0.228000, 13241738.243514
0.229000, 13289526.474842
0.230000, 13337052.382295
0.231000, 13384578.289748
0.232000, 13431839.997084
0.233000, 13479101.704421
0.234000, 13526097.345830
0.235000, 13573092.987239
0.236000, 13619820.707412
0.237000, 13666548.427586
0.238000, 13713006.381794
0.239000, 13759464.336002
0.240000, 13805650.690164
0.241000, 13851837.044327
0.242000, 13897749.975085
0.243000, 13943662.905842
0.244000, 13989300.600632
0.245000, 14034938.295422
0.246000, 14080298.952546
0.247000, 14125659.609670
0.248000, 14170741.438366
0.249000, 14215823.267063
0.250000, 14260624.487579
0.251000, 14305425.708095
0.252000, 14349944.551755
0.253000, 14394463.395415
0.254000, 14438698.104691
0.255000, 14482932.813967
0.256000, 14526881.642549
0.257000, 14570830.471131
0.258000, 14614491.683993
0.259000, 14658152.896856
0.260000, 14701524.770330
0.261000, 14744896.643804
0.262000, 14787977.465642
0.263000, 14831058.287480
0.264000, 14873846.356925
0.265000, 14916634.426370
0.266000, 14959128.054222
0.267000, 15001621.682074
0.268000, 15043819.190757
0.269000, 15086016.699441
0.270000, 15127916.423070
0.271000, 15169816.146699
0.272000, 15211416.431146
0.273000, 15253016.715592
0.274000, 15294315.918547
0.275000, 15335615.121501
0.276000, 15376611.612543
0.277000, 15417608.103585
0.278000, 15458300.264242
0.279000, 15498992.424900
0.280000, 15539378.648716
0.281000, 15579764.872532
0.282000, 15619843.565128
0.283000, 15659922.257724
0.284000, 15699691.836861
0.285000, 15739461.415999
0.286000, 15778920.311643
0.287000, 15818379.207288
0.288000, 15857525.861669
0.289000, 15896672.516051
0.290000, 15935505.383727
0.291000, 15974338.251403
0.292000, 16012855.799318
0.293000, 16051373.347233
0.294000, 16089574.054780
0.295000, 16127774.762327
0.296000, 16165657.121408
0.297000, 16203539.480489
0.298000, 16241101.995574
0.299000, 16278664.510658
0.300000, 16315905.698841
0.301000, 16353146.887025
0.302000, 16390065.278089
0.303000, 16426983.669154
0.304000, 16463577.805624
0.305000, 16500171.942095
0.306000, 16536440.379298
0.307000, 16572708.816501
0.308000, 16608650.122620
0.309000, 16644591.428739
0.310000, 16680204.184874
0.311000, 16715816.941009
0.312000, 16751099.741228
0.313000, 16786382.541447
0.314000, 16821333.992846
0.315000, 16856285.444246
0.316000, 16890904.167002
0.317000, 16925522.889758
0.318000, 16959807.517182
0.319000, 16994092.144607
0.320000, 17028041.323202
0.321000, 17061990.501797
0.322000, 17095602.891307
0.323000, 17129215.280817
0.324000, 17162489.554282
0.325000, 17195763.827747
0.326000, 17228698.671556
0.327000, 17261633.515365
0.328000, 17294227.629307
0.329000, 17326821.743249
0.330000, 17359073.840564
0.331000, 17391325.937879
0.332000, 17423234.745309
0.333000, 17455143.552739
0.334000, 17486707.810580
0.335000, 17518272.068420
0.336000, 17549490.530568
0.337000, 17580708.992716
0.338000, 17611580.426720
0.339000, 17642451.860723
0.340000, 17672975.047832
0.341000, 17703498.234940
0.342000, 17733671.970150
0.343000, 17763845.705360
0.344000, 17793668.797464
0.345000, 17823491.889568
0.346000, 17852963.161202
0.347000, 17882434.432835
0.348000, 17911552.720523
0.349000, 17940671.008210
0.350000, 17969435.162412
0.351000, 17998199.316613
0.352000, 18026608.201769
0.353000, 18055017.086925
0.354000, 18083069.581501
0.355000, 18111122.076077
0.356000, 18138817.072609
0.357000, 18166512.069142
0.358000, 18193848.474278
0.359000, 18221184.879415
0.360000, 18248161.613962
0.361000, 18275138.348509
0.362000, 18301754.347472
0.363000, 18328370.346434
0.364000, 18354624.559057
0.365000, 18380878.771680
0.366000, 18406770.161493
0.367000, 18432661.551305
0.368000, 18458189.096160
0.369000, 18483716.641015
0.370000, 18508879.333127
0.371000, 18534042.025240
0.372000, 18558838.871231
0.373000, 18583635.717222
0.374000, 18608065.738153
0.375000, 18632495.759085
0.376000, 18656557.990503
0.377000, 18680620.221920
0.378000, 18704313.713888
0.379000, 18728007.205855
0.380000, 18751331.022994
0.381000, 18774654.840134
0.382000, 18797608.061660
0.383000, 18820561.283186
0.384000, 18843143.002945
0.385000, 18865724.722705
0.386000, 18887934.049210
0.387000, 18910143.375715
0.388000, 18931979.432179
0.389000, 18953815.488644
0.390000, 18975277.413018
0.391000, 18996739.337391
0.392000, 19017826.282395
0.393000, 19038913.227398
0.394000, 19059624.360554
0.395000, 19080335.493710
0.396000, 19100669.997378
0.397000, 19121004.501047
0.398000, 19140961.572457
0.399000, 19160918.643867
0.400000, 19180497.495147
0.401000, 19200076.346428
0.402000, 19219276.204639
0.403000, 19238476.062850
0.404000, 19257296.170014
0.405000, 19276116.277179
0.406000, 19294555.890311
0.407000, 19312995.503443
0.408000, 19331053.894579
0.409000, 19349112.285714
0.410000, 19366788.741939
0.411000, 19384465.198163
0.412000, 19401759.021640
0.413000, 19419052.845117
0.414000, 19435963.353117
0.415000, 19452873.861116
0.416000, 19469400.386040
0.417000, 19485926.910964
0.418000, 19502068.800373
0.419000, 19518210.689782
0.420000, 19533967.306422
0.421000, 19549723.923063
0.422000, 19565094.644890
0.423000, 19580465.366717
0.424000, 19595449.586922
0.425000, 19610433.807127
0.426000, 19625030.934157
0.427000, 19639628.061188
0.428000, 19653837.518774
0.429000, 19668046.976361
0.430000, 19681868.203539
0.431000, 19695689.430717
0.432000, 19709121.881848
0.433000, 19722554.332979
0.434000, 19735597.477772
0.435000, 19748640.622566
0.436000, 19761293.946101
0.437000, 19773947.269636
0.438000, 19786210.272381
0.439000, 19798473.275127
0.440000, 19810345.472960
0.441000, 19822217.670793
0.442000, 19833698.595020
0.443000, 19845179.519246
0.444000, 19856268.716620
0.445000, 19867357.913993
0.446000, 19878054.946730
0.447000, 19888751.979467
0.448000, 19899056.425268
0.449000, 19909360.871068
0.450000, 19919272.323131
0.451000, 19929183.775193
0.452000, 19938701.842229
0.453000, 19948219.909266
0.454000, 19957344.215520
0.455000, 19966468.521774
0.456000, 19975198.707033
0.457000, 19983928.892293
0.458000, 19992264.611905
0.459000, 20000600.331517
0.460000, 20008541.256401
0.461000, 20016482.181286
0.462000, 20024027.997950
0.463000, 20031573.814613
0.464000, 20038724.225159
0.465000, 20045874.635705
0.466000, 20052629.357848
0.467000, 20059384.079990
0.468000, 20065742.847065
0.469000, 20072101.614139
0.470000, 20078064.175113
0.471000, 20084026.736086
0.472000, 20089592.855566
0.473000, 20095158.975046
0.474000, 20100328.433292
0.475000, 20105497.891538
0.476000, 20110270.484469
0.477000, 20115043.077400
0.478000, 20119418.616602
0.479000, 20123794.155803
0.480000, 20127772.468537
0.481000, 20131750.781271
0.482000, 20135331.710480
0.483000, 20138912.639689
0.484000, 20142096.044004
0.485000, 20145279.448319
0.486000, 20148065.202065
0.487000, 20150850.955811
0.488000, 20153238.949011
0.489000, 20155626.942210
0.490000, 20157617.080590
0.491000, 20159607.218971
0.492000, 20161199.423963
0.493000, 20162791.628956
0.494000, 20163985.837705
0.495000, 20165180.046453
0.496000, 20165976.211811
0.497000, 20166772.377170
0.498000, 20167170.467707
0.499000, 20167568.558244
0.500000, 20167568.558244
0.501000, 20167568.558244
0.502000, 20167170.467707
0.503000, 20166772.377170
0.504000, 20165976.211811
0.505000, 20165180.046453
0.506000, 20163985.837705
0.507000, 20162791.628956
0.508000, 20161199.423963
0.509000, 20159607.218971
0.510000, 20157617.080590
0.511000, 20155626.942210
0.512000, 20153238.949011
0.513000, 20150850.955811
0.514000, 20148065.202065
0.515000, 20145279.448319
0.516000, 20142096.044004
0.517000, 20138912.639689
0.518000, 20135331.710480
0.519000, 20131750.781271
0.520000, 20127772.468537
0.521000, 20123794.155803
0.522000, 20119418.616602
0.523000, 20115043.077400
0.524000, 20110270.484469
0.525000, 20105497.891538
0.526000, 20100328.433292
0.527000, 20095158.975046
0.528000, 20089592.855566
0.529000, 20084026.736086
0.530000, 20078064.175113
0.531000, 20072101.614139
0.532000, 20065742.847065
0.533000, 20059384.079990
0.534000, 20052629.357848
0.535000, 20045874.635705
0.536000, 20038724.225159
0.537000, 20031573.814613
0.538000, 20024027.997950
0.539000, 20016482.181286
0.540000, 20008541.256401
0.541000, 20000600.331517
0.542000, 19992264.611905
0.543000, 19983928.892293
0.544000, 19975198.707033
0.545000, 19966468.521774
0.546000, 19957344.215520
0.547000, 19948219.909266
0.548000, 19938701.842229
0.549000, 19929183.775193
0.550000, 19919272.323131
0.551000, 19909360.871068
0.552000, 19899056.425268
0.553000, 19888751.979467
0.554000, 19878054.946730
0.555000, 19867357.913993
0.556000, 19856268.716620
0.557000, 19845179.519246
0.558000, 19833698.595020
0.559000, 19822217.670793
0.560000, 19810345.472960
0.561000, 19798473.275127
0.562000, 19786210.272381
0.563000, 19773947.269636
0.564000, 19761293.946101
0.565000, 19748640.622566
0.566000, 19735597.477772
0.567000, 19722554.332979
0.568000, 19709121.881848
0.569000, 19695689.430717
0.570000, 19681868.203539
0.571000, 19668046.976361
0.572000, 19653837.518774
0.573000, 19639628.061188
0.574000, 19625030.934157
0.575000, 19610433.807127
0.576000, 19595449.586922
0.577000, 19580465.366717
0.578000, 19565094.644890
0.579000, 19549723.923063
0.580000, 19533967.306422
0.581000, 19518210.689782
0.582000, 19502068.800373
0.583000, 19485926.910964
0.584000, 19469400.386040
0.585000, 19452873.861116
0.586000, 19435963.353117
0.587000, 19419052.845117
0.588000, 19401759.021640
0.589000, 19384465.198163
0.590000, 19366788.741939
0.591000, 19349112.285714
0.592000, 19331053.894579
0.593000, 19312995.503443
0.594000, 19294555.890311
0.595000, 19276116.277179
0.596000, 19257296.170014
0.597000, 19238476.062850
0.598000, 19219276.204639
0.599000, 19200076.346428
0.600000, 19180497.495147
0.601000, 19160918.643867
0.602000, 19140961.572457
0.603000, 19121004.501047
0.604000, 19100669.997378
0.605000, 19080335.493710
0.606000, 19059624.360554
0.607000, 19038913.227398
0.608000, 19017826.282395
0.609000, 18996739.337391
0.610000, 18975277.413018
0.611000, 18953815.488644
0.612000, 18931979.432179
0.613000, 18910143.375715
0.614000, 18887934.049210
0.615000, 18865724.722705
0.616000, 18843143.002945
0.617000, 18820561.283186
0.618000, 18797608.061660
0.619000, 18774654.840134
0.620000, 18751331.022994
0.621000, 18728007.205855
0.622000, 18704313.713888
0.623000, 18680620.221920
0.624000, 18656557.990503
0.625000, 18632495.759085
0.626000, 18608065.738153
0.627000, 18583635.717222
0.628000, 18558838.871231
0.629000, 18534042.025240
0.630000, 18508879.333127
0.631000, 18483716.641015
0.632000, 18458189.096160
0.633000, 18432661.551305
0.634000, 18406770.161493
0.635000, 18380878.771680
0.636000, 18354624.559057
0.637000, 18328370.346434
0.638000, 18301754.347472
0.639000, 18275138.348509
0.640000, 18248161.613962
0.641000, 18221184.879415
0.642000, 18193848.474278
0.643000, 18166512.069142
0.644000, 18138817.072609
0.645000, 18111122.076077
0.646000, 18083069.581501
0.647000, 18055017.086925
0.648000, 18026608.201769
0.649000, 17998199.316613
0.650000, 17969435.162412
0.651000, 17940671.008210
0.652000, 17911552.720523
0.653000, 17882434.432835
0.654000, 17852963.161202
0.655000, 17823491.889568
0.656000, 17793668.797464
0.657000, 17763845.705360
0.658000, 17733671.970150
0.659000, 17703498.234940
0.660000, 17672975.047832
0.661000, 17642451.860723
0.662000, 17611580.426720
0.663000, 17580708.992716
0.664000, 17549490.530568
0.665000, 17518272.068420
0.666000, 17486707.810580
0.667000, 17455143.552739
0.668000, 17423234.745309
0.669000, 17391325.937879
0.670000, 17359073.840564
0.671000, 17326821.743249
0.672000, 17294227.629307
0.673000, 17261633.515365
0.674000, 17228698.671556
0.675000, 17195763.827747
0.676000, 17162489.554282
0.677000, 17129215.280817
0.678000, 17095602.891307
0.679000, 17061990.501797
0.680000, 17028041.323202
0.681000, 16994092.144607
0.682000, 16959807.517182
0.683000, 16925522.889758
0.684000, 16890904.167002
0.685000, 16856285.444246
0.686000, 16821333.992846
0.687000, 16786382.541447
0.688000, 16751099.741228
0.689000, 16715816.941009
0.690000, 16680204.184874
0.691000, 16644591.428739
0.692000, 16608650.122620
0.693000, 16572708.816501
0.694000, 16536440.379298
0.695000, 16500171.942095
0.696000, 16463577.805624
0.697000, 16426983.669154
0.698000, 16390065.278089
0.699000, 16353146.887025
0.700000, 16315905.698841
0.701000, 16278664.510658
0.702000, 16241101.995574
0.703000, 16203539.480489
0.704000, 16165657.121408
0.705000, 16127774.762327
0.706000, 16089574.054780
0.707000, 16051373.347233
0.708000, 16012855.799318
0.709000, 15974338.251403
0.710000, 15935505.383727
0.711000, 15896672.516051
0.712000, 15857525.861669
0.713000, 15818379.207288
0.714000, 15778920.311643
0.715000, 15739461.415999
0.716000, 15699691.836861
0.717000, 15659922.257724
0.718000, 15619843.565128
0.719000, 15579764.872532
0.720000, 15539378.648716
0.721000, 15498992.424900
0.722000, 15458300.264242
0.723000, 15417608.103585
0.724000, 15376611.612543
0.725000, 15335615.121501
0.726000, 15294315.918547
0.727000, 15253016.715592
0.728000, 15211416.431146
0.729000, 15169816.146699
0.730000, 15127916.423070
0.731000, 15086016.699441
0.732000, 15043819.190757
0.733000, 15001621.682074
0.734000, 14959128.054222
0.735000, 14916634.426370
0.736000, 14873846.356925
0.737000, 14831058.287480
0.738000, 14787977.465642
0.739000, 14744896.643804
0.740000, 14701524.770330
0.741000, 14658152.896856
0.742000, 14614491.683993
0.743000, 14570830.471131
0.744000, 14526881.642549
0.745000, 14482932.813967
0.746000, 14438698.104691
0.747000, 14394463.395415
0.748000, 14349944.551755
0.749000, 14305425.708095
0.750000, 14260624.487579
0.751000, 14215823.267063
0.752000, 14170741.438366
0.753000, 14125659.609670
0.754000, 14080298.952546
0.755000, 14034938.295422
0.756000, 13989300.600632
0.757000, 13943662.905842
0.758000, 13897749.975085
0.759000, 13851837.044327
0.760000, 13805650.690164
0.761000, 13759464.336002
0.762000, 13713006.381794
0.763000, 13666548.427586
0.764000, 13619820.707412
0.765000, 13573092.987239
0.766000, 13526097.345830
0.767000, 13479101.704421
0.768000, 13431839.997084
0.769000, 13384578.289748
0.770000, 13337052.382295
0.771000, 13289526.474842
0.772000, 13241738.243514
0.773000, 13193950.012186
0.774000, 13145901.343581
0.775000, 13097852.674976
0.776000, 13049545.465972
0.777000, 13001238.256969
0.778000, 12952674.414653
0.779000, 12904110.572337
0.780000, 12855292.013926
0.781000, 12806473.455515
0.782000, 12757402.108283
0.783000, 12708330.761050
0.784000, 12659008.562248
0.785000, 12609686.363446
0.786000, 12560115.260231
0.787000, 12510544.157016
0.788000, 12460726.106369
0.789000, 12410908.055723
0.790000, 12360845.024378
0.791000, 12310781.993032
0.792000, 12260475.957390
0.793000, 12210169.921747
0.794000, 12159622.867804
0.795000, 12109075.813861
0.796000, 12058289.737128
0.797000, 12007503.660396
0.798000, 11956480.565821
0.799000, 11905457.471246
0.800000, 11854199.373133
0.801000, 11802941.275021
0.802000, 11751450.196952
0.803000, 11699959.118884
0.804000, 11648237.093639
0.805000, 11596515.068394
0.806000, 11544564.137870
0.807000, 11492613.207346
0.808000, 11440435.422477
0.809000, 11388257.637608
0.810000, 11335855.058282
0.811000, 11283452.478957
0.812000, 11230827.173940
0.813000, 11178201.868923
0.814000, 11125355.915771
0.815000, 11072509.962619
0.816000, 11019445.447600
0.817000, 10966380.932581
0.818000, 10913099.950592
0.819000, 10859818.968602
0.820000, 10806323.623083
0.821000, 10752828.277564
0.822000, 10699120.680421
0.823000, 10645413.083278
0.824000, 10591495.354795
0.825000, 10537577.626312
0.826000, 10483451.895067
0.827000, 10429326.163823
0.828000, 10374994.566610
0.829000, 10320662.969396
0.830000, 10266127.651131
0.831000, 10211592.332866
0.832000, 10156855.446512
0.833000, 10102118.560157
0.834000, 10047182.266630
0.835000, 9992245.973104
0.836000, 9937112.441197
0.837000, 9881978.909289
0.838000, 9826650.315579
0.839000, 9771321.721868
0.840000, 9715800.250632
0.841000, 9660278.779397
0.842000, 9604566.622528
0.843000, 9548854.465660
0.844000, 9492953.822579
0.845000, 9437053.179499
0.846000, 9380966.257068
0.847000, 9324879.334638
0.848000, 9268608.347072
0.849000, 9212337.359507
0.850000, 9155884.528289
0.851000, 9099431.697071
0.852000, 9042799.250862
0.853000, 8986166.804652
0.854000, 8929356.979204
0.855000, 8872547.153755
0.856000, 8815562.191822
0.857000, 8758577.229889
0.858000, 8701419.381140
0.859000, 8644261.532390
0.860000, 8586933.053319
0.861000, 8529604.574248
0.862000, 8472107.728085
0.863000, 8414610.881922
0.864000, 8356947.938544
0.865000, 8299284.995167
0.866000, 8241458.231008
0.867000, 8183631.466850
0.868000, 8125643.164813
0.869000, 8067654.862776
0.870000, 8009507.312139
0.871000, 7951359.761502
0.872000, 7893055.257831
0.873000, 7834750.754159
0.874000, 7776291.599216
0.875000, 7717832.444272
0.876000, 7659220.945924
0.877000, 7600609.447575
0.878000, 7541847.919704
0.879000, 7483086.391832
0.880000, 7424177.154241
0.881000, 7365267.916651
0.882000, 7306213.294977
0.883000, 7247158.673303
0.884000, 7187960.998922
0.885000, 7128763.324541
0.886000, 7069424.934475
0.887000, 7010086.544409
0.888000, 6950609.781236
0.889000, 6891133.018063
0.890000, 6831520.229824
0.891000, 6771907.441585
0.892000, 6712160.981691
0.893000, 6652414.521797
0.894000, 6592536.748935
0.895000, 6532658.976074
0.896000, 6472652.254117
0.897000, 6412645.532161
0.898000, 6352512.230071
0.899000, 6292378.927982
0.900000, 6232121.419719
0.901000, 6171863.911457
0.902000, 6111484.575885
0.903000, 6051105.240313
0.904000, 5990606.461104
0.905000, 5930107.681895
0.906000, 5869491.847438
0.907000, 5808876.012980
0.908000, 5748145.516283
0.909000, 5687415.019587
0.910000, 5626572.258187
0.911000, 5565729.496786
0.912000, 5504776.872651
0.913000, 5443824.248516
0.914000, 5382764.167950
0.915000, 5321704.087385
0.916000, 5260538.960937
0.917000, 5199373.834489
0.918000, 5138106.076853
0.919000, 5076838.319217
0.920000, 5015470.349139
0.921000, 4954102.379061
0.922000, 4892636.619244
0.923000, 4831170.859426
0.924000, 4769609.736432
0.925000, 4708048.613438
0.926000, 4646394.557595
0.927000, 4584740.501752
0.928000, 4522995.947056
0.929000, 4461251.392361
0.930000, 4399418.776382
0.931000, 4337586.160404
0.932000, 4275667.924188
0.933000, 4213749.687973
0.934000, 4151748.275946
0.935000, 4089746.863919
0.936000, 4027664.723790
0.937000, 3965582.583661
0.938000, 3903422.166327
0.939000, 3841261.748994
0.940000, 3779025.508442
0.941000, 3716789.267889
0.942000, 3654479.661099
0.943000, 3592170.054309
0.944000, 3529789.541157
0.945000, 3467409.028006
0.946000, 3404960.071169
0.947000, 3342511.114331
0.948000, 3279996.179186
0.949000, 3217481.244041
0.950000, 3154902.798571
0.951000, 3092324.353101
0.952000, 3029684.867795
0.953000, 2967045.382490
0.954000, 2904347.330249
0.955000, 2841649.278008
0.956000, 2778895.134043
0.957000, 2716140.990078
0.958000, 2653333.231815
0.959000, 2590525.473552
0.960000, 2527666.580535
0.961000, 2464807.687517
0.962000, 2401900.141305
0.963000, 2338992.595094
0.964000, 2276038.879172
0.965000, 2213085.163249
0.966000, 2150087.762920
0.967000, 2087090.362591
0.968000, 2024051.764885
0.969000, 1961013.167179
0.970000, 1897935.860752
0.971000, 1834858.554325
0.972000, 1771745.029361
0.973000, 1708631.504397
0.974000, 1645484.252510
0.975000, 1582337.000623
0.976000, 1519158.514758
0.977000, 1455980.028893
0.978000, 1392772.803229
0.979000, 1329565.577565
0.980000, 1266332.107415
0.981000, 1203098.637265
0.982000, 1139841.418978
0.983000, 1076584.200690
0.984000, 1013305.731553
0.985000, 950027.262415
0.986000, 886730.040553
0.987000, 823432.818690
0.988000, 760119.342969
0.989000, 696805.867247
0.990000, 633478.637175
0.991000, 570151.407102
0.992000, 506812.922729
0.993000, 443474.438355
0.994000, 380127.200176
0.995000, 316779.961997
0.996000, 253426.470853
0.997000, 190072.979709
0.998000, 126715.736687
0.999000, 63358.493665
1.000000, 0.000000
