0.000000, 0.000000
0.001000, 19384.126251
0.002000, 38767.869877
0.003000, 58151.613502
0.004000, 77534.209265
0.005000, 96916.805027
0.006000, 116297.487735
0.007000, 135678.170442
0.008000, 155056.174979
0.009000, 174434.179516
0.010000, 193808.740871
0.011000, 213183.302226
0.012000, 232553.655526
0.013000, 251924.008825
0.014000, 271289.389360
0.015000, 290654.769895
0.016000, 310014.413154
0.017000, 329374.056413
0.018000, 348727.198110
0.019000, 368080.339807
0.020000, 387426.215913
0.021000, 406772.092019
0.022000, 426109.938793
0.023000, 445447.785566
0.024000, 464776.839582
0.025000, 484105.893597
0.026000, 503425.391777
0.027000, 522744.889956
0.028000, 542054.069599
0.029000, 561363.249242
0.030000, 580661.348055
0.031000, 599959.446868
0.032000, 619245.702995
0.033000, 638531.959122
0.034000, 657805.611175
0.035000, 677079.263228
0.036000, 696339.550316
0.037000, 715599.837404
0.038000, 734845.999164
0.039000, 754092.160924
0.040000, 773323.437550
0.041000, 792554.714177
0.042000, 811770.346451
0.043000, 830985.978726
0.044000, 850185.208049
0.045000, 869384.437372
0.046000, 888566.505790
0.047000, 907748.574209
0.048000, 926912.724448
0.049000, 946076.874686
0.050000, 965222.350177
0.051000, 984367.825669
0.052000, 1003493.870582
0.053000, 1022619.915495
0.054000, 1041725.774766
0.055000, 1060831.634038
0.056000, 1079916.553401
0.057000, 1099001.472764
0.058000, 1118064.698779
0.059000, 1137127.924794
0.060000, 1156168.704878
0.061000, 1175209.484961
0.062000, 1194227.067415
0.063000, 1213244.649869
0.064000, 1232238.283913
0.065000, 1251231.917956
0.066000, 1270200.853753
0.067000, 1289169.789550
0.068000, 1308113.278239
0.069000, 1327056.766927
0.070000, 1345974.060652
0.071000, 1364891.354376
0.072000, 1383781.706314
0.073000, 1402672.058251
0.074000, 1421534.722643
0.075000, 1440397.387035
0.076000, 1459231.619216
0.077000, 1478065.851397
0.078000, 1496870.907823
0.079000, 1515675.964249
0.080000, 1534451.102530
0.081000, 1553226.240810
0.082000, 1571970.719734
0.083000, 1590715.198658
0.084000, 1609428.278226
0.085000, 1628141.357794
0.086000, 1646822.299246
0.087000, 1665503.240697
0.088000, 1684151.306541
0.089000, 1702799.372384
0.090000, 1721413.826426
0.091000, 1740028.280468
0.092000, 1758608.387841
0.093000, 1777188.495214
0.094000, 1795733.522407
0.095000, 1814278.549601
0.096000, 1832787.764490
0.097000, 1851296.979378
0.098000, 1869769.651249
0.099000, 1888242.323120
0.100000, 1906677.722704
0.101000, 1925113.122288
0.102000, 1943510.521788
0.103000, 1961907.921287
0.104000, 1980266.594403
0.105000, 1998625.267520
0.106000, 2016944.489485
0.107000, 2035263.711450
0.108000, 2053542.759052
0.109000, 2071821.806653
0.110000, 2090059.958266
0.111000, 2108298.109879
0.112000, 2126494.645492
0.113000, 2144691.181106
0.114000, 2162845.382351
0.115000, 2180999.583597
0.116000, 2199110.733778
0.117000, 2217221.883959
0.118000, 2235289.268078
0.119000, 2253356.652197
0.120000, 2271379.556985
0.121000, 2289402.461774
0.122000, 2307380.175717
0.123000, 2325357.889661
0.124000, 2343289.703030
0.125000, 2361221.516400
0.126000, 2379106.721278
0.127000, 2396991.926157
0.128000, 2414829.816467
0.129000, 2432667.706777
0.130000, 2450457.578309
0.131000, 2468247.449841
0.132000, 2485988.600282
0.133000, 2503729.750722
0.134000, 2521421.479681
0.135000, 2539113.208640
0.136000, 2556754.817678
0.137000, 2574396.426716
0.138000, 2591987.219372
0.139000, 2609578.012029
0.140000, 2627117.293850
0.141000, 2644656.575671
0.142000, 2662143.654235
0.143000, 2679630.732799
0.144000, 2697064.917746
0.145000, 2714499.102694
0.146000, 2731879.705753
0.147000, 2749260.308813
0.148000, 2766586.643827
0.149000, 2783912.978842
0.150000, 2801184.361797
0.151000, 2818455.744753
0.152000, 2835671.493806
0.153000, 2852887.242858
0.154000, 2870046.678358
0.155000, 2887206.113859
0.156000, 2904308.558383
0.157000, 2921411.002907
0.158000, 2938455.781278
0.159000, 2955500.559650
0.160000, 2972486.998971
0.161000, 2989473.438292
0.162000, 3006400.867967
0.163000, 3023328.297641
0.164000, 3040196.049404
0.165000, 3057063.801166
0.166000, 3073871.209107
0.167000, 3090678.617047
0.168000, 3107425.017638
0.169000, 3124171.418228
0.170000, 3140856.150349
0.171000, 3157540.882471
0.172000, 3174163.287438
0.173000, 3190785.692406
0.174000, 3207345.113996
0.175000, 3223904.535586
0.176000, 3240400.320060
0.177000, 3256896.104535
0.178000, 3273327.600668
0.179000, 3289759.096802
0.180000, 3306125.655908
0.181000, 3322492.215013
0.182000, 3338793.190967
0.183000, 3355094.166921
0.184000, 3371328.916188
0.185000, 3387563.665455
0.186000, 3403731.547116
0.187000, 3419899.428777
0.188000, 3435999.804551
0.189000, 3452100.180325
0.190000, 3468132.414597
0.191000, 3484164.648869
0.192000, 3500128.108713
0.193000, 3516091.568558
0.194000, 3531985.623765
0.195000, 3547879.678972
0.196000, 3563703.702072
0.197000, 3579527.725172
0.198000, 3595281.091460
0.199000, 3611034.457747
0.200000, 3626716.545305
0.201000, 3642398.632864
0.202000, 3658008.822592
0.203000, 3673619.012320
0.204000, 3689156.687953
0.205000, 3704694.363587
0.206000, 3720158.911726
0.207000, 3735623.459865
0.208000, 3751014.269995
0.209000, 3766405.080124
0.210000, 3781721.544642
0.211000, 3797038.009161
0.212000, 3812279.523399
0.213000, 3827521.037638
0.214000, 3842686.999888
0.215000, 3857852.962138
0.216000, 3872942.773674
0.217000, 3888032.585209
0.218000, 3903045.650310
0.219000, 3918058.715412
0.220000, 3932994.441388
0.221000, 3947930.167364
0.222000, 3962787.964579
0.223000, 3977645.761794
0.224000, 3992425.043687
0.225000, 4007204.325580
0.226000, 4021904.508690
0.227000, 4036604.691800
0.228000, 4051225.195790
0.229000, 4065845.699779
0.230000, 4080385.947456
0.231000, 4094926.195132
0.232000, 4109385.612471
0.233000, 4123845.029810
0.234000, 4138223.045979
0.235000, 4152601.062148
0.236000, 4166897.109527
0.237000, 4181193.156906
0.238000, 4195406.671112
0.239000, 4209620.185317
0.240000, 4223750.605225
0.241000, 4237881.025132
0.242000, 4251927.792896
0.243000, 4265974.560660
0.244000, 4279937.121739
0.245000, 4293899.682817
0.246000, 4307777.485992
0.247000, 4321655.289167
0.248000, 4335447.786566
0.249000, 4349240.283966
0.250000, 4362946.931086
0.251000, 4376653.578205
0.252000, 4390273.833931
0.253000, 4403894.089656
0.254000, 4417427.416282
0.255000, 4430960.742908
0.256000, 4444406.606163
0.257000, 4457852.469417
0.258000, 4471210.338481
0.259000, 4484568.207544
0.260000, 4497837.555071
0.261000, 4511106.902597
0.262000, 4524287.204735
0.263000, 4537467.506874
0.264000, 4550558.243288
0.265000, 4563648.979702
0.266000, 4576649.633593
0.267000, 4589650.287484
0.268000, 4602560.345607
0.269000, 4615470.403730
0.270000, 4628289.356419
0.271000, 4641108.309108
0.272000, 4653835.650293
0.273000, 4666562.991477
0.274000, 4679198.218703
0.275000, 4691833.445930
0.276000, 4704376.060380
0.277000, 4716918.674831
0.278000, 4729368.181346
0.279000, 4741817.687860
0.280000, 4754173.594953
0.281000, 4766529.502046
0.282000, 4778791.321928
0.283000, 4791053.141809
0.284000, 4803220.390403
0.285000, 4815387.638998
0.286000, 4827459.835962
0.287000, 4839532.032927
0.288000, 4851508.701673
0.289000, 4863485.370419
0.290000, 4875366.038127
0.291000, 4887246.705836
0.292000, 4899030.903478
0.293000, 4910815.101121
0.294000, 4922502.363478
0.295000, 4934189.625835
0.296000, 4945779.491513
0.297000, 4957369.357191
0.298000, 4968861.368642
0.299000, 4980353.380093
0.300000, 4991747.083632
0.301000, 5003140.787171
0.302000, 5014435.732994
0.303000, 5025730.678818
0.304000, 5036926.421020
0.305000, 5048122.163223
0.306000, 5059218.259816
0.307000, 5070314.356409
0.308000, 5081310.369337
0.309000, 5092306.382266
0.310000, 5103201.877426
0.311000, 5114097.372586
0.312000, 5124891.919842
0.313000, 5135686.467099
0.314000, 5146379.640301
0.315000, 5157072.813503
0.316000, 5167664.190504
0.317000, 5178255.567504
0.318000, 5188744.730172
0.319000, 5199233.892841
0.320000, 5209620.427084
0.321000, 5220006.961327
0.322000, 5230290.457101
0.323000, 5240573.952875
0.324000, 5250754.004207
0.325000, 5260934.055538
0.326000, 5271010.260535
0.327000, 5281086.465532
0.328000, 5291058.426404
0.329000, 5301030.387275
0.330000, 5310897.710345
0.331000, 5320765.033415
0.332000, 5330527.329139
0.333000, 5340289.624863
0.334000, 5349946.507841
0.335000, 5359603.390820
0.336000, 5369154.479816
0.337000, 5378705.568812
0.338000, 5388150.486765
0.339000, 5397595.404718
0.340000, 5406933.778759
0.341000, 5416272.152800
0.342000, 5425503.614266
0.343000, 5434735.075731
0.344000, 5443859.260180
0.345000, 5452983.444628
0.346000, 5461999.991851
0.347000, 5471016.539075
0.348000, 5479925.093116
0.349000, 5488833.647156
0.350000, 5497633.856320
0.351000, 5506434.065484
0.352000, 5515125.582354
0.353000, 5523817.099224
0.354000, 5532399.580673
0.355000, 5540982.062122
0.356000, 5549455.169330
0.357000, 5557928.276537
0.358000, 5566291.674998
0.359000, 5574655.073460
0.360000, 5582908.433003
0.361000, 5591161.792546
0.362000, 5599304.787342
0.363000, 5607447.782138
0.364000, 5615480.090715
0.365000, 5623512.399293
0.366000, 5631433.704550
0.367000, 5639355.009807
0.368000, 5647164.999025
0.369000, 5654974.988242
0.370000, 5662673.353095
0.371000, 5670371.717947
0.372000, 5677958.154517
0.373000, 5685544.591086
0.374000, 5693018.799873
0.375000, 5700493.008660
0.376000, 5707854.694595
0.377000, 5715216.380530
0.378000, 5722465.252987
0.379000, 5729714.125444
0.380000, 5736849.898250
0.381000, 5743985.671055
0.382000, 5751008.062501
0.383000, 5758030.453947
0.384000, 5764939.186802
0.385000, 5771847.919656
0.386000, 5778642.721174
0.387000, 5785437.522692
0.388000, 5792118.124627
0.389000, 5798798.726561
0.390000, 5805364.865173
0.391000, 5811931.003786
0.392000, 5818382.419856
0.393000, 5824833.835926
0.394000, 5831170.274763
0.395000, 5837506.713600
0.396000, 5843727.925052
0.397000, 5849949.136504
0.398000, 5856054.874968
0.399000, 5862160.613433
0.400000, 5868150.637866
0.401000, 5874140.662298
0.402000, 5880014.736224
0.403000, 5885888.810149
0.404000, 5891646.701668
0.405000, 5897404.593187
0.406000, 5903046.074989
0.407000, 5908687.556790
0.408000, 5914212.406158
0.409000, 5919737.255526
0.410000, 5925145.254348
0.411000, 5930553.253171
0.412000, 5935844.187950
0.413000, 5941135.122728
0.414000, 5946308.784586
0.415000, 5951482.446444
0.416000, 5956538.631133
0.417000, 5961594.815823
0.418000, 5966533.323735
0.419000, 5971471.831647
0.420000, 5976292.467817
0.421000, 5981113.103987
0.422000, 5985815.678105
0.423000, 5990518.252224
0.424000, 5995102.578640
0.425000, 5999686.905057
0.426000, 6004152.802791
0.427000, 6008618.700524
0.428000, 6012965.993269
0.429000, 6017313.286014
0.430000, 6021541.802146
0.431000, 6025770.318278
0.432000, 6029879.890863
0.433000, 6033989.463448
0.434000, 6037979.930247
0.435000, 6041970.397046
0.436000, 6045841.600522
0.437000, 6049712.803998
0.438000, 6053464.591322
0.439000, 6057216.378647
0.440000, 6060848.601706
0.441000, 6064480.824765
0.442000, 6067993.340165
0.443000, 6071505.855564
0.444000, 6074898.524636
0.445000, 6078291.193708
0.446000, 6081563.882516
0.447000, 6084836.571324
0.448000, 6087989.150667
0.449000, 6091141.730011
0.450000, 6094174.075431
0.451000, 6097206.420852
0.452000, 6100118.412637
0.453000, 6103030.404423
0.454000, 6105821.927614
0.455000, 6108613.450804
0.456000, 6111284.395195
0.457000, 6113955.339586
0.458000, 6116505.599733
0.459000, 6119055.859879
0.460000, 6121485.335102
0.461000, 6123914.810325
0.462000, 6126223.404713
0.463000, 6128531.999100
0.464000, 6130719.621513
0.465000, 6132907.243926
0.466000, 6134973.808000
0.467000, 6137040.372074
0.468000, 6138985.796226
0.469000, 6140931.220377
0.470000, 6142755.427804
0.471000, 6144579.635231
0.472000, 6146282.553916
0.473000, 6147985.472601
0.474000, 6149567.035317
0.475000, 6151148.598032
0.476000, 6152608.742341
0.477000, 6154068.886649
0.478000, 6155407.554907
0.479000, 6156746.223164
0.480000, 6157963.362522
0.481000, 6159180.501880
0.482000, 6160276.064288
0.483000, 6161371.626696
0.484000, 6162345.568903
0.485000, 6163319.511110
0.486000, 6164171.794666
0.487000, 6165024.078223
0.488000, 6165754.669482
0.489000, 6166485.260741
0.490000, 6167094.130861
0.491000, 6167703.000981
0.492000, 6168190.125923
0.493000, 6168677.250866
0.494000, 6169042.611401
0.495000, 6169407.971936
0.496000, 6169651.553640
0.497000, 6169895.135344
0.498000, 6170016.928599
0.499000, 6170138.721855
0.500000, 6170138.721855
0.501000, 6170138.721855
0.502000, 6170016.928599
0.503000, 6169895.135344
0.504000, 6169651.553640
0.505000, 6169407.971936
0.506000, 6169042.611401
0.507000, 6168677.250866
0.508000, 6168190.125923
0.509000, 6167703.000981
0.510000, 6167094.130861
0.511000, 6166485.260741
0.512000, 6165754.669482
0.513000, 6165024.078223
0.514000, 6164171.794666
0.515000, 6163319.511110
0.516000, 6162345.568903
0.517000, 6161371.626696
0.518000, 6160276.064288
0.519000, 6159180.501880
0.520000, 6157963.362522
0.521000, 6156746.223164
0.522000, 6155407.554907
0.523000, 6154068.886649
0.524000, 6152608.742341
0.525000, 6151148.598032
0.526000, 6149567.035317
0.527000, 6147985.472601
0.528000, 6146282.553916
0.529000, 6144579.635231
0.530000, 6142755.427804
0.531000, 6140931.220377
0.532000, 6138985.796226
0.533000, 6137040.372074
0.534000, 6134973.808000
0.535000, 6132907.243926
0.536000, 6130719.621513
0.537000, 6128531.999100
0.538000, 6126223.404713
0.539000, 6123914.810325
0.540000, 6121485.335102
0.541000, 6119055.859879
0.542000, 6116505.599733
0.543000, 6113955.339586
0.544000, 6111284.395195
0.545000, 6108613.450804
0.546000, 6105821.927614
0.547000, 6103030.404423
0.548000, 6100118.412637
0.549000, 6097206.420852
0.550000, 6094174.075431
0.551000, 6091141.730011
0.552000, 6087989.150667
0.553000, 6084836.571324
0.554000, 6081563.882516
0.555000, 6078291.193708
0.556000, 6074898.524636
0.557000, 6071505.855564
0.558000, 6067993.340165
0.559000, 6064480.824765
0.560000, 6060848.601706
0.561000, 6057216.378647
0.562000, 6053464.591322
0.563000, 6049712.803998
0.564000, 6045841.600522
0.565000, 6041970.397046
0.566000, 6037979.930247
0.567000, 6033989.463448
0.568000, 6029879.890863
0.569000, 6025770.318278
0.570000, 6021541.802146
0.571000, 6017313.286014
0.572000, 6012965.993269
0.573000, 6008618.700524
0.574000, 6004152.802791
0.575000, 5999686.905057
0.576000, 5995102.578640
0.577000, 5990518.252224
0.578000, 5985815.678105
0.579000, 5981113.103987
0.580000, 5976292.467817
0.581000, 5971471.831647
0.582000, 5966533.323735
0.583000, 5961594.815823
0.584000, 5956538.631133
0.585000, 5951482.446444
0.586000, 5946308.784586
0.587000, 5941135.122728
0.588000, 5935844.187950
0.589000, 5930553.253171
0.590000, 5925145.254348
0.591000, 5919737.255526
0.592000, 5914212.406158
0.593000, 5908687.556790
0.594000, 5903046.074989
0.595000, 5897404.593187
0.596000, 5891646.701668
0.597000, 5885888.810149
0.598000, 5880014.736224
0.599000, 5874140.662298
0.600000, 5868150.637866
0.601000, 5862160.613433
0.602000, 5856054.874968
0.603000, 5849949.136504
0.604000, 5843727.925052
0.605000, 5837506.713600
0.606000, 5831170.274763
0.607000, 5824833.835926
0.608000, 5818382.419856
0.609000, 5811931.003786
0.610000, 5805364.865173
0.611000, 5798798.726561
0.612000, 5792118.124627
0.613000, 5785437.522692
0.614000, 5778642.721174
0.615000, 5771847.919656
0.616000, 5764939.186802
0.617000, 5758030.453947
0.618000, 5751008.062501
0.619000, 5743985.671055
0.620000, 5736849.898250
0.621000, 5729714.125444
0.622000, 5722465.252987
0.623000, 5715216.380530
0.624000, 5707854.694595
0.625000, 5700493.008660
0.626000, 5693018.799873
0.627000, 5685544.591086
0.628000, 5677958.154517
0.629000, 5670371.717947
0.630000, 5662673.353095
0.631000, 5654974.988242
0.632000, 5647164.999025
0.633000, 5639355.009807
0.634000, 5631433.704550
0.635000, 5623512.399293
0.636000, 5615480.090715
0.637000, 5607447.782138
0.638000, 5599304.787342
0.639000, 5591161.792546
0.640000, 5582908.433003
0.641000, 5574655.073460
0.642000, 5566291.674998
0.643000, 5557928.276537
0.644000, 5549455.169330
0.645000, 5540982.062122
0.646000, 5532399.580673
0.647000, 5523817.099224
0.648000, 5515125.582354
0.649000, 5506434.065484
0.650000, 5497633.856320
0.651000, 5488833.647156
0.652000, 5479925.093116
0.653000, 5471016.539075
0.654000, 5461999.991851
0.655000, 5452983.444628
0.656000, 5443859.260180
0.657000, 5434735.075731
0.658000, 5425503.614266
0.659000, 5416272.152800
0.660000, 5406933.778759
0.661000, 5397595.404718
0.662000, 5388150.486765
0.663000, 5378705.568812
0.664000, 5369154.479816
0.665000, 5359603.390820
0.666000, 5349946.507841
0.667000, 5340289.624863
0.668000, 5330527.329139
0.669000, 5320765.033415
0.670000, 5310897.710345
0.671000, 5301030.387275
0.672000, 5291058.426404
0.673000, 5281086.465532
0.674000, 5271010.260535
0.675000, 5260934.055538
0.676000, 5250754.004207
0.677000, 5240573.952875
0.678000, 5230290.457101
0.679000, 5220006.961327
0.680000, 5209620.427084
0.681000, 5199233.892841
0.682000, 5188744.730172
0.683000, 5178255.567504
0.684000, 5167664.190504
0.685000, 5157072.813503
0.686000, 5146379.640301
0.687000, 5135686.467099
0.688000, 5124891.919842
0.689000, 5114097.372586
0.690000, 5103201.877426
0.691000, 5092306.382266
0.692000, 5081310.369337
0.693000, 5070314.356409
0.694000, 5059218.259816
0.695000, 5048122.163223
0.696000, 5036926.421020
0.697000, 5025730.678818
0.698000, 5014435.732994
0.699000, 5003140.787171
0.700000, 4991747.083632
0.701000, 4980353.380093
0.702000, 4968861.368642
0.703000, 4957369.357191
0.704000, 4945779.491513
0.705000, 4934189.625835
0.706000, 4922502.363478
0.707000, 4910815.101121
0.708000, 4899030.903478
0.709000, 4887246.705836
0.710000, 4875366.038127
0.711000, 4863485.370419
0.712000, 4851508.701673
0.713000, 4839532.032927
0.714000, 4827459.835962
0.715000, 4815387.638998
0.716000, 4803220.390403
0.717000, 4791053.141809
0.718000, 4778791.321928
0.719000, 4766529.502046
0.720000, 4754173.594953
0.721000, 4741817.687860
0.722000, 4729368.181346
0.723000, 4716918.674831
0.724000, 4704376.060380
0.725000, 4691833.445930
0.726000, 4679198.218703
0.727000, 4666562.991477
0.728000, 4653835.650293
0.729000, 4641108.309108
0.730000, 4628289.356419
0.731000, 4615470.403730
0.732000, 4602560.345607
0.733000, 4589650.287484
0.734000, 4576649.633593
0.735000, 4563648.979702
0.736000, 4550558.243288
0.737000, 4537467.506874
0.738000, 4524287.204735
0.739000, 4511106.902597
0.740000, 4497837.555071
0.741000, 4484568.207544
0.742000, 4471210.338481
0.743000, 4457852.469417
0.744000, 4444406.606163
0.745000, 4430960.742908
0.746000, 4417427.416282
0.747000, 4403894.089656
0.748000, 4390273.833931
0.749000, 4376653.578205
0.750000, 4362946.931086
0.751000, 4349240.283966
0.752000, 4335447.786566
0.753000, 4321655.289167
0.754000, 4307777.485992
0.755000, 4293899.682817
0.756000, 4279937.121739
0.757000, 4265974.560660
0.758000, 4251927.792896
0.759000, 4237881.025132
0.760000, 4223750.605225
0.761000, 4209620.185317
0.762000, 4195406.671112
0.763000, 4181193.156906
0.764000, 4166897.109527
0.765000, 4152601.062148
0.766000, 4138223.045979
0.767000, 4123845.029810
0.768000, 4109385.612471
0.769000, 4094926.195132
0.770000, 4080385.947456
0.771000, 4065845.699779
0.772000, 4051225.195790
0.773000, 4036604.691800
0.774000, 4021904.508690
0.775000, 4007204.325580
0.776000, 3992425.043687
0.777000, 3977645.761794
0.778000, 3962787.964579
0.779000, 3947930.167364
0.780000, 3932994.441388
0.781000, 3918058.715412
0.782000, 3903045.650310
0.783000, 3888032.585209
0.784000, 3872942.773674
0.785000, 3857852.962138
0.786000, 3842686.999888
0.787000, 3827521.037638
0.788000, 3812279.523399
0.789000, 3797038.009161
0.790000, 3781721.544642
0.791000, 3766405.080124
0.792000, 3751014.269995
0.793000, 3735623.459865
0.794000, 3720158.911726
0.795000, 3704694.363587
0.796000, 3689156.687953
0.797000, 3673619.012320
0.798000, 3658008.822592
0.799000, 3642398.632864
0.800000, 3626716.545305
0.801000, 3611034.457747
0.802000, 3595281.091460
0.803000, 3579527.725172
0.804000, 3563703.702072
0.805000, 3547879.678972
0.806000, 3531985.623765
0.807000, 3516091.568558
0.808000, 3500128.108713
0.809000, 3484164.648869
0.810000, 3468132.414597
0.811000, 3452100.180325
0.812000, 3435999.804551
0.813000, 3419899.428777
0.814000, 3403731.547116
0.815000, 3387563.665455
0.816000, 3371328.916188
0.817000, 3355094.166921
0.818000, 3338793.190967
0.819000, 3322492.215013
0.820000, 3306125.655908
0.821000, 3289759.096802
0.822000, 3273327.600668
0.823000, 3256896.104535
0.824000, 3240400.320060
0.825000, 3223904.535586
0.826000, 3207345.113996
0.827000, 3190785.692406
0.828000, 3174163.287438
0.829000, 3157540.882471
0.830000, 3140856.150349
0.831000, 3124171.418228
0.832000, 3107425.017638
0.833000, 3090678.617047
0.834000, 3073871.209107
0.835000, 3057063.801166
0.836000, 3040196.049404
0.837000, 3023328.297641
0.838000, 3006400.867967
0.839000, 2989473.438292
0.840000, 2972486.998971
0.841000, 2955500.559650
0.842000, 2938455.781278
0.843000, 2921411.002907
0.844000, 2904308.558383
0.845000, 2887206.113859
0.846000, 2870046.678358
0.847000, 2852887.242858
0.848000, 2835671.493806
0.849000, 2818455.744753
0.850000, 2801184.361797
0.851000, 2783912.978842
0.852000, 2766586.643827
0.853000, 2749260.308813
0.854000, 2731879.705753
0.855000, 2714499.102694
0.856000, 2697064.917746
0.857000, 2679630.732799
0.858000, 2662143.654235
0.859000, 2644656.575671
0.860000, 2627117.293850
0.861000, 2609578.012029
0.862000, 2591987.219372
0.863000, 2574396.426716
0.864000, 2556754.817678
0.865000, 2539113.208640
0.866000, 2521421.479681
0.867000, 2503729.750722
0.868000, 2485988.600282
0.869000, 2468247.449841
0.870000, 2450457.578309
0.871000, 2432667.706777
0.872000, 2414829.816467
0.873000, 2396991.926157
0.874000, 2379106.721278
0.875000, 2361221.516400
0.876000, 2343289.703030
0.877000, 2325357.889661
0.878000, 2307380.175717
0.879000, 2289402.461774
0.880000, 2271379.556985
0.881000, 2253356.652197
0.882000, 2235289.268078
0.883000, 2217221.883959
0.884000, 2199110.733778
0.885000, 2180999.583597
0.886000, 2162845.382351
0.887000, 2144691.181106
0.888000, 2126494.645492
0.889000, 2108298.109879
0.890000, 2090059.958266
0.891000, 2071821.806653
0.892000, 2053542.759052
0.893000, 2035263.711450
0.894000, 2016944.489485
0.895000, 1998625.267520
0.896000, 1980266.594403
0.897000, 1961907.921287
0.898000, 1943510.521788
0.899000, 1925113.122288
0.900000, 1906677.722704
0.901000, 1888242.323120
0.902000, 1869769.651249
0.903000, 1851296.979378
0.904000, 1832787.764490
0.905000, 1814278.549601
0.906000, 1795733.522407
0.907000, 1777188.495214
0.908000, 1758608.387841
0.909000, 1740028.280468
0.910000, 1721413.826426
0.911000, 1702799.372384
0.912000, 1684151.306541
0.913000, 1665503.240697
0.914000, 1646822.299246
0.915000, 1628141.357794
0.916000, 1609428.278226
0.917000, 1590715.198658
0.918000, 1571970.719734
0.919000, 1553226.240810
0.920000, 1534451.102530
0.921000, 1515675.964249
0.922000, 1496870.907823
0.923000, 1478065.851397
0.924000, 1459231.619216
0.925000, 1440397.387035
0.926000, 1421534.722643
0.927000, 1402672.058251
0.928000, 1383781.706314
0.929000, 1364891.354376
0.930000, 1345974.060652
0.931000, 1327056.766927
0.932000, 1308113.278239
0.933000, 1289169.789550
0.934000, 1270200.853753
0.935000, 1251231.917956
0.936000, 1232238.283913
0.937000, 1213244.649869
0.938000, 1194227.067415
0.939000, 1175209.484961
0.940000, 1156168.704878
0.941000, 1137127.924794
0.942000, 1118064.698779
0.943000, 1099001.472764
0.944000, 1079916.553401
0.945000, 1060831.634038
0.946000, 1041725.774766
0.947000, 1022619.915495
0.948000, 1003493.870582
0.949000, 984367.825669
0.950000, 965222.350177
0.951000, 946076.874686
0.952000, 926912.724448
0.953000, 907748.574209
0.954000, 888566.505790
0.955000, 869384.437372
0.956000, 850185.208049
0.957000, 830985.978726
0.958000, 811770.346451
0.959000, 792554.714177
0.960000, 773323.437550
0.961000, 754092.160924
0.962000, 734845.999164
0.963000, 715599.837404
0.964000, 696339.550316
0.965000, 677079.263228
0.966000, 657805.611175
0.967000, 638531.959122
0.968000, 619245.702995
0.969000, 599959.446868
0.970000, 580661.348055
0.971000, 561363.249242
0.972000, 542054.069599
0.973000, 522744.889956
0.974000, 503425.391777
0.975000, 484105.893597
0.976000, 464776.839582
0.977000, 445447.785566
0.978000, 426109.938793
0.979000, 406772.092019
0.980000, 387426.215913
0.981000, 368080.339807
0.982000, 348727.198110
0.983000, 329374.056413
0.984000, 310014.413154
0.985000, 290654.769895
0.986000, 271289.389360
0.987000, 251924.008825
0.988000, 232553.655526
0.989000, 213183.302226
0.990000, 193808.740871
0.991000, 174434.179516
0.992000, 155056.174979
0.993000, 135678.170442
0.994000, 116297.487735
0.995000, 96916.805027
0.996000, 77534.209265
0.997000, 58151.613502
0.998000, 38767.869877
0.999000, 19384.126251
1.000000, 0.000000
