0.000000, 0.000000
0.001000, 1223868.361370
0.002000, 2447712.549795
0.003000, 3671556.738220
0.004000, 4895328.408771
0.005000, 6119100.079321
0.006000, 7342750.889944
0.007000, 8566401.700568
0.008000, 9789883.314011
0.009000, 11013364.927454
0.010000, 12236629.013180
0.011000, 13459893.098905
0.012000, 14682891.335011
0.013000, 15905889.571116
0.014000, 17128573.646253
0.015000, 18351257.721389
0.016000, 19573579.336678
0.017000, 20795900.951966
0.018000, 22017811.822917
0.019000, 23239722.693868
0.020000, 24461174.552295
0.021000, 25682626.410723
0.022000, 26903571.006662
0.023000, 28124515.602601
0.024000, 29344904.706223
0.025000, 30565293.809844
0.026000, 31785079.213369
0.027000, 33004864.616894
0.028000, 34223998.136507
0.029000, 35443131.656120
0.030000, 36661565.133882
0.031000, 37879998.611644
0.032000, 39097683.917402
0.033000, 40315369.223160
0.034000, 41532258.256460
0.035000, 42749147.289760
0.036000, 43965191.981755
0.037000, 45181236.673749
0.038000, 46396388.989104
0.039000, 47611541.304458
0.040000, 48825753.243260
0.041000, 50039965.182063
0.042000, 51253188.781724
0.043000, 52466412.381386
0.044000, 53678599.718548
0.045000, 54890787.055711
0.046000, 56101890.248145
0.047000, 57312993.440579
0.048000, 58522964.649086
0.049000, 59732935.857594
0.050000, 60941727.287904
0.051000, 62150518.718215
0.052000, 63358082.622883
0.053000, 64565646.527552
0.054000, 65771935.207852
0.055000, 66978223.888152
0.056000, 68183189.695970
0.057000, 69388155.503787
0.058000, 70591750.843508
0.059000, 71795346.183230
0.060000, 72997523.513632
0.061000, 74199700.844034
0.062000, 75400412.680170
0.063000, 76601124.516306
0.064000, 77800323.431387
0.065000, 78999522.346469
0.066000, 80197160.973747
0.067000, 81394799.601026
0.068000, 82590830.635674
0.069000, 83786861.670322
0.070000, 84981237.871305
0.071000, 86175614.072288
0.072000, 87368288.264240
0.073000, 88560962.456193
0.074000, 89751887.531289
0.075000, 90942812.606386
0.076000, 92131941.526207
0.077000, 93321070.446029
0.078000, 94508356.243429
0.079000, 95695642.040829
0.080000, 96881037.821795
0.081000, 98066433.602761
0.082000, 99249892.548274
0.083000, 100433351.493788
0.084000, 101614826.861680
0.085000, 102796302.229571
0.086000, 103975747.356375
0.087000, 105155192.483178
0.088000, 106332560.785978
0.089000, 107509929.088778
0.090000, 108685174.067058
0.091000, 109860419.045338
0.092000, 111033494.282822
0.093000, 112206569.520306
0.094000, 113377428.686800
0.095000, 114548287.853294
0.096000, 115716884.706518
0.097000, 116885481.559743
0.098000, 118051769.947168
0.099000, 119218058.334593
0.100000, 120381992.195266
0.101000, 121545926.055939
0.102000, 122707459.422309
0.103000, 123868992.788679
0.104000, 125028079.788417
0.105000, 126187166.788156
0.106000, 127343761.645975
0.107000, 128500356.503794
0.108000, 129654413.543257
0.109000, 130808470.582721
0.110000, 131959944.228055
0.111000, 133111417.873390
0.112000, 134260262.651288
0.113000, 135409107.429186
0.114000, 136555277.970608
0.115000, 137701448.512029
0.116000, 138844899.553997
0.117000, 139988350.595966
0.118000, 141129036.983359
0.119000, 142269723.370752
0.120000, 143407600.058092
0.121000, 144545476.745432
0.122000, 145680498.798665
0.123000, 146815520.851898
0.124000, 147947643.450176
0.125000, 149079766.048454
0.126000, 150208944.485906
0.127000, 151338122.923358
0.128000, 152464312.610861
0.129000, 153590502.298363
0.130000, 154713658.765303
0.131000, 155836815.232243
0.132000, 156956894.128278
0.133000, 158076973.024314
0.134000, 159193930.121128
0.135000, 160310887.217943
0.136000, 161424678.410993
0.137000, 162538469.604044
0.138000, 163649050.914308
0.139000, 164759632.224571
0.140000, 165866959.800282
0.141000, 166974287.375993
0.142000, 168078317.494378
0.143000, 169182347.612763
0.144000, 170283036.681769
0.145000, 171383725.750776
0.146000, 172481030.310795
0.147000, 173578334.870814
0.148000, 174672211.596400
0.149000, 175766088.321986
0.150000, 176856494.023566
0.151000, 177946899.725147
0.152000, 179033791.350733
0.153000, 180120682.976318
0.154000, 181204017.613201
0.155000, 182287352.250084
0.156000, 183367087.126534
0.157000, 184446822.002985
0.158000, 185522914.489942
0.159000, 186599006.976900
0.160000, 187671414.589655
0.161000, 188743822.202411
0.162000, 189812502.602285
0.163000, 190881183.002159
0.164000, 191946093.998176
0.165000, 193011004.994193
0.166000, 194072104.544745
0.167000, 195133204.095296
0.168000, 196190450.309802
0.169000, 197247696.524308
0.170000, 198301047.664871
0.171000, 199354398.805434
0.172000, 200403813.288487
0.173000, 201453227.771540
0.174000, 202498664.169485
0.175000, 203544100.567431
0.176000, 204585517.610279
0.177000, 205626934.653127
0.178000, 206664291.230122
0.179000, 207701647.807117
0.180000, 208734902.968360
0.181000, 209768158.129602
0.182000, 210797271.087666
0.183000, 211826384.045729
0.184000, 212851314.177267
0.185000, 213876244.308806
0.186000, 214896951.156157
0.187000, 215917658.003508
0.188000, 216934101.276288
0.189000, 217950544.549068
0.190000, 218962684.125761
0.191000, 219974823.702455
0.192000, 220982619.631994
0.193000, 221990415.561533
0.194000, 222993828.064876
0.195000, 223997240.568219
0.196000, 224996230.039915
0.197000, 225995219.511611
0.198000, 226989746.521364
0.199000, 227984273.531116
0.200000, 228974298.825333
0.201000, 229964324.119551
0.202000, 230949808.622896
0.203000, 231935293.126242
0.204000, 232916197.943171
0.205000, 233897102.760100
0.206000, 234873389.176393
0.207000, 235849675.592686
0.208000, 236821305.076973
0.209000, 237792934.561260
0.210000, 238759868.766537
0.211000, 239726802.971815
0.212000, 240689003.736957
0.213000, 241651204.502099
0.214000, 242608633.853358
0.215000, 243566063.204617
0.216000, 244518683.357120
0.217000, 245471303.509623
0.218000, 246419076.868857
0.219000, 247366850.228091
0.220000, 248309739.391385
0.221000, 249252628.554679
0.222000, 250190596.312672
0.223000, 251128564.070666
0.224000, 252061573.408776
0.225000, 252994582.746885
0.226000, 253922596.846760
0.227000, 254850610.946634
0.228000, 255773593.187602
0.229000, 256696575.428569
0.230000, 257614489.389079
0.231000, 258532403.349589
0.232000, 259445212.808642
0.233000, 260358022.267696
0.234000, 261265691.206270
0.235000, 262173360.144845
0.236000, 263075852.747311
0.237000, 263978345.349777
0.238000, 264875626.005304
0.239000, 265772906.660831
0.240000, 266664939.964790
0.241000, 267556973.268748
0.242000, 268443724.024097
0.243000, 269330474.779446
0.244000, 270211907.998120
0.245000, 271093341.216794
0.246000, 271969422.121074
0.247000, 272845503.025353
0.248000, 273716197.049234
0.249000, 274586891.073115
0.250000, 275452163.863662
0.251000, 276317436.654210
0.252000, 277177254.072912
0.253000, 278037071.491613
0.254000, 278891399.615715
0.255000, 279745727.739817
0.256000, 280594532.863657
0.257000, 281443337.987498
0.258000, 282286586.623830
0.259000, 283129835.260163
0.260000, 283967494.141471
0.261000, 284805153.022779
0.262000, 285637189.102579
0.263000, 286469225.182379
0.264000, 287295605.636519
0.265000, 288121986.090659
0.266000, 288942678.318605
0.267000, 289763370.546551
0.268000, 290578342.172666
0.269000, 291393313.798782
0.270000, 292202532.673598
0.271000, 293011751.548414
0.272000, 293815185.749887
0.273000, 294618619.951360
0.274000, 295416237.786128
0.275000, 296213855.620895
0.276000, 297005625.625515
0.277000, 297797395.630134
0.278000, 298583286.572318
0.279000, 299369177.514502
0.280000, 300149158.394341
0.281000, 300929139.274180
0.282000, 301703179.325357
0.283000, 302477219.376535
0.284000, 303245288.067534
0.285000, 304013356.758533
0.286000, 304775423.793829
0.287000, 305537490.829126
0.288000, 306293526.150378
0.289000, 307049561.471631
0.290000, 307799535.258855
0.291000, 308549509.046078
0.292000, 309293391.718816
0.293000, 310037274.391554
0.294000, 310775036.610031
0.295000, 311512798.828508
0.296000, 312244411.494782
0.297000, 312976024.161057
0.298000, 313701458.420160
0.299000, 314426892.679262
0.300000, 315146119.920323
0.301000, 315865347.161383
0.302000, 316578339.018753
0.303000, 317291330.876122
0.304000, 317998059.230481
0.305000, 318704787.584840
0.306000, 319405224.564299
0.307000, 320105661.543758
0.308000, 320799779.524948
0.309000, 321493897.506139
0.310000, 322181669.115292
0.311000, 322869440.724446
0.312000, 323550838.838465
0.313000, 324232236.952484
0.314000, 324907234.700002
0.315000, 325582232.447521
0.316000, 326250803.209955
0.317000, 326919373.972389
0.318000, 327581491.384978
0.319000, 328243608.797567
0.320000, 328899246.750401
0.321000, 329554884.703236
0.322000, 330204017.342281
0.323000, 330853149.981326
0.324000, 331495751.709430
0.325000, 332138353.437534
0.326000, 332774398.915429
0.327000, 333410444.393324
0.328000, 334039908.540615
0.329000, 334669372.687906
0.330000, 335292230.684051
0.331000, 335915088.680196
0.332000, 336531315.965477
0.333000, 337147543.250757
0.334000, 337757115.527234
0.335000, 338366687.803711
0.336000, 338969581.036177
0.337000, 339572474.268644
0.338000, 340168664.685560
0.339000, 340764855.102476
0.340000, 341354319.196898
0.341000, 341943783.291321
0.342000, 342526497.821821
0.343000, 343109212.352321
0.344000, 343685154.343890
0.345000, 344261096.335459
0.346000, 344830243.080406
0.347000, 345399389.825353
0.348000, 345961718.884191
0.349000, 346524047.943029
0.350000, 347079537.145348
0.351000, 347635026.347667
0.352000, 348183653.793003
0.353000, 348732281.238338
0.354000, 349274025.297023
0.355000, 349815769.355707
0.356000, 350350608.669714
0.357000, 350885447.983721
0.358000, 351413361.467498
0.359000, 351941274.951275
0.360000, 352462241.792566
0.361000, 352983208.633858
0.362000, 353497208.294515
0.363000, 354011207.955173
0.364000, 354518220.171957
0.365000, 355025232.388740
0.366000, 355525237.174108
0.367000, 356025241.959475
0.368000, 356518219.602361
0.369000, 357011197.245248
0.370000, 357497128.311833
0.371000, 357983059.378418
0.372000, 358461924.712885
0.373000, 358940790.047351
0.374000, 359412570.772630
0.375000, 359884351.497908
0.376000, 360349029.016414
0.377000, 360813706.534920
0.378000, 361271262.529277
0.379000, 361728818.523634
0.380000, 362179234.957387
0.381000, 362629651.391140
0.382000, 363072910.509460
0.383000, 363516169.627779
0.384000, 363952253.958150
0.385000, 364388338.288521
0.386000, 364817230.641425
0.387000, 365246122.994330
0.388000, 365667806.463915
0.389000, 366089489.933499
0.390000, 366503947.898235
0.391000, 366918405.862970
0.392000, 367325621.986298
0.393000, 367732838.109625
0.394000, 368132796.340591
0.395000, 368532754.571557
0.396000, 368925439.145441
0.397000, 369318123.719324
0.398000, 369703519.158248
0.399000, 370088914.597172
0.400000, 370467005.710705
0.401000, 370845096.824239
0.402000, 371215868.709991
0.403000, 371586640.595742
0.404000, 371950078.639936
0.405000, 372313516.684131
0.406000, 372669606.562180
0.407000, 373025696.440229
0.408000, 373374424.117287
0.409000, 373723151.794346
0.410000, 374064503.525859
0.411000, 374405855.257371
0.412000, 374739817.589606
0.413000, 375073779.921840
0.414000, 375400339.692413
0.415000, 375726899.462985
0.416000, 376046043.801369
0.417000, 376365188.139753
0.418000, 376676904.467783
0.419000, 376988620.795813
0.420000, 377292896.828172
0.421000, 377597172.860530
0.422000, 377893996.605225
0.423000, 378190820.349920
0.424000, 378480180.108753
0.425000, 378769539.867586
0.426000, 379051424.236605
0.427000, 379333308.605624
0.428000, 379607706.475567
0.429000, 379882104.345511
0.430000, 380149004.902239
0.431000, 380415905.458968
0.432000, 380675298.183885
0.433000, 380934690.908803
0.434000, 381186565.579263
0.435000, 381438440.249724
0.436000, 381682786.939432
0.437000, 381927133.629139
0.438000, 382163942.708531
0.439000, 382400751.787922
0.440000, 382630013.924545
0.441000, 382859276.061167
0.442000, 383080982.220037
0.443000, 383302688.378907
0.444000, 383516829.822864
0.445000, 383730971.266822
0.446000, 383937539.556868
0.447000, 384144107.846914
0.448000, 384343094.842539
0.449000, 384542081.838164
0.450000, 384733479.697665
0.451000, 384924877.557166
0.452000, 385108678.737949
0.453000, 385292479.918732
0.454000, 385468677.177607
0.455000, 385644874.436482
0.456000, 385813460.829944
0.457000, 385982047.223407
0.458000, 386143016.107905
0.459000, 386303984.992403
0.460000, 386457330.024599
0.461000, 386610675.056794
0.462000, 386756390.193808
0.463000, 386902105.330821
0.464000, 387040184.830465
0.465000, 387178264.330110
0.466000, 387308702.751116
0.467000, 387439141.172121
0.468000, 387561933.374346
0.469000, 387684725.576571
0.470000, 387799866.721199
0.471000, 387915007.865828
0.472000, 388022493.415561
0.473000, 388129978.965294
0.474000, 388229804.684524
0.475000, 388329630.403753
0.476000, 388421792.358726
0.477000, 388513954.313699
0.478000, 388598448.872672
0.479000, 388682943.431645
0.480000, 388759767.265024
0.481000, 388836591.098403
0.482000, 388905741.178872
0.483000, 388974891.259342
0.484000, 389036364.861984
0.485000, 389097838.464625
0.486000, 389151633.167022
0.487000, 389205427.869419
0.488000, 389251541.551751
0.489000, 389297655.234083
0.490000, 389336086.079209
0.491000, 389374516.924334
0.492000, 389405263.417861
0.493000, 389436009.911388
0.494000, 389459070.841731
0.495000, 389482131.772074
0.496000, 389497506.230504
0.497000, 389512880.688935
0.498000, 389520568.069613
0.499000, 389528255.450290
0.500000, 389528255.450290
0.501000, 389528255.450290
0.502000, 389520568.069613
0.503000, 389512880.688935
0.504000, 389497506.230504
0.505000, 389482131.772074
0.506000, 389459070.841731
0.507000, 389436009.911388
0.508000, 389405263.417861
0.509000, 389374516.924334
0.510000, 389336086.079209
0.511000, 389297655.234083
0.512000, 389251541.551751
0.513000, 389205427.869419
0.514000, 389151633.167022
0.515000, 389097838.464625
0.516000, 389036364.861984
0.517000, 388974891.259342
0.518000, 388905741.178872
0.519000, 388836591.098403
0.520000, 388759767.265024
0.521000, 388682943.431645
0.522000, 388598448.872672
0.523000, 388513954.313699
0.524000, 388421792.358726
0.525000, 388329630.403753
0.526000, 388229804.684524
0.527000, 388129978.965294
0.528000, 388022493.415561
0.529000, 387915007.865828
0.530000, 387799866.721199
0.531000, 387684725.576571
0.532000, 387561933.374346
0.533000, 387439141.172121
0.534000, 387308702.751116
0.535000, 387178264.330110
0.536000, 387040184.830465
0.537000, 386902105.330821
0.538000, 386756390.193808
0.539000, 386610675.056794
0.540000, 386457330.024599
0.541000, 386303984.992403
0.542000, 386143016.107905
0.543000, 385982047.223407
0.544000, 385813460.829944
0.545000, 385644874.436482
0.546000, 385468677.177607
0.547000, 385292479.918732
0.548000, 385108678.737949
0.549000, 384924877.557166
0.550000, 384733479.697665
0.551000, 384542081.838164
0.552000, 384343094.842539
0.553000, 384144107.846914
0.554000, 383937539.556868
0.555000, 383730971.266822
0.556000, 383516829.822864
0.557000, 383302688.378907
0.558000, 383080982.220037
0.559000, 382859276.061167
0.560000, 382630013.924545
0.561000, 382400751.787922
0.562000, 382163942.708531
0.563000, 381927133.629139
0.564000, 381682786.939432
0.565000, 381438440.249724
0.566000, 381186565.579263
0.567000, 380934690.908803
0.568000, 380675298.183885
0.569000, 380415905.458968
0.570000, 380149004.902239
0.571000, 379882104.345511
0.572000, 379607706.475567
0.573000, 379333308.605624
0.574000, 379051424.236605
0.575000, 378769539.867586
0.576000, 378480180.108753
0.577000, 378190820.349920
0.578000, 377893996.605225
0.579000, 377597172.860530
0.580000, 377292896.828172
0.581000, 376988620.795813
0.582000, 376676904.467783
0.583000, 376365188.139753
0.584000, 376046043.801369
0.585000, 375726899.462985
0.586000, 375400339.692413
0.587000, 375073779.921840
0.588000, 374739817.589606
0.589000, 374405855.257371
0.590000, 374064503.525859
0.591000, 373723151.794346
0.592000, 373374424.117287
0.593000, 373025696.440229
0.594000, 372669606.562180
0.595000, 372313516.684131
0.596000, 371950078.639936
0.597000, 371586640.595742
0.598000, 371215868.709991
0.599000, 370845096.824239
0.600000, 370467005.710705
0.601000, 370088914.597172
0.602000, 369703519.158248
0.603000, 369318123.719324
0.604000, 368925439.145441
0.605000, 368532754.571557
0.606000, 368132796.340591
0.607000, 367732838.109625
0.608000, 367325621.986298
0.609000, 366918405.862970
0.610000, 366503947.898235
0.611000, 366089489.933499
0.612000, 365667806.463915
0.613000, 365246122.994330
0.614000, 364817230.641425
0.615000, 364388338.288521
0.616000, 363952253.958150
0.617000, 363516169.627779
0.618000, 363072910.509460
0.619000, 362629651.391140
0.620000, 362179234.957387
0.621000, 361728818.523634
0.622000, 361271262.529277
0.623000, 360813706.534920
0.624000, 360349029.016414
0.625000, 359884351.497908
0.626000, 359412570.772630
0.627000, 358940790.047351
0.628000, 358461924.712885
0.629000, 357983059.378418
0.630000, 357497128.311833
0.631000, 357011197.245248
0.632000, 356518219.602361
0.633000, 356025241.959475
0.634000, 355525237.174108
0.635000, 355025232.388740
0.636000, 354518220.171957
0.637000, 354011207.955173
0.638000, 353497208.294515
0.639000, 352983208.633858
0.640000, 352462241.792566
0.641000, 351941274.951275
0.642000, 351413361.467498
0.643000, 350885447.983721
0.644000, 350350608.669714
0.645000, 349815769.355707
0.646000, 349274025.297023
0.647000, 348732281.238338
0.648000, 348183653.793003
0.649000, 347635026.347667
0.650000, 347079537.145348
0.651000, 346524047.943029
0.652000, 345961718.884191
0.653000, 345399389.825353
0.654000, 344830243.080406
0.655000, 344261096.335459
0.656000, 343685154.343890
0.657000, 343109212.352321
0.658000, 342526497.821821
0.659000, 341943783.291321
0.660000, 341354319.196898
0.661000, 340764855.102476
0.662000, 340168664.685560
0.663000, 339572474.268644
0.664000, 338969581.036177
0.665000, 338366687.803711
0.666000, 337757115.527234
0.667000, 337147543.250757
0.668000, 336531315.965477
0.669000, 335915088.680196
0.670000, 335292230.684051
0.671000, 334669372.687906
0.672000, 334039908.540615
0.673000, 333410444.393324
0.674000, 332774398.915429
0.675000, 332138353.437534
0.676000, 331495751.709430
0.677000, 330853149.981326
0.678000, 330204017.342281
0.679000, 329554884.703236
0.680000, 328899246.750401
0.681000, 328243608.797567
0.682000, 327581491.384978
0.683000, 326919373.972389
0.684000, 326250803.209955
0.685000, 325582232.447521
0.686000, 324907234.700002
0.687000, 324232236.952484
0.688000, 323550838.838465
0.689000, 322869440.724446
0.690000, 322181669.115292
0.691000, 321493897.506139
0.692000, 320799779.524948
0.693000, 320105661.543758
0.694000, 319405224.564299
0.695000, 318704787.584840
0.696000, 317998059.230481
0.697000, 317291330.876122
0.698000, 316578339.018753
0.699000, 315865347.161383
0.700000, 315146119.920323
0.701000, 314426892.679262
0.702000, 313701458.420160
0.703000, 312976024.161057
0.704000, 312244411.494782
0.705000, 311512798.828508
0.706000, 310775036.610031
0.707000, 310037274.391554
0.708000, 309293391.718816
0.709000, 308549509.046078
0.710000, 307799535.258855
0.711000, 307049561.471631
0.712000, 306293526.150378
0.713000, 305537490.829126
0.714000, 304775423.793829
0.715000, 304013356.758533
0.716000, 303245288.067534
0.717000, 302477219.376535
0.718000, 301703179.325357
0.719000, 300929139.274180
0.720000, 300149158.394341
0.721000, 299369177.514502
0.722000, 298583286.572318
0.723000, 297797395.630134
0.724000, 297005625.625515
0.725000, 296213855.620895
0.726000, 295416237.786128
0.727000, 294618619.951360
0.728000, 293815185.749887
0.729000, 293011751.548414
0.730000, 292202532.673598
0.731000, 291393313.798782
0.732000, 290578342.172666
0.733000, 289763370.546551
0.734000, 288942678.318605
0.735000, 288121986.090659
0.736000, 287295605.636519
0.737000, 286469225.182379
0.738000, 285637189.102579
0.739000, 284805153.022779
0.740000, 283967494.141471
0.741000, 283129835.260163
0.742000, 282286586.623830
0.743000, 281443337.987498
0.744000, 280594532.863657
0.745000, 279745727.739817
0.746000, 278891399.615715
0.747000, 278037071.491613
0.748000, 277177254.072912
0.749000, 276317436.654210
0.750000, 275452163.863662
0.751000, 274586891.073115
0.752000, 273716197.049234
0.753000, 272845503.025353
0.754000, 271969422.121074
0.755000, 271093341.216794
0.756000, 270211907.998120
0.757000, 269330474.779446
0.758000, 268443724.024097
0.759000, 267556973.268748
0.760000, 266664939.964790
0.761000, 265772906.660831
0.762000, 264875626.005304
0.763000, 263978345.349777
0.764000, 263075852.747311
0.765000, 262173360.144845
0.766000, 261265691.206270
0.767000, 260358022.267696
0.768000, 259445212.808642
0.769000, 258532403.349589
0.770000, 257614489.389079
0.771000, 256696575.428569
0.772000, 255773593.187602
0.773000, 254850610.946634
0.774000, 253922596.846760
0.775000, 252994582.746885
0.776000, 252061573.408776
0.777000, 251128564.070666
0.778000, 250190596.312672
0.779000, 249252628.554679
0.780000, 248309739.391385
0.781000, 247366850.228091
0.782000, 246419076.868857
0.783000, 245471303.509623
0.784000, 244518683.357120
0.785000, 243566063.204617
0.786000, 242608633.853358
0.787000, 241651204.502099
0.788000, 240689003.736957
0.789000, 239726802.971815
0.790000, 238759868.766537
0.791000, 237792934.561260
0.792000, 236821305.076973
0.793000, 235849675.592686
0.794000, 234873389.176393
0.795000, 233897102.760100
0.796000, 232916197.943171
0.797000, 231935293.126242
0.798000, 230949808.622896
0.799000, 229964324.119551
0.800000, 228974298.825333
0.801000, 227984273.531116
0.802000, 226989746.521364
0.803000, 225995219.511611
0.804000, 224996230.039915
0.805000, 223997240.568219
0.806000, 222993828.064876
0.807000, 221990415.561533
0.808000, 220982619.631994
0.809000, 219974823.702455
0.810000, 218962684.125761
0.811000, 217950544.549068
0.812000, 216934101.276288
0.813000, 215917658.003508
0.814000, 214896951.156157
0.815000, 213876244.308806
0.816000, 212851314.177267
0.817000, 211826384.045729
0.818000, 210797271.087666
0.819000, 209768158.129602
0.820000, 208734902.968360
0.821000, 207701647.807117
0.822000, 206664291.230122
0.823000, 205626934.653127
0.824000, 204585517.610279
0.825000, 203544100.567431
0.826000, 202498664.169485
0.827000, 201453227.771540
0.828000, 200403813.288487
0.829000, 199354398.805434
0.830000, 198301047.664871
0.831000, 197247696.524308
0.832000, 196190450.309802
0.833000, 195133204.095296
0.834000, 194072104.544745
0.835000, 193011004.994193
0.836000, 191946093.998176
0.837000, 190881183.002159
0.838000, 189812502.602285
0.839000, 188743822.202411
0.840000, 187671414.589655
0.841000, 186599006.976900
0.842000, 185522914.489942
0.843000, 184446822.002985
0.844000, 183367087.126534
0.845000, 182287352.250084
0.846000, 181204017.613201
0.847000, 180120682.976318
0.848000, 179033791.350733
0.849000, 177946899.725147
0.850000, 176856494.023566
0.851000, 175766088.321986
0.852000, 174672211.596400
0.853000, 173578334.870814
0.854000, 172481030.310795
0.855000, 171383725.750776
0.856000, 170283036.681769
0.857000, 169182347.612763
0.858000, 168078317.494378
0.859000, 166974287.375993
0.860000, 165866959.800282
0.861000, 164759632.224571
0.862000, 163649050.914308
0.863000, 162538469.604044
0.864000, 161424678.410993
0.865000, 160310887.217943
0.866000, 159193930.121128
0.867000, 158076973.024314
0.868000, 156956894.128278
0.869000, 155836815.232243
0.870000, 154713658.765303
0.871000, 153590502.298363
0.872000, 152464312.610861
0.873000, 151338122.923358
0.874000, 150208944.485906
0.875000, 149079766.048454
0.876000, 147947643.450176
0.877000, 146815520.851898
0.878000, 145680498.798665
0.879000, 144545476.745432
0.880000, 143407600.058092
0.881000, 142269723.370752
0.882000, 141129036.983359
0.883000, 139988350.595966
0.884000, 138844899.553997
0.885000, 137701448.512029
0.886000, 136555277.970608
0.887000, 135409107.429186
0.888000, 134260262.651288
0.889000, 133111417.873390
0.890000, 131959944.228055
0.891000, 130808470.582721
0.892000, 129654413.543257
0.893000, 128500356.503794
0.894000, 127343761.645975
0.895000, 126187166.788156
0.896000, 125028079.788417
0.897000, 123868992.788679
0.898000, 122707459.422309
0.899000, 121545926.055939
0.900000, 120381992.195266
0.901000, 119218058.334593
0.902000, 118051769.947168
0.903000, 116885481.559743
0.904000, 115716884.706518
0.905000, 114548287.853294
0.906000, 113377428.686800
0.907000, 112206569.520306
0.908000, 111033494.282822
0.909000, 109860419.045338
0.910000, 108685174.067058
0.911000, 107509929.088778
0.912000, 106332560.785978
0.913000, 105155192.483178
0.914000, 103975747.356375
0.915000, 102796302.229571
0.916000, 101614826.861680
0.917000, 100433351.493788
0.918000, 99249892.548274
0.919000, 98066433.602761
0.920000, 96881037.821795
0.921000, 95695642.040829
0.922000, 94508356.243429
0.923000, 93321070.446029
0.924000, 92131941.526207
0.925000, 90942812.606386
0.926000, 89751887.531289
0.927000, 88560962.456193
0.928000, 87368288.264240
0.929000, 86175614.072288
0.930000, 84981237.871305
0.931000, 83786861.670322
0.932000, 82590830.635674
0.933000, 81394799.601026
0.934000, 80197160.973747
0.935000, 78999522.346469
0.936000, 77800323.431387
0.937000, 76601124.516306
0.938000, 75400412.680170
0.939000, 74199700.844034
0.940000, 72997523.513632
0.941000, 71795346.183230
0.942000, 70591750.843508
0.943000, 69388155.503787
0.944000, 68183189.695970
0.945000, 66978223.888152
0.946000, 65771935.207852
0.947000, 64565646.527552
0.948000, 63358082.622883
0.949000, 62150518.718215
0.950000, 60941727.287904
0.951000, 59732935.857594
0.952000, 58522964.649086
0.953000, 57312993.440579
0.954000, 56101890.248145
0.955000, 54890787.055711
0.956000, 53678599.718548
0.957000, 52466412.381386
0.958000, 51253188.781724
0.959000, 50039965.182063
0.960000, 48825753.243260
0.961000, 47611541.304458
0.962000, 46396388.989104
0.963000, 45181236.673749
0.964000, 43965191.981755
0.965000, 42749147.289760
0.966000, 41532258.256460
0.967000, 40315369.223160
0.968000, 39097683.917402
0.969000, 37879998.611644
0.970000, 36661565.133882
0.971000, 35443131.656120
0.972000, 34223998.136507
0.973000, 33004864.616894
0.974000, 31785079.213369
0.975000, 30565293.809844
0.976000, 29344904.706223
0.977000, 28124515.602601
0.978000, 26903571.006662
0.979000, 25682626.410723
0.980000, 24461174.552295
0.981000, 23239722.693868
0.982000, 22017811.822917
0.983000, 20795900.951966
0.984000, 19573579.336678
0.985000, 18351257.721389
0.986000, 17128573.646253
0.987000, 15905889.571116
0.988000, 14682891.335011
0.989000, 13459893.098905
0.990000, 12236629.013180
0.991000, 11013364.927454
0.992000, 9789883.314011
0.993000, 8566401.700568
0.994000, 7342750.889944
0.995000, 6119100.079321
0.996000, 4895328.408771
0.997000, 3671556.738220
0.998000, 2447712.549795
0.999000, 1223868.361370
1.000000, 0.000000
