0.000000, 0.000000
0.001000, 307338.048193
0.002000, 614670.029795
0.003000, 922002.011398
0.004000, 1229315.793470
0.005000, 1536629.575542
0.006000, 1843913.025861
0.007000, 2151196.476181
0.008000, 2458437.463723
0.009000, 2765678.451265
0.010000, 3072864.846682
0.011000, 3380051.242099
0.012000, 3687170.918198
0.013000, 3994290.594297
0.014000, 4301331.426518
0.015000, 4608372.258739
0.016000, 4915322.125636
0.017000, 5222271.992534
0.018000, 5529118.776252
0.019000, 5835965.559970
0.020000, 6142697.146723
0.021000, 6449428.733477
0.022000, 6756033.014027
0.023000, 7062637.294577
0.024000, 7369102.164713
0.025000, 7675567.034848
0.026000, 7981880.395861
0.027000, 8288193.756873
0.028000, 8594343.516034
0.029000, 8900493.275196
0.030000, 9206467.346239
0.031000, 9512441.417281
0.032000, 9818227.720873
0.033000, 10124014.024464
0.034000, 10429600.488684
0.035000, 10735186.952904
0.036000, 11040561.513722
0.037000, 11345936.074541
0.038000, 11651086.676293
0.039000, 11956237.278044
0.040000, 12261151.873906
0.041000, 12566066.469768
0.042000, 12870733.022234
0.043000, 13175399.574699
0.044000, 13479806.056055
0.045000, 13784212.537411
0.046000, 14088346.930209
0.047000, 14392481.323008
0.048000, 14696331.620545
0.049000, 15000181.918081
0.050000, 15303736.124866
0.051000, 15607290.331651
0.052000, 15910536.463884
0.053000, 16213782.596117
0.054000, 16516708.682160
0.055000, 16819634.768202
0.056000, 17122228.849052
0.057000, 17424822.929901
0.058000, 17727073.059660
0.059000, 18029323.189420
0.060000, 18331217.435771
0.061000, 18633111.682123
0.062000, 18934638.126800
0.063000, 19236164.571476
0.064000, 19537311.310729
0.065000, 19838458.049982
0.066000, 20139213.195054
0.067000, 20439968.340126
0.068000, 20740320.017719
0.069000, 21040671.695312
0.070000, 21340608.048055
0.071000, 21640544.400798
0.072000, 21940053.587719
0.073000, 22239562.774639
0.074000, 22538632.971626
0.075000, 22837703.168613
0.076000, 23136322.568888
0.077000, 23434941.969163
0.078000, 23733098.783743
0.079000, 24031255.598322
0.080000, 24328938.056487
0.081000, 24626620.514651
0.082000, 24923816.864405
0.083000, 25221013.214160
0.084000, 25517711.722701
0.085000, 25814410.231243
0.086000, 26110599.185424
0.087000, 26406788.139604
0.088000, 26702455.846389
0.089000, 26998123.553175
0.090000, 27293258.340111
0.091000, 27588393.127047
0.092000, 27882983.342717
0.093000, 28177573.558388
0.094000, 28471607.572875
0.095000, 28765641.587362
0.096000, 29059107.792707
0.097000, 29352573.998052
0.098000, 29645460.808711
0.099000, 29938347.619370
0.100000, 30230643.472674
0.101000, 30522939.325977
0.102000, 30814632.682585
0.103000, 31106326.039193
0.104000, 31397405.383551
0.105000, 31688484.727909
0.106000, 31978938.568703
0.107000, 32269392.409497
0.108000, 32559209.280106
0.109000, 32849026.150715
0.110000, 33138194.609667
0.111000, 33427363.068618
0.112000, 33715871.700035
0.113000, 34004380.331452
0.114000, 34292217.745508
0.115000, 34580055.159565
0.116000, 34867209.992932
0.117000, 35154364.826299
0.118000, 35440825.742596
0.119000, 35727286.658893
0.120000, 36013042.349133
0.121000, 36298798.039374
0.122000, 36583837.222412
0.123000, 36868876.405449
0.124000, 37153187.828426
0.125000, 37437499.251403
0.126000, 37721071.690190
0.127000, 38004644.128978
0.128000, 38287466.388621
0.129000, 38570288.648265
0.130000, 38852349.563426
0.131000, 39134410.478588
0.132000, 39415698.913985
0.133000, 39696987.349382
0.134000, 39977492.200229
0.135000, 40257997.051075
0.136000, 40537707.243521
0.137000, 40817417.435966
0.138000, 41096321.927531
0.139000, 41375226.419095
0.140000, 41653314.199107
0.141000, 41931401.979119
0.142000, 42208662.069149
0.143000, 42485922.159179
0.144000, 42762343.613473
0.145000, 43038765.067767
0.146000, 43314336.973679
0.147000, 43589908.879592
0.148000, 43864620.358016
0.149000, 44139331.836440
0.150000, 44413172.042237
0.151000, 44687012.248033
0.152000, 44959970.370460
0.153000, 45232928.492887
0.154000, 45504993.756025
0.155000, 45777059.019163
0.156000, 46048220.682341
0.157000, 46319382.345520
0.158000, 46589629.703740
0.159000, 46859877.061960
0.160000, 47129199.446319
0.161000, 47398521.830678
0.162000, 47666908.608790
0.163000, 47935295.386902
0.164000, 48202735.963315
0.165000, 48470176.539729
0.166000, 48736660.356348
0.167000, 49003144.172968
0.168000, 49268660.709469
0.169000, 49534177.245970
0.170000, 49798716.020213
0.171000, 50063254.794457
0.172000, 50326805.362906
0.173000, 50590355.931355
0.174000, 50852907.889484
0.175000, 51115459.847613
0.176000, 51377002.830320
0.177000, 51638545.813027
0.178000, 51899069.495043
0.179000, 52159593.177059
0.180000, 52419087.273355
0.181000, 52678581.369652
0.182000, 52937035.635846
0.183000, 53195489.902040
0.184000, 53452894.134800
0.185000, 53710298.367560
0.186000, 53966642.405007
0.187000, 54222986.442454
0.188000, 54478260.164565
0.189000, 54733533.886676
0.190000, 54987727.215682
0.191000, 55241920.544687
0.192000, 55495023.445470
0.193000, 55748126.346252
0.194000, 56000128.826743
0.195000, 56252131.307233
0.196000, 56503023.418805
0.197000, 56753915.530377
0.198000, 57003687.368239
0.199000, 57253459.206102
0.200000, 57502100.909690
0.201000, 57750742.613279
0.202000, 57998244.366645
0.203000, 58245746.120011
0.204000, 58492098.152209
0.205000, 58738450.184407
0.206000, 58983642.769881
0.207000, 59228835.355354
0.208000, 59472858.814320
0.209000, 59716882.273286
0.210000, 59959726.972116
0.211000, 60202571.670946
0.212000, 60444228.022548
0.213000, 60685884.374149
0.214000, 60926342.838342
0.215000, 61166801.302536
0.216000, 61406052.386433
0.217000, 61645303.470330
0.218000, 61883337.728708
0.219000, 62121371.987086
0.220000, 62358180.022760
0.221000, 62594988.058434
0.222000, 62830560.522628
0.223000, 63066132.986822
0.224000, 63300460.579539
0.225000, 63534788.172256
0.226000, 63767861.642643
0.227000, 64000935.113030
0.228000, 64232745.259747
0.229000, 64464555.406464
0.230000, 64695093.078042
0.231000, 64925630.749620
0.232000, 65154886.844827
0.233000, 65384142.940034
0.234000, 65612108.408233
0.235000, 65840073.876431
0.236000, 66066739.717934
0.237000, 66293405.559437
0.238000, 66518762.825866
0.239000, 66744120.092295
0.240000, 66968159.886930
0.241000, 67192199.681566
0.242000, 67414913.159700
0.243000, 67637626.637835
0.244000, 67859005.007122
0.245000, 68080383.376409
0.246000, 68300417.897210
0.247000, 68520452.418011
0.248000, 68739134.403739
0.249000, 68957816.389468
0.250000, 69175137.206934
0.251000, 69392458.024400
0.252000, 69608409.094149
0.253000, 69824360.163899
0.254000, 70038932.960553
0.255000, 70253505.757208
0.256000, 70466691.809802
0.257000, 70679877.862395
0.258000, 70891668.754707
0.259000, 71103459.647020
0.260000, 71313847.017909
0.261000, 71524234.388798
0.262000, 71733209.932530
0.263000, 71942185.476263
0.264000, 72149740.942843
0.265000, 72357296.409423
0.266000, 72563423.604916
0.267000, 72769550.800409
0.268000, 72974241.587266
0.269000, 73178932.374123
0.270000, 73382178.671503
0.271000, 73585424.968882
0.272000, 73787218.752969
0.273000, 73989012.537055
0.274000, 74189345.841376
0.275000, 74389679.145696
0.276000, 74588544.061435
0.277000, 74787408.977174
0.278000, 74984797.653484
0.279000, 75182186.329795
0.280000, 75378090.974110
0.281000, 75573995.618426
0.282000, 75768408.496767
0.283000, 75962821.375107
0.284000, 76155734.812386
0.285000, 76348648.249664
0.286000, 76540054.629989
0.287000, 76731461.010313
0.288000, 76921352.777287
0.289000, 77111244.544261
0.290000, 77299614.201283
0.291000, 77487983.858305
0.292000, 77674823.968863
0.293000, 77861664.079422
0.294000, 78046967.267389
0.295000, 78232270.455357
0.296000, 78416029.405281
0.297000, 78599788.355205
0.298000, 78781995.812597
0.299000, 78964203.269989
0.300000, 79144852.041611
0.301000, 79325500.813232
0.302000, 79504583.767379
0.303000, 79683666.721527
0.304000, 79861176.788311
0.305000, 80038686.855096
0.306000, 80214617.026724
0.307000, 80390547.198353
0.308000, 80564890.529403
0.309000, 80739233.860454
0.310000, 80911983.468150
0.311000, 81084733.075847
0.312000, 81255882.140331
0.313000, 81427031.204815
0.314000, 81596572.969414
0.315000, 81766114.734014
0.316000, 81934042.505511
0.317000, 82101970.277007
0.318000, 82268277.425900
0.319000, 82434584.574793
0.320000, 82599264.535561
0.321000, 82763944.496329
0.322000, 82926990.767689
0.323000, 83090037.039049
0.324000, 83251443.184214
0.325000, 83412849.329379
0.326000, 83572608.976310
0.327000, 83732368.623242
0.328000, 83890475.464902
0.329000, 84048582.306563
0.330000, 84205030.101166
0.331000, 84361477.895769
0.332000, 84516260.467023
0.333000, 84671043.038277
0.334000, 84824154.275632
0.335000, 84977265.512986
0.336000, 85128699.371872
0.337000, 85280133.230758
0.338000, 85429883.732825
0.339000, 85579634.234892
0.340000, 85727695.468248
0.341000, 85875756.701604
0.342000, 86022122.821044
0.343000, 86168488.940484
0.344000, 86313154.167726
0.345000, 86457819.394967
0.346000, 86600778.018874
0.347000, 86743736.642781
0.348000, 86884983.019592
0.349000, 87026229.396402
0.350000, 87165757.949952
0.351000, 87305286.503502
0.352000, 87443091.725443
0.353000, 87580896.947384
0.354000, 87716973.397401
0.355000, 87853049.847418
0.356000, 87987392.153447
0.357000, 88121734.459476
0.358000, 88254337.317912
0.359000, 88386940.176348
0.360000, 88517798.352259
0.361000, 88648656.528169
0.362000, 88777764.855496
0.363000, 88906873.182823
0.364000, 89034226.564592
0.365000, 89161579.946361
0.366000, 89287173.354878
0.367000, 89412766.763395
0.368000, 89536595.240447
0.369000, 89660423.717500
0.370000, 89782482.374552
0.371000, 89904541.031604
0.372000, 90024825.049989
0.373000, 90145109.068374
0.374000, 90263613.699485
0.375000, 90382118.330596
0.376000, 90498838.896073
0.377000, 90615559.461549
0.378000, 90730491.353464
0.379000, 90845423.245379
0.380000, 90958561.926418
0.381000, 91071700.607457
0.382000, 91183041.611098
0.383000, 91294382.614740
0.384000, 91403921.545432
0.385000, 91513460.476124
0.386000, 91621193.009457
0.387000, 91728925.542790
0.388000, 91834847.425668
0.389000, 91940769.308547
0.390000, 92044876.359356
0.391000, 92148983.410165
0.392000, 92251271.518938
0.393000, 92353559.627710
0.394000, 92454024.756286
0.395000, 92554489.884862
0.396000, 92653128.067050
0.397000, 92751766.249238
0.398000, 92848573.590972
0.399000, 92945380.932707
0.400000, 93040353.612199
0.401000, 93135326.291691
0.402000, 93228460.559583
0.403000, 93321594.827475
0.404000, 93412887.006984
0.405000, 93504179.186494
0.406000, 93593625.673563
0.407000, 93683072.160631
0.408000, 93770669.424065
0.409000, 93858266.687499
0.410000, 93944011.269108
0.411000, 94029755.850717
0.412000, 94113644.365453
0.413000, 94197532.880188
0.414000, 94279562.016274
0.415000, 94361591.152361
0.416000, 94441757.671428
0.417000, 94521924.190496
0.418000, 94600224.927709
0.419000, 94678525.664921
0.420000, 94754957.529100
0.421000, 94831389.393278
0.422000, 94905949.367023
0.423000, 94980509.340767
0.424000, 95053194.480579
0.425000, 95125879.620390
0.426000, 95196687.056784
0.427000, 95267494.493177
0.428000, 95336421.430796
0.429000, 95405348.368415
0.430000, 95472392.086142
0.431000, 95539435.803869
0.432000, 95604593.654933
0.433000, 95669751.505997
0.434000, 95733020.918078
0.435000, 95796290.330159
0.436000, 95857668.805489
0.437000, 95919047.280818
0.438000, 95978532.396280
0.439000, 96038017.511741
0.440000, 96095606.918964
0.441000, 96153196.326186
0.442000, 96208887.751639
0.443000, 96264579.177092
0.444000, 96318370.422173
0.445000, 96372161.667254
0.446000, 96424050.608376
0.447000, 96475939.549499
0.448000, 96525924.138177
0.449000, 96575908.726856
0.450000, 96623986.989783
0.451000, 96672065.252711
0.452000, 96718235.291841
0.453000, 96764405.330971
0.454000, 96808665.323588
0.455000, 96852925.316206
0.456000, 96895273.515003
0.457000, 96937621.713800
0.458000, 96978056.446943
0.459000, 97018491.180085
0.460000, 97057010.851278
0.461000, 97095530.522471
0.462000, 97132133.611025
0.463000, 97168736.699578
0.464000, 97203421.760465
0.465000, 97238106.821352
0.466000, 97270872.485265
0.467000, 97303638.149178
0.468000, 97334483.122585
0.469000, 97365328.095993
0.470000, 97394251.161187
0.471000, 97423174.226382
0.472000, 97450174.241531
0.473000, 97477174.256681
0.474000, 97502250.155870
0.475000, 97527326.055059
0.476000, 97550476.848335
0.477000, 97573627.641610
0.478000, 97594852.415019
0.479000, 97616077.188428
0.480000, 97635375.104051
0.481000, 97654673.019675
0.482000, 97672043.315665
0.483000, 97689413.611656
0.484000, 97704855.602263
0.485000, 97720297.592870
0.486000, 97733810.668471
0.487000, 97747323.744072
0.488000, 97758907.371194
0.489000, 97770490.998316
0.490000, 97780144.719656
0.491000, 97789798.440997
0.492000, 97797521.875444
0.493000, 97805245.309891
0.494000, 97811038.152536
0.495000, 97816830.995182
0.496000, 97820693.017334
0.497000, 97824555.039487
0.498000, 97826486.088680
0.499000, 97828417.137874
0.500000, 97828417.137874
0.501000, 97828417.137874
0.502000, 97826486.088680
0.503000, 97824555.039487
0.504000, 97820693.017334
0.505000, 97816830.995182
0.506000, 97811038.152536
0.507000, 97805245.309891
0.508000, 97797521.875444
0.509000, 97789798.440997
0.510000, 97780144.719656
0.511000, 97770490.998316
0.512000, 97758907.371194
0.513000, 97747323.744072
0.514000, 97733810.668471
0.515000, 97720297.592870
0.516000, 97704855.602263
0.517000, 97689413.611656
0.518000, 97672043.315665
0.519000, 97654673.019675
0.520000, 97635375.104051
0.521000, 97616077.188428
0.522000, 97594852.415019
0.523000, 97573627.641610
0.524000, 97550476.848335
0.525000, 97527326.055059
0.526000, 97502250.155870
0.527000, 97477174.256681
0.528000, 97450174.241531
0.529000, 97423174.226382
0.530000, 97394251.161187
0.531000, 97365328.095993
0.532000, 97334483.122585
0.533000, 97303638.149178
0.534000, 97270872.485265
0.535000, 97238106.821352
0.536000, 97203421.760465
0.537000, 97168736.699578
0.538000, 97132133.611025
0.539000, 97095530.522471
0.540000, 97057010.851278
0.541000, 97018491.180085
0.542000, 96978056.446943
0.543000, 96937621.713800
0.544000, 96895273.515003
0.545000, 96852925.316206
0.546000, 96808665.323588
0.547000, 96764405.330971
0.548000, 96718235.291841
0.549000, 96672065.252711
0.550000, 96623986.989783
0.551000, 96575908.726856
0.552000, 96525924.138177
0.553000, 96475939.549499
0.554000, 96424050.608376
0.555000, 96372161.667254
0.556000, 96318370.422173
0.557000, 96264579.177092
0.558000, 96208887.751639
0.559000, 96153196.326186
0.560000, 96095606.918964
0.561000, 96038017.511741
0.562000, 95978532.396280
0.563000, 95919047.280818
0.564000, 95857668.805489
0.565000, 95796290.330159
0.566000, 95733020.918078
0.567000, 95669751.505997
0.568000, 95604593.654933
0.569000, 95539435.803869
0.570000, 95472392.086142
0.571000, 95405348.368415
0.572000, 95336421.430796
0.573000, 95267494.493177
0.574000, 95196687.056784
0.575000, 95125879.620390
0.576000, 95053194.480579
0.577000, 94980509.340767
0.578000, 94905949.367023
0.579000, 94831389.393278
0.580000, 94754957.529100
0.581000, 94678525.664921
0.582000, 94600224.927709
0.583000, 94521924.190496
0.584000, 94441757.671428
0.585000, 94361591.152361
0.586000, 94279562.016274
0.587000, 94197532.880188
0.588000, 94113644.365453
0.589000, 94029755.850717
0.590000, 93944011.269108
0.591000, 93858266.687499
0.592000, 93770669.424065
0.593000, 93683072.160631
0.594000, 93593625.673563
0.595000, 93504179.186494
0.596000, 93412887.006984
0.597000, 93321594.827475
0.598000, 93228460.559583
0.599000, 93135326.291691
0.600000, 93040353.612199
0.601000, 92945380.932707
0.602000, 92848573.590972
0.603000, 92751766.249238
0.604000, 92653128.067050
0.605000, 92554489.884862
0.606000, 92454024.756286
0.607000, 92353559.627710
0.608000, 92251271.518938
0.609000, 92148983.410165
0.610000, 92044876.359356
0.611000, 91940769.308547
0.612000, 91834847.425668
0.613000, 91728925.542790
0.614000, 91621193.009457
0.615000, 91513460.476124
0.616000, 91403921.545432
0.617000, 91294382.614740
0.618000, 91183041.611098
0.619000, 91071700.607457
0.620000, 90958561.926418
0.621000, 90845423.245379
0.622000, 90730491.353464
0.623000, 90615559.461549
0.624000, 90498838.896073
0.625000, 90382118.330596
0.626000, 90263613.699485
0.627000, 90145109.068374
0.628000, 90024825.049989
0.629000, 89904541.031604
0.630000, 89782482.374552
0.631000, 89660423.717500
0.632000, 89536595.240447
0.633000, 89412766.763395
0.634000, 89287173.354878
0.635000, 89161579.946361
0.636000, 89034226.564592
0.637000, 88906873.182823
0.638000, 88777764.855496
0.639000, 88648656.528169
0.640000, 88517798.352259
0.641000, 88386940.176348
0.642000, 88254337.317912
0.643000, 88121734.459476
0.644000, 87987392.153447
0.645000, 87853049.847418
0.646000, 87716973.397401
0.647000, 87580896.947384
0.648000, 87443091.725443
0.649000, 87305286.503502
0.650000, 87165757.949952
0.651000, 87026229.396402
0.652000, 86884983.019592
0.653000, 86743736.642781
0.654000, 86600778.018874
0.655000, 86457819.394967
0.656000, 86313154.167726
0.657000, 86168488.940484
0.658000, 86022122.821044
0.659000, 85875756.701604
0.660000, 85727695.468248
0.661000, 85579634.234892
0.662000, 85429883.732825
0.663000, 85280133.230758
0.664000, 85128699.371872
0.665000, 84977265.512986
0.666000, 84824154.275632
0.667000, 84671043.038277
0.668000, 84516260.467023
0.669000, 84361477.895769
0.670000, 84205030.101166
0.671000, 84048582.306563
0.672000, 83890475.464902
0.673000, 83732368.623242
0.674000, 83572608.976310
0.675000, 83412849.329379
0.676000, 83251443.184214
0.677000, 83090037.039049
0.678000, 82926990.767689
0.679000, 82763944.496329
0.680000, 82599264.535561
0.681000, 82434584.574793
0.682000, 82268277.425900
0.683000, 82101970.277007
0.684000, 81934042.505511
0.685000, 81766114.734014
0.686000, 81596572.969414
0.687000, 81427031.204815
0.688000, 81255882.140331
0.689000, 81084733.075847
0.690000, 80911983.468150
0.691000, 80739233.860454
0.692000, 80564890.529403
0.693000, 80390547.198353
0.694000, 80214617.026724
0.695000, 80038686.855096
0.696000, 79861176.788311
0.697000, 79683666.721527
0.698000, 79504583.767379
0.699000, 79325500.813232
0.700000, 79144852.041611
0.701000, 78964203.269989
0.702000, 78781995.812597
0.703000, 78599788.355205
0.704000, 78416029.405281
0.705000, 78232270.455357
0.706000, 78046967.267389
0.707000, 77861664.079422
0.708000, 77674823.968863
0.709000, 77487983.858305
0.710000, 77299614.201283
0.711000, 77111244.544261
0.712000, 76921352.777287
0.713000, 76731461.010313
0.714000, 76540054.629989
0.715000, 76348648.249664
0.716000, 76155734.812386
0.717000, 75962821.375107
0.718000, 75768408.496767
0.719000, 75573995.618426
0.720000, 75378090.974110
0.721000, 75182186.329795
0.722000, 74984797.653484
0.723000, 74787408.977174
0.724000, 74588544.061435
0.725000, 74389679.145696
0.726000, 74189345.841376
0.727000, 73989012.537055
0.728000, 73787218.752969
0.729000, 73585424.968882
0.730000, 73382178.671503
0.731000, 73178932.374123
0.732000, 72974241.587266
0.733000, 72769550.800409
0.734000, 72563423.604916
0.735000, 72357296.409423
0.736000, 72149740.942843
0.737000, 71942185.476263
0.738000, 71733209.932530
0.739000, 71524234.388798
0.740000, 71313847.017909
0.741000, 71103459.647020
0.742000, 70891668.754707
0.743000, 70679877.862395
0.744000, 70466691.809802
0.745000, 70253505.757208
0.746000, 70038932.960553
0.747000, 69824360.163899
0.748000, 69608409.094149
0.749000, 69392458.024400
0.750000, 69175137.206934
0.751000, 68957816.389468
0.752000, 68739134.403739
0.753000, 68520452.418011
0.754000, 68300417.897210
0.755000, 68080383.376409
0.756000, 67859005.007122
0.757000, 67637626.637835
0.758000, 67414913.159700
0.759000, 67192199.681566
0.760000, 66968159.886930
0.761000, 66744120.092295
0.762000, 66518762.825866
0.763000, 66293405.559437
0.764000, 66066739.717934
0.765000, 65840073.876431
0.766000, 65612108.408233
0.767000, 65384142.940034
0.768000, 65154886.844827
0.769000, 64925630.749620
0.770000, 64695093.078042
0.771000, 64464555.406464
0.772000, 64232745.259747
0.773000, 64000935.113030
0.774000, 63767861.642643
0.775000, 63534788.172256
0.776000, 63300460.579539
0.777000, 63066132.986822
0.778000, 62830560.522628
0.779000, 62594988.058434
0.780000, 62358180.022760
0.781000, 62121371.987086
0.782000, 61883337.728708
0.783000, 61645303.470330
0.784000, 61406052.386433
0.785000, 61166801.302536
0.786000, 60926342.838342
0.787000, 60685884.374149
0.788000, 60444228.022548
0.789000, 60202571.670946
0.790000, 59959726.972116
0.791000, 59716882.273286
0.792000, 59472858.814320
0.793000, 59228835.355354
0.794000, 58983642.769881
0.795000, 58738450.184407
0.796000, 58492098.152209
0.797000, 58245746.120011
0.798000, 57998244.366645
0.799000, 57750742.613279
0.800000, 57502100.909690
0.801000, 57253459.206102
0.802000, 57003687.368239
0.803000, 56753915.530377
0.804000, 56503023.418805
0.805000, 56252131.307233
0.806000, 56000128.826743
0.807000, 55748126.346252
0.808000, 55495023.445470
0.809000, 55241920.544687
0.810000, 54987727.215682
0.811000, 54733533.886676
0.812000, 54478260.164565
0.813000, 54222986.442454
0.814000, 53966642.405007
0.815000, 53710298.367560
0.816000, 53452894.134800
0.817000, 53195489.902040
0.818000, 52937035.635846
0.819000, 52678581.369652
0.820000, 52419087.273355
0.821000, 52159593.177059
0.822000, 51899069.495043
0.823000, 51638545.813027
0.824000, 51377002.830320
0.825000, 51115459.847613
0.826000, 50852907.889484
0.827000, 50590355.931355
0.828000, 50326805.362906
0.829000, 50063254.794457
0.830000, 49798716.020213
0.831000, 49534177.245970
0.832000, 49268660.709469
0.833000, 49003144.172968
0.834000, 48736660.356348
0.835000, 48470176.539729
0.836000, 48202735.963315
0.837000, 47935295.386902
0.838000, 47666908.608790
0.839000, 47398521.830678
0.840000, 47129199.446319
0.841000, 46859877.061960
0.842000, 46589629.703740
0.843000, 46319382.345520
0.844000, 46048220.682341
0.845000, 45777059.019163
0.846000, 45504993.756025
0.847000, 45232928.492887
0.848000, 44959970.370460
0.849000, 44687012.248033
0.850000, 44413172.042237
0.851000, 44139331.836440
0.852000, 43864620.358016
0.853000, 43589908.879592
0.854000, 43314336.973679
0.855000, 43038765.067767
0.856000, 42762343.613473
0.857000, 42485922.159179
0.858000, 42208662.069149
0.859000, 41931401.979119
0.860000, 41653314.199107
0.861000, 41375226.419095
0.862000, 41096321.927531
0.863000, 40817417.435966
0.864000, 40537707.243521
0.865000, 40257997.051075
0.866000, 39977492.200229
0.867000, 39696987.349382
0.868000, 39415698.913985
0.869000, 39134410.478588
0.870000, 38852349.563426
0.871000, 38570288.648265
0.872000, 38287466.388621
0.873000, 38004644.128978
0.874000, 37721071.690190
0.875000, 37437499.251403
0.876000, 37153187.828426
0.877000, 36868876.405449
0.878000, 36583837.222412
0.879000, 36298798.039374
0.880000, 36013042.349133
0.881000, 35727286.658893
0.882000, 35440825.742596
0.883000, 35154364.826299
0.884000, 34867209.992932
0.885000, 34580055.159565
0.886000, 34292217.745508
0.887000, 34004380.331452
0.888000, 33715871.700035
0.889000, 33427363.068618
0.890000, 33138194.609667
0.891000, 32849026.150715
0.892000, 32559209.280106
0.893000, 32269392.409497
0.894000, 31978938.568703
0.895000, 31688484.727909
0.896000, 31397405.383551
0.897000, 31106326.039193
0.898000, 30814632.682585
0.899000, 30522939.325977
0.900000, 30230643.472674
0.901000, 29938347.619370
0.902000, 29645460.808711
0.903000, 29352573.998052
0.904000, 29059107.792707
0.905000, 28765641.587362
0.906000, 28471607.572875
0.907000, 28177573.558388
0.908000, 27882983.342717
0.909000, 27588393.127047
0.910000, 27293258.340111
0.911000, 26998123.553175
0.912000, 26702455.846389
0.913000, 26406788.139604
0.914000, 26110599.185424
0.915000, 25814410.231243
0.916000, 25517711.722701
0.917000, 25221013.214160
0.918000, 24923816.864405
0.919000, 24626620.514651
0.920000, 24328938.056487
0.921000, 24031255.598322
0.922000, 23733098.783743
0.923000, 23434941.969163
0.924000, 23136322.568888
0.925000, 22837703.168613
0.926000, 22538632.971626
0.927000, 22239562.774639
0.928000, 21940053.587719
0.929000, 21640544.400798
0.930000, 21340608.048055
0.931000, 21040671.695312
0.932000, 20740320.017719
0.933000, 20439968.340126
0.934000, 20139213.195054
0.935000, 19838458.049982
0.936000, 19537311.310729
0.937000, 19236164.571476
0.938000, 18934638.126800
0.939000, 18633111.682123
0.940000, 18331217.435771
0.941000, 18029323.189420
0.942000, 17727073.059660
0.943000, 17424822.929901
0.944000, 17122228.849052
0.945000, 16819634.768202
0.946000, 16516708.682160
0.947000, 16213782.596117
0.948000, 15910536.463884
0.949000, 15607290.331651
0.950000, 15303736.124866
0.951000, 15000181.918081
0.952000, 14696331.620545
0.953000, 14392481.323008
0.954000, 14088346.930209
0.955000, 13784212.537411
0.956000, 13479806.056055
0.957000, 13175399.574699
0.958000, 12870733.022234
0.959000, 12566066.469768
0.960000, 12261151.873906
0.961000, 11956237.278044
0.962000, 11651086.676293
0.963000, 11345936.074541
0.964000, 11040561.513722
0.965000, 10735186.952904
0.966000, 10429600.488684
0.967000, 10124014.024464
0.968000, 9818227.720873
0.969000, 9512441.417281
0.970000, 9206467.346239
0.971000, 8900493.275196
0.972000, 8594343.516034
0.973000, 8288193.756873
0.974000, 7981880.395861
0.975000, 7675567.034848
0.976000, 7369102.164713
0.977000, 7062637.294577
0.978000, 6756033.014027
0.979000, 6449428.733477
0.980000, 6142697.146723
0.981000, 5835965.559970
0.982000, 5529118.776252
0.983000, 5222271.992534
0.984000, 4915322.125636
0.985000, 4608372.258739
0.986000, 4301331.426518
0.987000, 3994290.594297
0.988000, 3687170.918198
0.989000, 3380051.242099
0.990000, 3072864.846682
0.991000, 2765678.451265
0.992000, 2458437.463723
0.993000, 2151196.476181
0.994000, 1843913.025861
0.995000, 1536629.575542
0.996000, 1229315.793470
0.997000, 922002.011398
0.998000, 614670.029795
0.999000, 307338.048193
1.000000, 0.000000
