0.000000, 0.000000
0.001000, 7224.604074
0.002000, 14449.065541
0.003000, 21673.527008
0.004000, 28897.560657
0.005000, 36121.594307
0.006000, 43344.914948
0.007000, 50568.235588
0.008000, 57790.558055
0.009000, 65012.880522
0.010000, 72233.919690
0.011000, 79454.958858
0.012000, 86674.429653
0.013000, 93893.900449
0.014000, 101111.517859
0.015000, 108329.135269
0.016000, 115544.614355
0.017000, 122760.093440
0.018000, 129973.149347
0.019000, 137186.205253
0.020000, 144396.553222
0.021000, 151606.901190
0.022000, 158814.256568
0.023000, 166021.611946
0.024000, 173225.690199
0.025000, 180429.768453
0.026000, 187630.285177
0.027000, 194830.801901
0.028000, 202027.472832
0.029000, 209224.143763
0.030000, 216416.684789
0.031000, 223609.225814
0.032000, 230797.352985
0.033000, 237985.480156
0.034000, 245168.909697
0.035000, 252352.339239
0.036000, 259530.787561
0.037000, 266709.235883
0.038000, 273882.419593
0.039000, 281055.603303
0.040000, 288223.239216
0.041000, 295390.875130
0.042000, 302552.680280
0.043000, 309714.485430
0.044000, 316870.177081
0.045000, 324025.868733
0.046000, 331175.164391
0.047000, 338324.460049
0.048000, 345467.077472
0.049000, 352609.694895
0.050000, 359745.352105
0.051000, 366881.009314
0.052000, 374009.424606
0.053000, 381137.839899
0.054000, 388258.731857
0.055000, 395379.623815
0.056000, 402492.711317
0.057000, 409605.798820
0.058000, 416710.801054
0.059000, 423815.803289
0.060000, 430912.439763
0.061000, 438009.076236
0.062000, 445097.066786
0.063000, 452185.057335
0.064000, 459264.122139
0.065000, 466343.186942
0.066000, 473413.046531
0.067000, 480482.906119
0.068000, 487543.281386
0.069000, 494603.656653
0.070000, 501654.268867
0.071000, 508704.881082
0.072000, 515745.451897
0.073000, 522786.022713
0.074000, 529816.274180
0.075000, 536846.525647
0.076000, 543866.180223
0.077000, 550885.834799
0.078000, 557894.615361
0.079000, 564903.395922
0.080000, 571901.025774
0.081000, 578898.655626
0.082000, 585884.858515
0.083000, 592871.061403
0.084000, 599845.561524
0.085000, 606820.061645
0.086000, 613782.583657
0.087000, 620745.105670
0.088000, 627695.374706
0.089000, 634645.643741
0.090000, 641583.385415
0.091000, 648521.127089
0.092000, 655446.067511
0.093000, 662371.007933
0.094000, 669282.873719
0.095000, 676194.739504
0.096000, 683093.257785
0.097000, 689991.776065
0.098000, 696876.674498
0.099000, 703761.572931
0.100000, 710632.579714
0.101000, 717503.586496
0.102000, 724360.430372
0.103000, 731217.274248
0.104000, 738059.684521
0.105000, 744902.094794
0.106000, 751729.801337
0.107000, 758557.507880
0.108000, 765370.241148
0.109000, 772182.974415
0.110000, 778980.465452
0.111000, 785777.956489
0.112000, 792559.936941
0.113000, 799341.917394
0.114000, 806108.119521
0.115000, 812874.321649
0.116000, 819624.478333
0.117000, 826374.635018
0.118000, 833108.479774
0.119000, 839842.324530
0.120000, 846559.591519
0.121000, 853276.858507
0.122000, 859977.282540
0.123000, 866677.706573
0.124000, 873361.023131
0.125000, 880044.339688
0.126000, 886710.284924
0.127000, 893376.230159
0.128000, 900024.540913
0.129000, 906672.851667
0.130000, 913303.265474
0.131000, 919933.679282
0.132000, 926545.934387
0.133000, 933158.189491
0.134000, 939752.024852
0.135000, 946345.860213
0.136000, 952921.015517
0.137000, 959496.170820
0.138000, 966052.386491
0.139000, 972608.602162
0.140000, 979145.619372
0.141000, 985682.636581
0.142000, 992200.197260
0.143000, 998717.757938
0.144000, 1005215.604783
0.145000, 1011713.451628
0.146000, 1018191.328115
0.147000, 1024669.204602
0.148000, 1031126.854997
0.149000, 1037584.505392
0.150000, 1044021.674756
0.151000, 1050458.844121
0.152000, 1056875.278328
0.153000, 1063291.712534
0.154000, 1069687.158273
0.155000, 1076082.604011
0.156000, 1082456.808800
0.157000, 1088831.013589
0.158000, 1095183.725786
0.159000, 1101536.437983
0.160000, 1107867.406794
0.161000, 1114198.375605
0.162000, 1120507.351094
0.163000, 1126816.326583
0.164000, 1133103.059682
0.165000, 1139389.792781
0.166000, 1145654.035302
0.167000, 1151918.277822
0.168000, 1158159.782461
0.169000, 1164401.287101
0.170000, 1170619.807456
0.171000, 1176838.327811
0.172000, 1183033.618385
0.173000, 1189228.908959
0.174000, 1195400.725173
0.175000, 1201572.541386
0.176000, 1207720.639587
0.177000, 1213868.737787
0.178000, 1219992.875258
0.179000, 1226117.012728
0.180000, 1232216.947699
0.181000, 1238316.882669
0.182000, 1244392.374325
0.183000, 1250467.865980
0.184000, 1256518.674470
0.185000, 1262569.482961
0.186000, 1268595.369410
0.187000, 1274621.255860
0.188000, 1280621.982377
0.189000, 1286622.708895
0.190000, 1292598.038581
0.191000, 1298573.368268
0.192000, 1304523.065228
0.193000, 1310472.762188
0.194000, 1316396.591538
0.195000, 1322320.420887
0.196000, 1328218.148764
0.197000, 1334115.876641
0.198000, 1339987.270212
0.199000, 1345858.663783
0.200000, 1351703.491257
0.201000, 1357548.318731
0.202000, 1363366.349363
0.203000, 1369184.379995
0.204000, 1374975.384099
0.205000, 1380766.388204
0.206000, 1386530.137162
0.207000, 1392293.886121
0.208000, 1398030.152389
0.209000, 1403766.418658
0.210000, 1409474.975780
0.211000, 1415183.532902
0.212000, 1420864.155512
0.213000, 1426544.778122
0.214000, 1432197.241960
0.215000, 1437849.705798
0.216000, 1443473.787713
0.217000, 1449097.869629
0.218000, 1454693.347593
0.219000, 1460288.825557
0.220000, 1465855.478670
0.221000, 1471422.131783
0.222000, 1476959.740283
0.223000, 1482497.348783
0.224000, 1488005.694054
0.225000, 1493514.039325
0.226000, 1498992.903908
0.227000, 1504471.768491
0.228000, 1509920.936089
0.229000, 1515370.103687
0.230000, 1520789.359177
0.231000, 1526208.614667
0.232000, 1531597.744105
0.233000, 1536986.873544
0.234000, 1542345.664177
0.235000, 1547704.454810
0.236000, 1553032.695083
0.237000, 1558360.935355
0.238000, 1563658.414917
0.239000, 1568955.894479
0.240000, 1574222.404194
0.241000, 1579488.913910
0.242000, 1584724.245866
0.243000, 1589959.577823
0.244000, 1595163.525339
0.245000, 1600367.472855
0.246000, 1605539.830487
0.247000, 1610712.188119
0.248000, 1615852.751672
0.249000, 1620993.315224
0.250000, 1626101.881756
0.251000, 1631210.448289
0.252000, 1636286.816123
0.253000, 1641363.183958
0.254000, 1646407.152688
0.255000, 1651451.121419
0.256000, 1656462.491918
0.257000, 1661473.862417
0.258000, 1666452.436845
0.259000, 1671431.011272
0.260000, 1676376.593083
0.261000, 1681322.174893
0.262000, 1686234.568843
0.263000, 1691146.962794
0.264000, 1696025.974951
0.265000, 1700904.987108
0.266000, 1705750.424856
0.267000, 1710595.862605
0.268000, 1715407.534656
0.269000, 1720219.206707
0.270000, 1724996.923103
0.271000, 1729774.639500
0.272000, 1734518.211626
0.273000, 1739261.783752
0.274000, 1743971.024339
0.275000, 1748680.264927
0.276000, 1753354.988063
0.277000, 1758029.711199
0.278000, 1762669.732334
0.279000, 1767309.753469
0.280000, 1771914.889422
0.281000, 1776520.025376
0.282000, 1781090.094344
0.283000, 1785660.163313
0.284000, 1790194.984880
0.285000, 1794729.806446
0.286000, 1799229.201582
0.287000, 1803728.596718
0.288000, 1808192.387796
0.289000, 1812656.178874
0.290000, 1817084.189671
0.291000, 1821512.200468
0.292000, 1825904.256174
0.293000, 1830296.311879
0.294000, 1834652.239102
0.295000, 1839008.166326
0.296000, 1843327.793102
0.297000, 1847647.419879
0.298000, 1851930.575677
0.299000, 1856213.731476
0.300000, 1860460.247204
0.301000, 1864706.762932
0.302000, 1868916.470946
0.303000, 1873126.178959
0.304000, 1877298.913065
0.305000, 1881471.647172
0.306000, 1885607.242639
0.307000, 1889742.838105
0.308000, 1893841.131666
0.309000, 1897939.425227
0.310000, 1902000.255089
0.311000, 1906061.084951
0.312000, 1910084.290798
0.313000, 1914107.496646
0.314000, 1918092.919650
0.315000, 1922078.342655
0.316000, 1926025.825478
0.317000, 1929973.308302
0.318000, 1933882.695105
0.319000, 1937792.081907
0.320000, 1941663.218353
0.321000, 1945534.354800
0.322000, 1949367.088063
0.323000, 1953199.821327
0.324000, 1956994.000098
0.325000, 1960788.178869
0.326000, 1964543.653360
0.327000, 1968299.127852
0.328000, 1972015.749803
0.329000, 1975732.371755
0.330000, 1979409.994441
0.331000, 1983087.617127
0.332000, 1986726.095362
0.333000, 1990364.573596
0.334000, 1993963.763738
0.335000, 1997562.953880
0.336000, 2001122.713839
0.337000, 2004682.473798
0.338000, 2008202.663042
0.339000, 2011722.852285
0.340000, 2015203.331842
0.341000, 2018683.811398
0.342000, 2022124.443865
0.343000, 2025565.076331
0.344000, 2028965.725877
0.345000, 2032366.375423
0.346000, 2035726.907797
0.347000, 2039087.440171
0.348000, 2042407.722704
0.349000, 2045728.005238
0.350000, 2049007.906852
0.351000, 2052287.808466
0.352000, 2055527.199676
0.353000, 2058766.590885
0.354000, 2061965.343805
0.355000, 2065164.096725
0.356000, 2068322.085074
0.357000, 2071480.073422
0.358000, 2074597.172528
0.359000, 2077714.271633
0.360000, 2080790.358438
0.361000, 2083866.445242
0.362000, 2086901.398307
0.363000, 2089936.351372
0.364000, 2092930.050883
0.365000, 2095923.750394
0.366000, 2098876.078164
0.367000, 2101828.405934
0.368000, 2104739.245411
0.369000, 2107650.084888
0.370000, 2110519.321157
0.371000, 2113388.557426
0.372000, 2116216.077214
0.373000, 2119043.597002
0.374000, 2121829.288683
0.375000, 2124614.980365
0.376000, 2127358.733965
0.377000, 2130102.487566
0.378000, 2132804.194768
0.379000, 2135505.901969
0.380000, 2138165.456112
0.381000, 2140825.010255
0.382000, 2143442.306345
0.383000, 2146059.602436
0.384000, 2148634.537147
0.385000, 2151209.471858
0.386000, 2153741.943536
0.387000, 2156274.415213
0.388000, 2158764.323880
0.389000, 2161254.232547
0.390000, 2163701.479906
0.391000, 2166148.727265
0.392000, 2168553.216702
0.393000, 2170957.706139
0.394000, 2173319.342730
0.395000, 2175680.979321
0.396000, 2177999.669832
0.397000, 2180318.360343
0.398000, 2182594.013236
0.399000, 2184869.666129
0.400000, 2187102.191566
0.401000, 2189334.717002
0.402000, 2191524.026846
0.403000, 2193713.336690
0.404000, 2195859.344510
0.405000, 2198005.352330
0.406000, 2200107.973407
0.407000, 2202210.594484
0.408000, 2204269.745809
0.409000, 2206328.897133
0.410000, 2208344.497415
0.411000, 2210360.097696
0.412000, 2212332.067361
0.413000, 2214304.037027
0.414000, 2216232.298226
0.415000, 2218160.559426
0.416000, 2220045.036035
0.417000, 2221929.512644
0.418000, 2223770.130267
0.419000, 2225610.747889
0.420000, 2227407.433861
0.421000, 2229204.119833
0.422000, 2230956.803225
0.423000, 2232709.486616
0.424000, 2234418.098233
0.425000, 2236126.709851
0.426000, 2237791.182241
0.427000, 2239455.654632
0.428000, 2241075.922085
0.429000, 2242696.189538
0.430000, 2244272.188089
0.431000, 2245848.186640
0.432000, 2247379.854070
0.433000, 2248911.521500
0.434000, 2250398.797342
0.435000, 2251886.073184
0.436000, 2253328.898723
0.437000, 2254771.724262
0.438000, 2256170.042537
0.439000, 2257568.360812
0.440000, 2258922.116621
0.441000, 2260275.872430
0.442000, 2261585.012328
0.443000, 2262894.152226
0.444000, 2264158.624531
0.445000, 2265423.096836
0.446000, 2266642.851629
0.447000, 2267862.606421
0.448000, 2269037.595548
0.449000, 2270212.584674
0.450000, 2271342.761747
0.451000, 2272472.938821
0.452000, 2273558.259224
0.453000, 2274643.579627
0.454000, 2275684.000514
0.455000, 2276724.421400
0.456000, 2277719.901695
0.457000, 2278715.381991
0.458000, 2279665.882396
0.459000, 2280616.382800
0.460000, 2281521.865790
0.461000, 2282427.348780
0.462000, 2283287.778608
0.463000, 2284148.208436
0.464000, 2284963.551134
0.465000, 2285778.893832
0.466000, 2286549.117211
0.467000, 2287319.340591
0.468000, 2288044.414245
0.469000, 2288769.487899
0.470000, 2289449.383203
0.471000, 2290129.278507
0.472000, 2290763.968619
0.473000, 2291398.658732
0.474000, 2291988.118596
0.475000, 2292577.578461
0.476000, 2293121.784807
0.477000, 2293665.991153
0.478000, 2294164.922497
0.479000, 2294663.853840
0.480000, 2295117.490483
0.481000, 2295571.127126
0.482000, 2295979.451161
0.483000, 2296387.775195
0.484000, 2296750.770501
0.485000, 2297113.765807
0.486000, 2297431.418053
0.487000, 2297749.070300
0.488000, 2298021.366947
0.489000, 2298293.663595
0.490000, 2298520.593893
0.491000, 2298747.524191
0.492000, 2298929.079181
0.493000, 2299110.634171
0.494000, 2299246.806685
0.495000, 2299382.979199
0.496000, 2299473.763862
0.497000, 2299564.548525
0.498000, 2299609.941753
0.499000, 2299655.334980
0.500000, 2299655.334980
0.501000, 2299655.334980
0.502000, 2299609.941753
0.503000, 2299564.548525
0.504000, 2299473.763862
0.505000, 2299382.979199
0.506000, 2299246.806685
0.507000, 2299110.634171
0.508000, 2298929.079181
0.509000, 2298747.524191
0.510000, 2298520.593893
0.511000, 2298293.663595
0.512000, 2298021.366947
0.513000, 2297749.070300
0.514000, 2297431.418053
0.515000, 2297113.765807
0.516000, 2296750.770501
0.517000, 2296387.775195
0.518000, 2295979.451161
0.519000, 2295571.127126
0.520000, 2295117.490483
0.521000, 2294663.853840
0.522000, 2294164.922497
0.523000, 2293665.991153
0.524000, 2293121.784807
0.525000, 2292577.578461
0.526000, 2291988.118596
0.527000, 2291398.658732
0.528000, 2290763.968619
0.529000, 2290129.278507
0.530000, 2289449.383203
0.531000, 2288769.487899
0.532000, 2288044.414245
0.533000, 2287319.340591
0.534000, 2286549.117211
0.535000, 2285778.893832
0.536000, 2284963.551134
0.537000, 2284148.208436
0.538000, 2283287.778608
0.539000, 2282427.348780
0.540000, 2281521.865790
0.541000, 2280616.382800
0.542000, 2279665.882396
0.543000, 2278715.381991
0.544000, 2277719.901695
0.545000, 2276724.421400
0.546000, 2275684.000514
0.547000, 2274643.579627
0.548000, 2273558.259224
0.549000, 2272472.938821
0.550000, 2271342.761747
0.551000, 2270212.584674
0.552000, 2269037.595548
0.553000, 2267862.606421
0.554000, 2266642.851629
0.555000, 2265423.096836
0.556000, 2264158.624531
0.557000, 2262894.152226
0.558000, 2261585.012328
0.559000, 2260275.872430
0.560000, 2258922.116621
0.561000, 2257568.360812
0.562000, 2256170.042537
0.563000, 2254771.724262
0.564000, 2253328.898723
0.565000, 2251886.073184
0.566000, 2250398.797342
0.567000, 2248911.521500
0.568000, 2247379.854070
0.569000, 2245848.186640
0.570000, 2244272.188089
0.571000, 2242696.189538
0.572000, 2241075.922085
0.573000, 2239455.654632
0.574000, 2237791.182241
0.575000, 2236126.709851
0.576000, 2234418.098233
0.577000, 2232709.486616
0.578000, 2230956.803225
0.579000, 2229204.119833
0.580000, 2227407.433861
0.581000, 2225610.747889
0.582000, 2223770.130267
0.583000, 2221929.512644
0.584000, 2220045.036035
0.585000, 2218160.559426
0.586000, 2216232.298226
0.587000, 2214304.037027
0.588000, 2212332.067361
0.589000, 2210360.097696
0.590000, 2208344.497415
0.591000, 2206328.897133
0.592000, 2204269.745809
0.593000, 2202210.594484
0.594000, 2200107.973407
0.595000, 2198005.352330
0.596000, 2195859.344510
0.597000, 2193713.336690
0.598000, 2191524.026846
0.599000, 2189334.717002
0.600000, 2187102.191566
0.601000, 2184869.666129
0.602000, 2182594.013236
0.603000, 2180318.360343
0.604000, 2177999.669832
0.605000, 2175680.979321
0.606000, 2173319.342730
0.607000, 2170957.706139
0.608000, 2168553.216702
0.609000, 2166148.727265
0.610000, 2163701.479906
0.611000, 2161254.232547
0.612000, 2158764.323880
0.613000, 2156274.415213
0.614000, 2153741.943536
0.615000, 2151209.471858
0.616000, 2148634.537147
0.617000, 2146059.602436
0.618000, 2143442.306345
0.619000, 2140825.010255
0.620000, 2138165.456112
0.621000, 2135505.901969
0.622000, 2132804.194768
0.623000, 2130102.487566
0.624000, 2127358.733965
0.625000, 2124614.980365
0.626000, 2121829.288683
0.627000, 2119043.597002
0.628000, 2116216.077214
0.629000, 2113388.557426
0.630000, 2110519.321157
0.631000, 2107650.084888
0.632000, 2104739.245411
0.633000, 2101828.405934
0.634000, 2098876.078164
0.635000, 2095923.750394
0.636000, 2092930.050883
0.637000, 2089936.351372
0.638000, 2086901.398307
0.639000, 2083866.445242
0.640000, 2080790.358438
0.641000, 2077714.271633
0.642000, 2074597.172528
0.643000, 2071480.073422
0.644000, 2068322.085074
0.645000, 2065164.096725
0.646000, 2061965.343805
0.647000, 2058766.590885
0.648000, 2055527.199676
0.649000, 2052287.808466
0.650000, 2049007.906852
0.651000, 2045728.005238
0.652000, 2042407.722704
0.653000, 2039087.440171
0.654000, 2035726.907797
0.655000, 2032366.375423
0.656000, 2028965.725877
0.657000, 2025565.076331
0.658000, 2022124.443865
0.659000, 2018683.811398
0.660000, 2015203.331842
0.661000, 2011722.852285
0.662000, 2008202.663042
0.663000, 2004682.473798
0.664000, 2001122.713839
0.665000, 1997562.953880
0.666000, 1993963.763738
0.667000, 1990364.573596
0.668000, 1986726.095362
0.669000, 1983087.617127
0.670000, 1979409.994441
0.671000, 1975732.371755
0.672000, 1972015.749803
0.673000, 1968299.127852
0.674000, 1964543.653360
0.675000, 1960788.178869
0.676000, 1956994.000098
0.677000, 1953199.821327
0.678000, 1949367.088063
0.679000, 1945534.354800
0.680000, 1941663.218353
0.681000, 1937792.081907
0.682000, 1933882.695105
0.683000, 1929973.308302
0.684000, 1926025.825478
0.685000, 1922078.342655
0.686000, 1918092.919650
0.687000, 1914107.496646
0.688000, 1910084.290798
0.689000, 1906061.084951
0.690000, 1902000.255089
0.691000, 1897939.425227
0.692000, 1893841.131666
0.693000, 1889742.838105
0.694000, 1885607.242639
0.695000, 1881471.647172
0.696000, 1877298.913065
0.697000, 1873126.178959
0.698000, 1868916.470946
0.699000, 1864706.762932
0.700000, 1860460.247204
0.701000, 1856213.731476
0.702000, 1851930.575677
0.703000, 1847647.419879
0.704000, 1843327.793102
0.705000, 1839008.166326
0.706000, 1834652.239102
0.707000, 1830296.311879
0.708000, 1825904.256174
0.709000, 1821512.200468
0.710000, 1817084.189671
0.711000, 1812656.178874
0.712000, 1808192.387796
0.713000, 1803728.596718
0.714000, 1799229.201582
0.715000, 1794729.806446
0.716000, 1790194.984880
0.717000, 1785660.163313
0.718000, 1781090.094344
0.719000, 1776520.025376
0.720000, 1771914.889422
0.721000, 1767309.753469
0.722000, 1762669.732334
0.723000, 1758029.711199
0.724000, 1753354.988063
0.725000, 1748680.264927
0.726000, 1743971.024339
0.727000, 1739261.783752
0.728000, 1734518.211626
0.729000, 1729774.639500
0.730000, 1724996.923103
0.731000, 1720219.206707
0.732000, 1715407.534656
0.733000, 1710595.862605
0.734000, 1705750.424856
0.735000, 1700904.987108
0.736000, 1696025.974951
0.737000, 1691146.962794
0.738000, 1686234.568843
0.739000, 1681322.174893
0.740000, 1676376.593083
0.741000, 1671431.011272
0.742000, 1666452.436845
0.743000, 1661473.862417
0.744000, 1656462.491918
0.745000, 1651451.121419
0.746000, 1646407.152688
0.747000, 1641363.183958
0.748000, 1636286.816123
0.749000, 1631210.448289
0.750000, 1626101.881756
0.751000, 1620993.315224
0.752000, 1615852.751672
0.753000, 1610712.188119
0.754000, 1605539.830487
0.755000, 1600367.472855
0.756000, 1595163.525339
0.757000, 1589959.577823
0.758000, 1584724.245866
0.759000, 1579488.913910
0.760000, 1574222.404194
0.761000, 1568955.894479
0.762000, 1563658.414917
0.763000, 1558360.935355
0.764000, 1553032.695083
0.765000, 1547704.454810
0.766000, 1542345.664177
0.767000, 1536986.873544
0.768000, 1531597.744105
0.769000, 1526208.614667
0.770000, 1520789.359177
0.771000, 1515370.103687
0.772000, 1509920.936089
0.773000, 1504471.768491
0.774000, 1498992.903908
0.775000, 1493514.039325
0.776000, 1488005.694054
0.777000, 1482497.348783
0.778000, 1476959.740283
0.779000, 1471422.131783
0.780000, 1465855.478670
0.781000, 1460288.825557
0.782000, 1454693.347593
0.783000, 1449097.869629
0.784000, 1443473.787713
0.785000, 1437849.705798
0.786000, 1432197.241960
0.787000, 1426544.778122
0.788000, 1420864.155512
0.789000, 1415183.532902
0.790000, 1409474.975780
0.791000, 1403766.418658
0.792000, 1398030.152389
0.793000, 1392293.886121
0.794000, 1386530.137162
0.795000, 1380766.388204
0.796000, 1374975.384099
0.797000, 1369184.379995
0.798000, 1363366.349363
0.799000, 1357548.318731
0.800000, 1351703.491257
0.801000, 1345858.663783
0.802000, 1339987.270212
0.803000, 1334115.876641
0.804000, 1328218.148764
0.805000, 1322320.420887
0.806000, 1316396.591538
0.807000, 1310472.762188
0.808000, 1304523.065228
0.809000, 1298573.368268
0.810000, 1292598.038581
0.811000, 1286622.708895
0.812000, 1280621.982377
0.813000, 1274621.255860
0.814000, 1268595.369410
0.815000, 1262569.482961
0.816000, 1256518.674470
0.817000, 1250467.865980
0.818000, 1244392.374325
0.819000, 1238316.882669
0.820000, 1232216.947699
0.821000, 1226117.012728
0.822000, 1219992.875258
0.823000, 1213868.737787
0.824000, 1207720.639587
0.825000, 1201572.541386
0.826000, 1195400.725173
0.827000, 1189228.908959
0.828000, 1183033.618385
0.829000, 1176838.327811
0.830000, 1170619.807456
0.831000, 1164401.287101
0.832000, 1158159.782461
0.833000, 1151918.277822
0.834000, 1145654.035302
0.835000, 1139389.792781
0.836000, 1133103.059682
0.837000, 1126816.326583
0.838000, 1120507.351094
0.839000, 1114198.375605
0.840000, 1107867.406794
0.841000, 1101536.437983
0.842000, 1095183.725786
0.843000, 1088831.013589
0.844000, 1082456.808800
0.845000, 1076082.604011
0.846000, 1069687.158273
0.847000, 1063291.712534
0.848000, 1056875.278328
0.849000, 1050458.844121
0.850000, 1044021.674756
0.851000, 1037584.505392
0.852000, 1031126.854997
0.853000, 1024669.204602
0.854000, 1018191.328115
0.855000, 1011713.451628
0.856000, 1005215.604783
0.857000, 998717.757938
0.858000, 992200.197260
0.859000, 985682.636581
0.860000, 979145.619372
0.861000, 972608.602162
0.862000, 966052.386491
0.863000, 959496.170820
0.864000, 952921.015517
0.865000, 946345.860213
0.866000, 939752.024852
0.867000, 933158.189491
0.868000, 926545.934387
0.869000, 919933.679282
0.870000, 913303.265474
0.871000, 906672.851667
0.872000, 900024.540913
0.873000, 893376.230159
0.874000, 886710.284924
0.875000, 880044.339688
0.876000, 873361.023131
0.877000, 866677.706573
0.878000, 859977.282540
0.879000, 853276.858507
0.880000, 846559.591519
0.881000, 839842.324530
0.882000, 833108.479774
0.883000, 826374.635018
0.884000, 819624.478333
0.885000, 812874.321649
0.886000, 806108.119521
0.887000, 799341.917394
0.888000, 792559.936941
0.889000, 785777.956489
0.890000, 778980.465452
0.891000, 772182.974415
0.892000, 765370.241148
0.893000, 758557.507880
0.894000, 751729.801337
0.895000, 744902.094794
0.896000, 738059.684521
0.897000, 731217.274248
0.898000, 724360.430372
0.899000, 717503.586496
0.900000, 710632.579714
0.901000, 703761.572931
0.902000, 696876.674498
0.903000, 689991.776065
0.904000, 683093.257785
0.905000, 676194.739504
0.906000, 669282.873719
0.907000, 662371.007933
0.908000, 655446.067511
0.909000, 648521.127089
0.910000, 641583.385415
0.911000, 634645.643741
0.912000, 627695.374706
0.913000, 620745.105670
0.914000, 613782.583657
0.915000, 606820.061645
0.916000, 599845.561524
0.917000, 592871.061403
0.918000, 585884.858515
0.919000, 578898.655626
0.920000, 571901.025774
0.921000, 564903.395922
0.922000, 557894.615361
0.923000, 550885.834799
0.924000, 543866.180223
0.925000, 536846.525647
0.926000, 529816.274180
0.927000, 522786.022713
0.928000, 515745.451897
0.929000, 508704.881082
0.930000, 501654.268867
0.931000, 494603.656653
0.932000, 487543.281386
0.933000, 480482.906119
0.934000, 473413.046531
0.935000, 466343.186942
0.936000, 459264.122139
0.937000, 452185.057335
0.938000, 445097.066786
0.939000, 438009.076236
0.940000, 430912.439763
0.941000, 423815.803289
0.942000, 416710.801054
0.943000, 409605.798820
0.944000, 402492.711317
0.945000, 395379.623815
0.946000, 388258.731857
0.947000, 381137.839899
0.948000, 374009.424606
0.949000, 366881.009314
0.950000, 359745.352105
0.951000, 352609.694895
0.952000, 345467.077472
0.953000, 338324.460049
0.954000, 331175.164391
0.955000, 324025.868733
0.956000, 316870.177081
0.957000, 309714.485430
0.958000, 302552.680280
0.959000, 295390.875130
0.960000, 288223.239216
0.961000, 281055.603303
0.962000, 273882.419593
0.963000, 266709.235883
0.964000, 259530.787561
0.965000, 252352.339239
0.966000, 245168.909697
0.967000, 237985.480156
0.968000, 230797.352985
0.969000, 223609.225814
0.970000, 216416.684789
0.971000, 209224.143763
0.972000, 202027.472832
0.973000, 194830.801901
0.974000, 187630.285177
0.975000, 180429.768453
0.976000, 173225.690199
0.977000, 166021.611946
0.978000, 158814.256568
0.979000, 151606.901190
0.980000, 144396.553222
0.981000, 137186.205253
0.982000, 129973.149347
0.983000, 122760.093440
0.984000, 115544.614355
0.985000, 108329.135269
0.986000, 101111.517859
0.987000, 93893.900449
0.988000, 86674.429653
0.989000, 79454.958858
0.990000, 72233.919690
0.991000, 65012.880522
0.992000, 57790.558055
0.993000, 50568.235588
0.994000, 43344.914948
0.995000, 36121.594307
0.996000, 28897.560657
0.997000, 21673.527008
0.998000, 14449.065541
0.999000, 7224.604074
1.000000, 0.000000
