0.000000, 0.000000
0.001000, 93.936088
0.002000, 187.870321
0.003000, 281.804554
0.004000, 375.733225
0.005000, 469.661896
0.006000, 563.581296
0.007000, 657.500696
0.008000, 751.407118
0.009000, 845.313540
0.010000, 939.203275
0.011000, 1033.093011
0.012000, 1126.962355
0.013000, 1220.831698
0.014000, 1314.676944
0.015000, 1408.522189
0.016000, 1502.339631
0.017000, 1596.157073
0.018000, 1689.943009
0.019000, 1783.728944
0.020000, 1877.479671
0.021000, 1971.230397
0.022000, 2064.942213
0.023000, 2158.654028
0.024000, 2252.323234
0.025000, 2345.992440
0.026000, 2439.615338
0.027000, 2533.238236
0.028000, 2626.811130
0.029000, 2720.384024
0.030000, 2813.903220
0.031000, 2907.422416
0.032000, 3000.884222
0.033000, 3094.346028
0.034000, 3187.746754
0.035000, 3281.147480
0.036000, 3374.483439
0.037000, 3467.819398
0.038000, 3561.086906
0.039000, 3654.354413
0.040000, 3747.549787
0.041000, 3840.745160
0.042000, 3933.864721
0.043000, 4026.984281
0.044000, 4120.024352
0.045000, 4213.064424
0.046000, 4306.021333
0.047000, 4398.978242
0.048000, 4491.848319
0.049000, 4584.718396
0.050000, 4677.497974
0.051000, 4770.277553
0.052000, 4862.962970
0.053000, 4955.648387
0.054000, 5048.235984
0.055000, 5140.823581
0.056000, 5233.309703
0.057000, 5325.795825
0.058000, 5418.176820
0.059000, 5510.557815
0.060000, 5602.830036
0.061000, 5695.102257
0.062000, 5787.262062
0.063000, 5879.421867
0.064000, 5971.465617
0.065000, 6063.509367
0.066000, 6155.433428
0.067000, 6247.357490
0.068000, 6339.158234
0.069000, 6430.958978
0.070000, 6522.632781
0.071000, 6614.306583
0.072000, 6705.849825
0.073000, 6797.393067
0.074000, 6888.802134
0.075000, 6980.211201
0.076000, 7071.482484
0.077000, 7162.753768
0.078000, 7253.883665
0.079000, 7345.013562
0.080000, 7435.998475
0.081000, 7526.983387
0.082000, 7617.819724
0.083000, 7708.656060
0.084000, 7799.340234
0.085000, 7890.024409
0.086000, 7980.552841
0.087000, 8071.081272
0.088000, 8161.450388
0.089000, 8251.819504
0.090000, 8342.025736
0.091000, 8432.231967
0.092000, 8522.271754
0.093000, 8612.311541
0.094000, 8702.181328
0.095000, 8792.051115
0.096000, 8881.747355
0.097000, 8971.443594
0.098000, 9060.962745
0.099000, 9150.481896
0.100000, 9239.820424
0.101000, 9329.158953
0.102000, 9418.313331
0.103000, 9507.467710
0.104000, 9596.434419
0.105000, 9685.401129
0.106000, 9774.176657
0.107000, 9862.952184
0.108000, 9951.533026
0.109000, 10040.113868
0.110000, 10128.496526
0.111000, 10216.879184
0.112000, 10305.060170
0.113000, 10393.241156
0.114000, 10481.216988
0.115000, 10569.192821
0.116000, 10656.960026
0.117000, 10744.727232
0.118000, 10832.282345
0.119000, 10919.837459
0.120000, 11007.177024
0.121000, 11094.516590
0.122000, 11181.637159
0.123000, 11268.757728
0.124000, 11355.655862
0.125000, 11442.553995
0.126000, 11529.226263
0.127000, 11615.898530
0.128000, 11702.341510
0.129000, 11788.784489
0.130000, 11874.994768
0.131000, 11961.205047
0.132000, 12047.179222
0.133000, 12133.153397
0.134000, 12218.888074
0.135000, 12304.622751
0.136000, 12390.114545
0.137000, 12475.606339
0.138000, 12560.851876
0.139000, 12646.097412
0.140000, 12731.093325
0.141000, 12816.089239
0.142000, 12900.832173
0.143000, 12985.575108
0.144000, 13070.061719
0.145000, 13154.548329
0.146000, 13238.775280
0.147000, 13323.002231
0.148000, 13406.966197
0.149000, 13490.930164
0.150000, 13574.627831
0.151000, 13658.325498
0.152000, 13741.753561
0.153000, 13825.181624
0.154000, 13908.336790
0.155000, 13991.491956
0.156000, 14074.370942
0.157000, 14157.249928
0.158000, 14239.849462
0.159000, 14322.448996
0.160000, 14404.765817
0.161000, 14487.082638
0.162000, 14569.113497
0.163000, 14651.144355
0.164000, 14732.886013
0.165000, 14814.627670
0.166000, 14896.076900
0.167000, 14977.526129
0.168000, 15058.679715
0.169000, 15139.833301
0.170000, 15220.688039
0.171000, 15301.542777
0.172000, 15382.095477
0.173000, 15462.648176
0.174000, 15542.895655
0.175000, 15623.143135
0.176000, 15703.082227
0.177000, 15783.021320
0.178000, 15862.648868
0.179000, 15942.276417
0.180000, 16021.589279
0.181000, 16100.902141
0.182000, 16179.897185
0.183000, 16258.892229
0.184000, 16337.566337
0.185000, 16416.240444
0.186000, 16494.590509
0.187000, 16572.940574
0.188000, 16650.963503
0.189000, 16728.986432
0.190000, 16806.679145
0.191000, 16884.371859
0.192000, 16961.731289
0.193000, 17039.090719
0.194000, 17116.113812
0.195000, 17193.136906
0.196000, 17269.820621
0.197000, 17346.504336
0.198000, 17422.845647
0.199000, 17499.186957
0.200000, 17575.182848
0.201000, 17651.178739
0.202000, 17726.826212
0.203000, 17802.473684
0.204000, 17877.769750
0.205000, 17953.065817
0.206000, 18028.007505
0.207000, 18102.949193
0.208000, 18177.533545
0.209000, 18252.117897
0.210000, 18326.341967
0.211000, 18400.566038
0.212000, 18474.426897
0.213000, 18548.287756
0.214000, 18621.782488
0.215000, 18695.277219
0.216000, 18768.402922
0.217000, 18841.528625
0.218000, 18914.282413
0.219000, 18987.036200
0.220000, 19059.415200
0.221000, 19131.794199
0.222000, 19203.795553
0.223000, 19275.796908
0.224000, 19347.417774
0.225000, 19419.038641
0.226000, 19490.276192
0.227000, 19561.513743
0.228000, 19632.365167
0.229000, 19703.216591
0.230000, 19773.679090
0.231000, 19844.141589
0.232000, 19914.212382
0.233000, 19984.283175
0.234000, 20053.959495
0.235000, 20123.635815
0.236000, 20192.914912
0.237000, 20262.194009
0.238000, 20331.073147
0.239000, 20399.952286
0.240000, 20468.428747
0.241000, 20536.905207
0.242000, 20604.976287
0.243000, 20673.047367
0.244000, 20740.710379
0.245000, 20808.373391
0.246000, 20875.625663
0.247000, 20942.877935
0.248000, 21009.716813
0.249000, 21076.555691
0.250000, 21142.978535
0.251000, 21209.401380
0.252000, 21275.405569
0.253000, 21341.409758
0.254000, 21406.992686
0.255000, 21472.575614
0.256000, 21537.734692
0.257000, 21602.893769
0.258000, 21667.626424
0.259000, 21732.359080
0.260000, 21796.662757
0.261000, 21860.966433
0.262000, 21924.838594
0.263000, 21988.710754
0.264000, 22052.148876
0.265000, 22115.586997
0.266000, 22178.588577
0.267000, 22241.590156
0.268000, 22304.152705
0.269000, 22366.715254
0.270000, 22428.836303
0.271000, 22490.957353
0.272000, 22552.634450
0.273000, 22614.311547
0.274000, 22675.542257
0.275000, 22736.772967
0.276000, 22797.554872
0.277000, 22858.336778
0.278000, 22918.667479
0.279000, 22978.998181
0.280000, 23038.875296
0.281000, 23098.752412
0.282000, 23158.173578
0.283000, 23217.594745
0.284000, 23276.557615
0.285000, 23335.520486
0.286000, 23394.022734
0.287000, 23452.524981
0.288000, 23510.564296
0.289000, 23568.603611
0.290000, 23626.177701
0.291000, 23683.751792
0.292000, 23740.858386
0.293000, 23797.964979
0.294000, 23854.601822
0.295000, 23911.238664
0.296000, 23967.403519
0.297000, 24023.568374
0.298000, 24079.259024
0.299000, 24134.949674
0.300000, 24190.163921
0.301000, 24245.378168
0.302000, 24300.113832
0.303000, 24354.849496
0.304000, 24409.104416
0.305000, 24463.359336
0.306000, 24517.131371
0.307000, 24570.903405
0.308000, 24624.190431
0.309000, 24677.477456
0.310000, 24730.277370
0.311000, 24783.077283
0.312000, 24835.388000
0.313000, 24887.698717
0.314000, 24939.518171
0.315000, 24991.337626
0.316000, 25042.663773
0.317000, 25093.989921
0.318000, 25144.820734
0.319000, 25195.651547
0.320000, 25245.985020
0.321000, 25296.318493
0.322000, 25346.152638
0.323000, 25395.986783
0.324000, 25445.319633
0.325000, 25494.652483
0.326000, 25543.482091
0.327000, 25592.311698
0.328000, 25640.636135
0.329000, 25688.960572
0.330000, 25736.777931
0.331000, 25784.595291
0.332000, 25831.903684
0.333000, 25879.212077
0.334000, 25926.009637
0.335000, 25972.807196
0.336000, 26019.092075
0.337000, 26065.376954
0.338000, 26111.147324
0.339000, 26156.917695
0.340000, 26202.171750
0.341000, 26247.425806
0.342000, 26292.161759
0.343000, 26336.897713
0.344000, 26381.113799
0.345000, 26425.329884
0.346000, 26469.024357
0.347000, 26512.718829
0.348000, 26555.889963
0.349000, 26599.061097
0.350000, 26641.707189
0.351000, 26684.353280
0.352000, 26726.472645
0.353000, 26768.592010
0.354000, 26810.182986
0.355000, 26851.773962
0.356000, 26892.834907
0.357000, 26933.895852
0.358000, 26974.425145
0.359000, 27014.954438
0.360000, 27054.950479
0.361000, 27094.946520
0.362000, 27134.407730
0.363000, 27173.868939
0.364000, 27212.793760
0.365000, 27251.718581
0.366000, 27290.105476
0.367000, 27328.492372
0.368000, 27366.339826
0.369000, 27404.187280
0.370000, 27441.493799
0.371000, 27478.800318
0.372000, 27515.564429
0.373000, 27552.328540
0.374000, 27588.548792
0.375000, 27624.769044
0.376000, 27660.444006
0.377000, 27696.118969
0.378000, 27731.247233
0.379000, 27766.375498
0.380000, 27800.955678
0.381000, 27835.535859
0.382000, 27869.566589
0.383000, 27903.597320
0.384000, 27937.077257
0.385000, 27970.557195
0.386000, 28003.485017
0.387000, 28036.412840
0.388000, 28068.787248
0.389000, 28101.161656
0.390000, 28132.981371
0.391000, 28164.801086
0.392000, 28196.064851
0.393000, 28227.328617
0.394000, 28258.035200
0.395000, 28288.741783
0.396000, 28318.889970
0.397000, 28349.038157
0.398000, 28378.626758
0.399000, 28408.215359
0.400000, 28437.243207
0.401000, 28466.271054
0.402000, 28494.737002
0.403000, 28523.202950
0.404000, 28551.105874
0.405000, 28579.008798
0.406000, 28606.347596
0.407000, 28633.686395
0.408000, 28660.459990
0.409000, 28687.233584
0.410000, 28713.440917
0.411000, 28739.648250
0.412000, 28765.288287
0.413000, 28790.928324
0.414000, 28816.000053
0.415000, 28841.071781
0.416000, 28865.574212
0.417000, 28890.076643
0.418000, 28914.008808
0.419000, 28937.940973
0.420000, 28961.301928
0.421000, 28984.662883
0.422000, 29007.451706
0.423000, 29030.240528
0.424000, 29052.456319
0.425000, 29074.672109
0.426000, 29096.313991
0.427000, 29117.955872
0.428000, 29139.022990
0.429000, 29160.090108
0.430000, 29180.581630
0.431000, 29201.073153
0.432000, 29220.988271
0.433000, 29240.903390
0.434000, 29260.241318
0.435000, 29279.579246
0.436000, 29298.339220
0.437000, 29317.099194
0.438000, 29335.280474
0.439000, 29353.461754
0.440000, 29371.063622
0.441000, 29388.665489
0.442000, 29405.687250
0.443000, 29422.709010
0.444000, 29439.149992
0.445000, 29455.590973
0.446000, 29471.450526
0.447000, 29487.310080
0.448000, 29502.587579
0.449000, 29517.865078
0.450000, 29532.559919
0.451000, 29547.254761
0.452000, 29561.366365
0.453000, 29575.477969
0.454000, 29589.005778
0.455000, 29602.533588
0.456000, 29615.477069
0.457000, 29628.420550
0.458000, 29640.779191
0.459000, 29653.137832
0.460000, 29664.911146
0.461000, 29676.684459
0.462000, 29687.871980
0.463000, 29699.059502
0.464000, 29709.660789
0.465000, 29720.262076
0.466000, 29730.276711
0.467000, 29740.291346
0.468000, 29749.718933
0.469000, 29759.146519
0.470000, 29767.986686
0.471000, 29776.826853
0.472000, 29785.079251
0.473000, 29793.331648
0.474000, 29800.995951
0.475000, 29808.660254
0.476000, 29815.736159
0.477000, 29822.812065
0.478000, 29829.299293
0.479000, 29835.786522
0.480000, 29841.684818
0.481000, 29847.583114
0.482000, 29852.892244
0.483000, 29858.201374
0.484000, 29862.921128
0.485000, 29867.640883
0.486000, 29871.771076
0.487000, 29875.901269
0.488000, 29879.441737
0.489000, 29882.982206
0.490000, 29885.932809
0.491000, 29888.883413
0.492000, 29891.244036
0.493000, 29893.604659
0.494000, 29895.375208
0.495000, 29897.145756
0.496000, 29898.326161
0.497000, 29899.506565
0.498000, 29900.096779
0.499000, 29900.686993
0.500000, 29900.686993
0.501000, 29900.686993
0.502000, 29900.096779
0.503000, 29899.506565
0.504000, 29898.326161
0.505000, 29897.145756
0.506000, 29895.375208
0.507000, 29893.604659
0.508000, 29891.244036
0.509000, 29888.883413
0.510000, 29885.932809
0.511000, 29882.982206
0.512000, 29879.441737
0.513000, 29875.901269
0.514000, 29871.771076
0.515000, 29867.640883
0.516000, 29862.921128
0.517000, 29858.201374
0.518000, 29852.892244
0.519000, 29847.583114
0.520000, 29841.684818
0.521000, 29835.786522
0.522000, 29829.299293
0.523000, 29822.812065
0.524000, 29815.736159
0.525000, 29808.660254
0.526000, 29800.995951
0.527000, 29793.331648
0.528000, 29785.079251
0.529000, 29776.826853
0.530000, 29767.986686
0.531000, 29759.146519
0.532000, 29749.718933
0.533000, 29740.291346
0.534000, 29730.276711
0.535000, 29720.262076
0.536000, 29709.660789
0.537000, 29699.059502
0.538000, 29687.871980
0.539000, 29676.684459
0.540000, 29664.911146
0.541000, 29653.137832
0.542000, 29640.779191
0.543000, 29628.420550
0.544000, 29615.477069
0.545000, 29602.533588
0.546000, 29589.005778
0.547000, 29575.477969
0.548000, 29561.366365
0.549000, 29547.254761
0.550000, 29532.559919
0.551000, 29517.865078
0.552000, 29502.587579
0.553000, 29487.310080
0.554000, 29471.450526
0.555000, 29455.590973
0.556000, 29439.149992
0.557000, 29422.709010
0.558000, 29405.687250
0.559000, 29388.665489
0.560000, 29371.063622
0.561000, 29353.461754
0.562000, 29335.280474
0.563000, 29317.099194
0.564000, 29298.339220
0.565000, 29279.579246
0.566000, 29260.241318
0.567000, 29240.903390
0.568000, 29220.988271
0.569000, 29201.073153
0.570000, 29180.581630
0.571000, 29160.090108
0.572000, 29139.022990
0.573000, 29117.955872
0.574000, 29096.313991
0.575000, 29074.672109
0.576000, 29052.456319
0.577000, 29030.240528
0.578000, 29007.451706
0.579000, 28984.662883
0.580000, 28961.301928
0.581000, 28937.940973
0.582000, 28914.008808
0.583000, 28890.076643
0.584000, 28865.574212
0.585000, 28841.071781
0.586000, 28816.000053
0.587000, 28790.928324
0.588000, 28765.288287
0.589000, 28739.648250
0.590000, 28713.440917
0.591000, 28687.233584
0.592000, 28660.459990
0.593000, 28633.686395
0.594000, 28606.347596
0.595000, 28579.008798
0.596000, 28551.105874
0.597000, 28523.202950
0.598000, 28494.737002
0.599000, 28466.271054
0.600000, 28437.243207
0.601000, 28408.215359
0.602000, 28378.626758
0.603000, 28349.038157
0.604000, 28318.889970
0.605000, 28288.741783
0.606000, 28258.035200
0.607000, 28227.328617
0.608000, 28196.064851
0.609000, 28164.801086
0.610000, 28132.981371
0.611000, 28101.161656
0.612000, 28068.787248
0.613000, 28036.412840
0.614000, 28003.485017
0.615000, 27970.557195
0.616000, 27937.077257
0.617000, 27903.597320
0.618000, 27869.566589
0.619000, 27835.535859
0.620000, 27800.955678
0.621000, 27766.375498
0.622000, 27731.247233
0.623000, 27696.118969
0.624000, 27660.444006
0.625000, 27624.769044
0.626000, 27588.548792
0.627000, 27552.328540
0.628000, 27515.564429
0.629000, 27478.800318
0.630000, 27441.493799
0.631000, 27404.187280
0.632000, 27366.339826
0.633000, 27328.492372
0.634000, 27290.105476
0.635000, 27251.718581
0.636000, 27212.793760
0.637000, 27173.868939
0.638000, 27134.407730
0.639000, 27094.946520
0.640000, 27054.950479
0.641000, 27014.954438
0.642000, 26974.425145
0.643000, 26933.895852
0.644000, 26892.834907
0.645000, 26851.773962
0.646000, 26810.182986
0.647000, 26768.592010
0.648000, 26726.472645
0.649000, 26684.353280
0.650000, 26641.707189
0.651000, 26599.061097
0.652000, 26555.889963
0.653000, 26512.718829
0.654000, 26469.024357
0.655000, 26425.329884
0.656000, 26381.113799
0.657000, 26336.897713
0.658000, 26292.161759
0.659000, 26247.425806
0.660000, 26202.171750
0.661000, 26156.917695
0.662000, 26111.147324
0.663000, 26065.376954
0.664000, 26019.092075
0.665000, 25972.807196
0.666000, 25926.009637
0.667000, 25879.212077
0.668000, 25831.903684
0.669000, 25784.595291
0.670000, 25736.777931
0.671000, 25688.960572
0.672000, 25640.636135
0.673000, 25592.311698
0.674000, 25543.482091
0.675000, 25494.652483
0.676000, 25445.319633
0.677000, 25395.986783
0.678000, 25346.152638
0.679000, 25296.318493
0.680000, 25245.985020
0.681000, 25195.651547
0.682000, 25144.820734
0.683000, 25093.989921
0.684000, 25042.663773
0.685000, 24991.337626
0.686000, 24939.518171
0.687000, 24887.698717
0.688000, 24835.388000
0.689000, 24783.077283
0.690000, 24730.277370
0.691000, 24677.477456
0.692000, 24624.190431
0.693000, 24570.903405
0.694000, 24517.131371
0.695000, 24463.359336
0.696000, 24409.104416
0.697000, 24354.849496
0.698000, 24300.113832
0.699000, 24245.378168
0.700000, 24190.163921
0.701000, 24134.949674
0.702000, 24079.259024
0.703000, 24023.568374
0.704000, 23967.403519
0.705000, 23911.238664
0.706000, 23854.601822
0.707000, 23797.964979
0.708000, 23740.858386
0.709000, 23683.751792
0.710000, 23626.177701
0.711000, 23568.603611
0.712000, 23510.564296
0.713000, 23452.524981
0.714000, 23394.022734
0.715000, 23335.520486
0.716000, 23276.557615
0.717000, 23217.594745
0.718000, 23158.173578
0.719000, 23098.752412
0.720000, 23038.875296
0.721000, 22978.998181
0.722000, 22918.667479
0.723000, 22858.336778
0.724000, 22797.554872
0.725000, 22736.772967
0.726000, 22675.542257
0.727000, 22614.311547
0.728000, 22552.634450
0.729000, 22490.957353
0.730000, 22428.836303
0.731000, 22366.715254
0.732000, 22304.152705
0.733000, 22241.590156
0.734000, 22178.588577
0.735000, 22115.586997
0.736000, 22052.148876
0.737000, 21988.710754
0.738000, 21924.838594
0.739000, 21860.966433
0.740000, 21796.662757
0.741000, 21732.359080
0.742000, 21667.626424
0.743000, 21602.893769
0.744000, 21537.734692
0.745000, 21472.575614
0.746000, 21406.992686
0.747000, 21341.409758
0.748000, 21275.405569
0.749000, 21209.401380
0.750000, 21142.978535
0.751000, 21076.555691
0.752000, 21009.716813
0.753000, 20942.877935
0.754000, 20875.625663
0.755000, 20808.373391
0.756000, 20740.710379
0.757000, 20673.047367
0.758000, 20604.976287
0.759000, 20536.905207
0.760000, 20468.428747
0.761000, 20399.952286
0.762000, 20331.073147
0.763000, 20262.194009
0.764000, 20192.914912
0.765000, 20123.635815
0.766000, 20053.959495
0.767000, 19984.283175
0.768000, 19914.212382
0.769000, 19844.141589
0.770000, 19773.679090
0.771000, 19703.216591
0.772000, 19632.365167
0.773000, 19561.513743
0.774000, 19490.276192
0.775000, 19419.038641
0.776000, 19347.417774
0.777000, 19275.796908
0.778000, 19203.795553
0.779000, 19131.794199
0.780000, 19059.415200
0.781000, 18987.036200
0.782000, 18914.282413
0.783000, 18841.528625
0.784000, 18768.402922
0.785000, 18695.277219
0.786000, 18621.782488
0.787000, 18548.287756
0.788000, 18474.426897
0.789000, 18400.566038
0.790000, 18326.341967
0.791000, 18252.117897
0.792000, 18177.533545
0.793000, 18102.949193
0.794000, 18028.007505
0.795000, 17953.065817
0.796000, 17877.769750
0.797000, 17802.473684
0.798000, 17726.826212
0.799000, 17651.178739
0.800000, 17575.182848
0.801000, 17499.186957
0.802000, 17422.845647
0.803000, 17346.504336
0.804000, 17269.820621
0.805000, 17193.136906
0.806000, 17116.113812
0.807000, 17039.090719
0.808000, 16961.731289
0.809000, 16884.371859
0.810000, 16806.679145
0.811000, 16728.986432
0.812000, 16650.963503
0.813000, 16572.940574
0.814000, 16494.590509
0.815000, 16416.240444
0.816000, 16337.566337
0.817000, 16258.892229
0.818000, 16179.897185
0.819000, 16100.902141
0.820000, 16021.589279
0.821000, 15942.276417
0.822000, 15862.648868
0.823000, 15783.021320
0.824000, 15703.082227
0.825000, 15623.143135
0.826000, 15542.895655
0.827000, 15462.648176
0.828000, 15382.095477
0.829000, 15301.542777
0.830000, 15220.688039
0.831000, 15139.833301
0.832000, 15058.679715
0.833000, 14977.526129
0.834000, 14896.076900
0.835000, 14814.627670
0.836000, 14732.886013
0.837000, 14651.144355
0.838000, 14569.113497
0.839000, 14487.082638
0.840000, 14404.765817
0.841000, 14322.448996
0.842000, 14239.849462
0.843000, 14157.249928
0.844000, 14074.370942
0.845000, 13991.491956
0.846000, 13908.336790
0.847000, 13825.181624
0.848000, 13741.753561
0.849000, 13658.325498
0.850000, 13574.627831
0.851000, 13490.930164
0.852000, 13406.966197
0.853000, 13323.002231
0.854000, 13238.775280
0.855000, 13154.548329
0.856000, 13070.061719
0.857000, 12985.575108
0.858000, 12900.832173
0.859000, 12816.089239
0.860000, 12731.093325
0.861000, 12646.097412
0.862000, 12560.851876
0.863000, 12475.606339
0.864000, 12390.114545
0.865000, 12304.622751
0.866000, 12218.888074
0.867000, 12133.153397
0.868000, 12047.179222
0.869000, 11961.205047
0.870000, 11874.994768
0.871000, 11788.784489
0.872000, 11702.341510
0.873000, 11615.898530
0.874000, 11529.226263
0.875000, 11442.553995
0.876000, 11355.655862
0.877000, 11268.757728
0.878000, 11181.637159
0.879000, 11094.516590
0.880000, 11007.177024
0.881000, 10919.837459
0.882000, 10832.282345
0.883000, 10744.727232
0.884000, 10656.960026
0.885000, 10569.192821
0.886000, 10481.216988
0.887000, 10393.241156
0.888000, 10305.060170
0.889000, 10216.879184
0.890000, 10128.496526
0.891000, 10040.113868
0.892000, 9951.533026
0.893000, 9862.952184
0.894000, 9774.176657
0.895000, 9685.401129
0.896000, 9596.434419
0.897000, 9507.467710
0.898000, 9418.313331
0.899000, 9329.158953
0.900000, 9239.820424
0.901000, 9150.481896
0.902000, 9060.962745
0.903000, 8971.443594
0.904000, 8881.747355
0.905000, 8792.051115
0.906000, 8702.181328
0.907000, 8612.311541
0.908000, 8522.271754
0.909000, 8432.231967
0.910000, 8342.025736
0.911000, 8251.819504
0.912000, 8161.450388
0.913000, 8071.081272
0.914000, 7980.552841
0.915000, 7890.024409
0.916000, 7799.340234
0.917000, 7708.656060
0.918000, 7617.819724
0.919000, 7526.983387
0.920000, 7435.998475
0.921000, 7345.013562
0.922000, 7253.883665
0.923000, 7162.753768
0.924000, 7071.482484
0.925000, 6980.211201
0.926000, 6888.802134
0.927000, 6797.393067
0.928000, 6705.849825
0.929000, 6614.306583
0.930000, 6522.632781
0.931000, 6430.958978
0.932000, 6339.158234
0.933000, 6247.357490
0.934000, 6155.433428
0.935000, 6063.509367
0.936000, 5971.465617
0.937000, 5879.421867
0.938000, 5787.262062
0.939000, 5695.102257
0.940000, 5602.830036
0.941000, 5510.557815
0.942000, 5418.176820
0.943000, 5325.795825
0.944000, 5233.309703
0.945000, 5140.823581
0.946000, 5048.235984
0.947000, 4955.648387
0.948000, 4862.962970
0.949000, 4770.277553
0.950000, 4677.497974
0.951000, 4584.718396
0.952000, 4491.848319
0.953000, 4398.978242
0.954000, 4306.021333
0.955000, 4213.064424
0.956000, 4120.024352
0.957000, 4026.984281
0.958000, 3933.864721
0.959000, 3840.745160
0.960000, 3747.549787
0.961000, 3654.354413
0.962000, 3561.086906
0.963000, 3467.819398
0.964000, 3374.483439
0.965000, 3281.147480
0.966000, 3187.746754
0.967000, 3094.346028
0.968000, 3000.884222
0.969000, 2907.422416
0.970000, 2813.903220
0.971000, 2720.384024
0.972000, 2626.811130
0.973000, 2533.238236
0.974000, 2439.615338
0.975000, 2345.992440
0.976000, 2252.323234
0.977000, 2158.654028
0.978000, 2064.942213
0.979000, 1971.230397
0.980000, 1877.479671
0.981000, 1783.728944
0.982000, 1689.943009
0.983000, 1596.157073
0.984000, 1502.339631
0.985000, 1408.522189
0.986000, 1314.676944
0.987000, 1220.831698
0.988000, 1126.962355
0.989000, 1033.093011
0.990000, 939.203275
0.991000, 845.313540
0.992000, 751.407118
0.993000, 657.500696
0.994000, 563.581296
0.995000, 469.661896
0.996000, 375.733225
0.997000, 281.804554
0.998000, 187.870321
0.999000, 93.936088
1.000000, 0.000000
