0.000000, 0.000000
0.001000, 555642.805424
0.002000, 1111274.642923
0.003000, 1666906.480421
0.004000, 2222505.414577
0.005000, 2778104.348732
0.006000, 3333648.445425
0.007000, 3889192.542119
0.008000, 4444659.869396
0.009000, 5000127.196673
0.010000, 5555495.825610
0.011000, 6110864.454548
0.012000, 6666112.460119
0.013000, 7221360.465691
0.014000, 7776465.927632
0.015000, 8331571.389572
0.016000, 8886512.393245
0.017000, 9441453.396918
0.018000, 9996208.034177
0.019000, 10550962.671437
0.020000, 11105509.041497
0.021000, 11660055.411557
0.022000, 12214371.621852
0.023000, 12768687.832147
0.024000, 13322751.999199
0.025000, 13876816.166250
0.026000, 14430606.416530
0.027000, 14984396.666809
0.028000, 15537891.137602
0.029000, 16091385.608395
0.030000, 16644562.448665
0.031000, 17197739.288934
0.032000, 17750576.660182
0.033000, 18303414.031430
0.034000, 18855890.108560
0.035000, 19408366.185690
0.036000, 19960459.157870
0.037000, 20512552.130050
0.038000, 21064240.201571
0.039000, 21615928.273093
0.040000, 22167189.664233
0.041000, 22718451.055372
0.042000, 23269264.003252
0.043000, 23820076.951132
0.044000, 24370419.710577
0.045000, 24920762.470023
0.046000, 25470613.314422
0.047000, 26020464.158820
0.048000, 26569801.380981
0.049000, 27119138.603141
0.050000, 27667940.516148
0.051000, 28216742.429155
0.052000, 28764987.367227
0.053000, 29313232.305299
0.054000, 29860898.624644
0.055000, 30408564.943988
0.056000, 30955631.023655
0.057000, 31502697.103322
0.058000, 32049141.346059
0.059000, 32595585.588795
0.060000, 33141386.421898
0.061000, 33687187.255000
0.062000, 34232323.131165
0.063000, 34777459.007330
0.064000, 35321908.405506
0.065000, 35866357.803683
0.066000, 36410099.229921
0.067000, 36953840.656159
0.068000, 37496852.644458
0.069000, 38039864.632757
0.070000, 38582125.745915
0.071000, 39124386.859072
0.072000, 39665875.689529
0.073000, 40207364.519985
0.074000, 40748059.690669
0.075000, 41288754.861353
0.076000, 41828635.026527
0.077000, 42368515.191702
0.078000, 42907559.037803
0.079000, 43446602.883904
0.080000, 43984789.130386
0.081000, 44522975.376868
0.082000, 45060282.777041
0.083000, 45597590.177215
0.084000, 46133997.519087
0.085000, 46670404.860959
0.086000, 47205890.968068
0.087000, 47741377.075178
0.088000, 48275920.807433
0.089000, 48810464.539689
0.090000, 49344044.794203
0.091000, 49877625.048718
0.092000, 50410220.760640
0.093000, 50942816.472562
0.094000, 51474406.615909
0.095000, 52005996.759256
0.096000, 52536560.347744
0.097000, 53067123.936233
0.098000, 53596640.024105
0.099000, 54126156.111978
0.100000, 54654603.794831
0.101000, 55183051.477685
0.102000, 55710409.893296
0.103000, 56237768.308906
0.104000, 56764016.638053
0.105000, 57290264.967199
0.106000, 57815382.434485
0.107000, 58340499.901771
0.108000, 58864465.776444
0.109000, 59388431.651118
0.110000, 59911225.247891
0.111000, 60434018.844664
0.112000, 60955619.524527
0.113000, 61477220.204391
0.114000, 61997607.375433
0.115000, 62517994.546474
0.116000, 63037147.664686
0.117000, 63556300.782899
0.118000, 64074199.352995
0.119000, 64592097.923091
0.120000, 65108721.499312
0.121000, 65625345.075532
0.122000, 66140673.262453
0.123000, 66656001.449373
0.124000, 67170013.902709
0.125000, 67684026.356045
0.126000, 68196702.783455
0.127000, 68709379.210865
0.128000, 69220699.372753
0.129000, 69732019.534641
0.130000, 70241963.244954
0.131000, 70751906.955267
0.132000, 71260454.082291
0.133000, 71769001.209316
0.134000, 72276131.676475
0.135000, 72783262.143633
0.136000, 73288955.930276
0.137000, 73794649.716920
0.138000, 74298886.859115
0.139000, 74803124.001311
0.140000, 75305884.592634
0.141000, 75808645.183957
0.142000, 76309909.376274
0.143000, 76811173.568591
0.144000, 77310921.572844
0.145000, 77810669.577097
0.146000, 78308881.664086
0.147000, 78807093.751074
0.148000, 79303750.252234
0.149000, 79800406.753393
0.150000, 80295488.061571
0.151000, 80790569.369748
0.152000, 81284055.939978
0.153000, 81777542.510208
0.154000, 82269414.860482
0.155000, 82761287.210755
0.156000, 83251525.922792
0.157000, 83741764.634828
0.158000, 84230350.354841
0.159000, 84718936.074853
0.160000, 85205849.514311
0.161000, 85692762.953769
0.162000, 86177984.890162
0.163000, 86663206.826555
0.164000, 87146718.104152
0.165000, 87630229.381749
0.166000, 88112010.912351
0.167000, 88593792.442953
0.168000, 89073825.206650
0.169000, 89553857.970347
0.170000, 90032123.016268
0.171000, 90510388.062189
0.172000, 90986866.509250
0.173000, 91463344.956311
0.174000, 91938017.993959
0.175000, 92412691.031608
0.176000, 92885539.920567
0.177000, 93358388.809526
0.178000, 93829394.882533
0.179000, 94300400.955540
0.180000, 94769545.618085
0.181000, 95238690.280630
0.182000, 95705955.011687
0.183000, 96173219.742744
0.184000, 96638586.095506
0.185000, 97103952.448268
0.186000, 97567402.050872
0.187000, 98030851.653476
0.188000, 98492366.209729
0.189000, 98953880.765982
0.190000, 99413442.056085
0.191000, 99873003.346188
0.192000, 100330593.227454
0.193000, 100788183.108719
0.194000, 101243783.516288
0.195000, 101699383.923856
0.196000, 102152976.871410
0.197000, 102606569.818964
0.198000, 103058137.399437
0.199000, 103509704.979909
0.200000, 103959229.366194
0.201000, 104408753.752478
0.202000, 104856217.198127
0.203000, 105303680.643777
0.204000, 105749065.483710
0.205000, 106194450.323643
0.206000, 106637738.974836
0.207000, 107081027.626030
0.208000, 107522202.588216
0.209000, 107963377.550401
0.210000, 108402421.406757
0.211000, 108841465.263112
0.212000, 109278360.680947
0.213000, 109715256.098782
0.214000, 110149985.830224
0.215000, 110584715.561665
0.216000, 111017262.444338
0.217000, 111449809.327012
0.218000, 111880156.284717
0.219000, 112310503.242423
0.220000, 112738633.285811
0.221000, 113166763.329199
0.222000, 113592659.556441
0.223000, 114018555.783682
0.224000, 114442201.381135
0.225000, 114865846.978588
0.226000, 115287225.221463
0.227000, 115708603.464337
0.228000, 116127697.717354
0.229000, 116546791.970371
0.230000, 116963585.688421
0.231000, 117380379.406470
0.232000, 117794856.135264
0.233000, 118209332.864057
0.234000, 118621476.240777
0.235000, 119033619.617497
0.236000, 119443413.371442
0.237000, 119853207.125388
0.238000, 120260635.078619
0.239000, 120668063.031850
0.240000, 121073109.099822
0.241000, 121478155.167795
0.242000, 121880803.360001
0.243000, 122283451.552206
0.244000, 122683685.972799
0.245000, 123083920.393391
0.246000, 123481725.241818
0.247000, 123879530.090244
0.248000, 124274889.661866
0.249000, 124670249.233489
0.250000, 125063147.920205
0.251000, 125456046.606921
0.252000, 125846468.897781
0.253000, 126236891.188641
0.254000, 126624821.670459
0.255000, 127012752.152277
0.256000, 127398175.510239
0.257000, 127783598.868201
0.258000, 128166499.886472
0.259000, 128549400.904742
0.260000, 128929764.467063
0.261000, 129310128.029383
0.262000, 129687939.119671
0.263000, 130065750.209958
0.264000, 130440993.912897
0.265000, 130816237.615835
0.266000, 131188899.117465
0.267000, 131561560.619094
0.268000, 131931625.207397
0.269000, 132301689.795700
0.270000, 132669142.861179
0.271000, 133036595.926658
0.272000, 133401422.962916
0.273000, 133766249.999174
0.274000, 134128436.603484
0.275000, 134490623.207794
0.276000, 134850155.081671
0.277000, 135209686.955547
0.278000, 135566549.905308
0.279000, 135923412.855068
0.280000, 136277592.792396
0.281000, 136631772.729723
0.282000, 136983255.672222
0.283000, 137334738.614720
0.284000, 137683510.686466
0.285000, 138032282.758212
0.286000, 138378330.190304
0.287000, 138724377.622395
0.288000, 139067686.753494
0.289000, 139410995.884592
0.290000, 139751553.161463
0.291000, 140092110.438334
0.292000, 140429902.416382
0.293000, 140767694.394429
0.294000, 141102707.738227
0.295000, 141437721.082025
0.296000, 141769942.565843
0.297000, 142102164.049661
0.298000, 142431580.557986
0.299000, 142760997.066311
0.300000, 143087595.594367
0.301000, 143414194.122423
0.302000, 143737961.776682
0.303000, 144061729.430941
0.304000, 144382653.429633
0.305000, 144703577.428326
0.306000, 145021645.101945
0.307000, 145339712.775565
0.308000, 145654911.567368
0.309000, 145970110.359172
0.310000, 146282427.825673
0.311000, 146594745.292175
0.312000, 146904169.103641
0.313000, 147213592.915106
0.314000, 147520110.856037
0.315000, 147826628.796967
0.316000, 148130228.766583
0.317000, 148433828.736199
0.318000, 148734498.748918
0.319000, 149035168.761637
0.320000, 149332896.947545
0.321000, 149630625.133453
0.322000, 149925399.738775
0.323000, 150220174.344098
0.324000, 150511983.731663
0.325000, 150803793.119227
0.326000, 151092625.768923
0.327000, 151381458.418619
0.328000, 151667302.927852
0.329000, 151953147.437085
0.330000, 152235992.521228
0.331000, 152518837.605371
0.332000, 152798672.098208
0.333000, 153078506.591045
0.334000, 153355319.445214
0.335000, 153632132.299383
0.336000, 153905912.586811
0.337000, 154179692.874239
0.338000, 154450429.786573
0.339000, 154721166.698907
0.340000, 154988849.547942
0.341000, 155256532.396977
0.342000, 155521150.615076
0.343000, 155785768.833176
0.344000, 156047311.973690
0.345000, 156308855.114204
0.346000, 156567312.851882
0.347000, 156825770.589559
0.348000, 157081132.720955
0.349000, 157336494.852352
0.350000, 157588751.296231
0.351000, 157841007.740110
0.352000, 158090148.537844
0.353000, 158339289.335578
0.354000, 158585304.651538
0.355000, 158831319.967499
0.356000, 159074200.089446
0.357000, 159317080.211393
0.358000, 159556815.550860
0.359000, 159796550.890326
0.360000, 160033131.982995
0.361000, 160269713.075664
0.362000, 160503130.581743
0.363000, 160736548.087821
0.364000, 160966792.792409
0.365000, 161197037.496996
0.366000, 161424100.310450
0.367000, 161651163.123904
0.368000, 161875035.082196
0.369000, 162098907.040487
0.370000, 162319579.305559
0.371000, 162540251.570630
0.372000, 162757715.430741
0.373000, 162975179.290851
0.374000, 163189426.160923
0.375000, 163403673.030995
0.376000, 163614694.452951
0.377000, 163825715.874907
0.378000, 164033503.518005
0.379000, 164241291.161103
0.380000, 164445836.822265
0.381000, 164650382.483427
0.382000, 164851678.087562
0.383000, 165052973.691698
0.384000, 165251011.292023
0.385000, 165449048.892347
0.386000, 165643820.670698
0.387000, 165838592.449049
0.388000, 166030090.716190
0.389000, 166221588.983332
0.390000, 166409806.179262
0.391000, 166598023.375192
0.392000, 166782952.069438
0.393000, 166967880.763685
0.394000, 167149513.655600
0.395000, 167331146.547516
0.396000, 167509476.466565
0.397000, 167687806.385615
0.398000, 167862826.291659
0.399000, 168037846.197703
0.400000, 168209549.181275
0.401000, 168381252.164847
0.402000, 168549631.447427
0.403000, 168718010.730007
0.404000, 168883059.664289
0.405000, 169048108.598570
0.406000, 169209820.668724
0.407000, 169371532.738877
0.408000, 169529901.560804
0.409000, 169688270.382732
0.410000, 169843289.704323
0.411000, 169998309.025914
0.412000, 170149972.727289
0.413000, 170301636.428664
0.414000, 170449938.522418
0.415000, 170598240.616172
0.416000, 170743175.247610
0.417000, 170888109.879048
0.418000, 171029671.326415
0.419000, 171171232.773783
0.420000, 171309415.448494
0.421000, 171447598.123205
0.422000, 171582396.570060
0.423000, 171717195.016916
0.424000, 171848603.914321
0.425000, 171980012.811725
0.426000, 172108026.971897
0.427000, 172236041.132068
0.428000, 172360655.501242
0.429000, 172485269.870416
0.430000, 172606479.529046
0.431000, 172727689.187676
0.432000, 172845489.350627
0.433000, 172963289.513578
0.434000, 173077675.530316
0.435000, 173192061.547054
0.436000, 173303028.901829
0.437000, 173413996.256604
0.438000, 173521540.568628
0.439000, 173629084.880652
0.440000, 173733201.904275
0.441000, 173837318.927897
0.442000, 173938004.552768
0.443000, 174038690.177639
0.444000, 174135940.428875
0.445000, 174233190.680112
0.446000, 174327001.718453
0.447000, 174420812.756793
0.448000, 174511180.878751
0.449000, 174601549.000709
0.450000, 174688470.638717
0.451000, 174775392.276725
0.452000, 174858863.999276
0.453000, 174942335.721827
0.454000, 175022354.233611
0.455000, 175102372.745395
0.456000, 175178934.887430
0.457000, 175255497.029464
0.458000, 175328599.779215
0.459000, 175401702.528966
0.460000, 175471343.000473
0.461000, 175540983.471979
0.462000, 175607158.915964
0.463000, 175673334.359948
0.464000, 175736042.163925
0.465000, 175798749.967902
0.466000, 175857987.656283
0.467000, 175917225.344665
0.468000, 175972990.578855
0.469000, 176028755.813046
0.470000, 176081046.391538
0.471000, 176133336.970029
0.472000, 176182150.828486
0.473000, 176230964.686942
0.474000, 176276299.898283
0.475000, 176321635.109623
0.476000, 176363489.884096
0.477000, 176405344.658570
0.478000, 176443717.343827
0.479000, 176482090.029084
0.480000, 176516979.110242
0.481000, 176551868.191401
0.482000, 176583272.291103
0.483000, 176614676.390805
0.484000, 176642594.269276
0.485000, 176670512.147747
0.486000, 176694942.702839
0.487000, 176719373.257932
0.488000, 176740315.525173
0.489000, 176761257.792415
0.490000, 176778710.945042
0.491000, 176796164.097670
0.492000, 176810127.446666
0.493000, 176824090.795662
0.494000, 176834563.789779
0.495000, 176845036.783896
0.496000, 176852019.009679
0.497000, 176859001.235462
0.498000, 176862492.417267
0.499000, 176865983.599071
0.500000, 176865983.599071
0.501000, 176865983.599071
0.502000, 176862492.417267
0.503000, 176859001.235462
0.504000, 176852019.009679
0.505000, 176845036.783896
0.506000, 176834563.789779
0.507000, 176824090.795662
0.508000, 176810127.446666
0.509000, 176796164.097670
0.510000, 176778710.945042
0.511000, 176761257.792415
0.512000, 176740315.525173
0.513000, 176719373.257932
0.514000, 176694942.702839
0.515000, 176670512.147747
0.516000, 176642594.269276
0.517000, 176614676.390805
0.518000, 176583272.291103
0.519000, 176551868.191401
0.520000, 176516979.110242
0.521000, 176482090.029084
0.522000, 176443717.343827
0.523000, 176405344.658570
0.524000, 176363489.884096
0.525000, 176321635.109623
0.526000, 176276299.898283
0.527000, 176230964.686942
0.528000, 176182150.828486
0.529000, 176133336.970029
0.530000, 176081046.391538
0.531000, 176028755.813046
0.532000, 175972990.578855
0.533000, 175917225.344665
0.534000, 175857987.656283
0.535000, 175798749.967902
0.536000, 175736042.163925
0.537000, 175673334.359948
0.538000, 175607158.915964
0.539000, 175540983.471979
0.540000, 175471343.000473
0.541000, 175401702.528966
0.542000, 175328599.779215
0.543000, 175255497.029464
0.544000, 175178934.887430
0.545000, 175102372.745395
0.546000, 175022354.233611
0.547000, 174942335.721827
0.548000, 174858863.999276
0.549000, 174775392.276725
0.550000, 174688470.638717
0.551000, 174601549.000709
0.552000, 174511180.878751
0.553000, 174420812.756793
0.554000, 174327001.718453
0.555000, 174233190.680112
0.556000, 174135940.428875
0.557000, 174038690.177639
0.558000, 173938004.552768
0.559000, 173837318.927897
0.560000, 173733201.904275
0.561000, 173629084.880652
0.562000, 173521540.568628
0.563000, 173413996.256604
0.564000, 173303028.901829
0.565000, 173192061.547054
0.566000, 173077675.530316
0.567000, 172963289.513578
0.568000, 172845489.350627
0.569000, 172727689.187676
0.570000, 172606479.529046
0.571000, 172485269.870416
0.572000, 172360655.501242
0.573000, 172236041.132068
0.574000, 172108026.971897
0.575000, 171980012.811725
0.576000, 171848603.914321
0.577000, 171717195.016916
0.578000, 171582396.570060
0.579000, 171447598.123205
0.580000, 171309415.448494
0.581000, 171171232.773783
0.582000, 171029671.326415
0.583000, 170888109.879048
0.584000, 170743175.247610
0.585000, 170598240.616172
0.586000, 170449938.522418
0.587000, 170301636.428664
0.588000, 170149972.727289
0.589000, 169998309.025914
0.590000, 169843289.704323
0.591000, 169688270.382732
0.592000, 169529901.560804
0.593000, 169371532.738877
0.594000, 169209820.668724
0.595000, 169048108.598570
0.596000, 168883059.664289
0.597000, 168718010.730007
0.598000, 168549631.447427
0.599000, 168381252.164847
0.600000, 168209549.181275
0.601000, 168037846.197703
0.602000, 167862826.291659
0.603000, 167687806.385615
0.604000, 167509476.466565
0.605000, 167331146.547516
0.606000, 167149513.655600
0.607000, 166967880.763685
0.608000, 166782952.069438
0.609000, 166598023.375192
0.610000, 166409806.179262
0.611000, 166221588.983332
0.612000, 166030090.716190
0.613000, 165838592.449049
0.614000, 165643820.670698
0.615000, 165449048.892347
0.616000, 165251011.292023
0.617000, 165052973.691698
0.618000, 164851678.087562
0.619000, 164650382.483427
0.620000, 164445836.822265
0.621000, 164241291.161103
0.622000, 164033503.518005
0.623000, 163825715.874907
0.624000, 163614694.452951
0.625000, 163403673.030995
0.626000, 163189426.160923
0.627000, 162975179.290851
0.628000, 162757715.430741
0.629000, 162540251.570630
0.630000, 162319579.305559
0.631000, 162098907.040487
0.632000, 161875035.082196
0.633000, 161651163.123904
0.634000, 161424100.310450
0.635000, 161197037.496996
0.636000, 160966792.792409
0.637000, 160736548.087821
0.638000, 160503130.581743
0.639000, 160269713.075664
0.640000, 160033131.982995
0.641000, 159796550.890326
0.642000, 159556815.550860
0.643000, 159317080.211393
0.644000, 159074200.089446
0.645000, 158831319.967499
0.646000, 158585304.651538
0.647000, 158339289.335578
0.648000, 158090148.537844
0.649000, 157841007.740110
0.650000, 157588751.296231
0.651000, 157336494.852352
0.652000, 157081132.720955
0.653000, 156825770.589559
0.654000, 156567312.851882
0.655000, 156308855.114204
0.656000, 156047311.973690
0.657000, 155785768.833176
0.658000, 155521150.615076
0.659000, 155256532.396977
0.660000, 154988849.547942
0.661000, 154721166.698907
0.662000, 154450429.786573
0.663000, 154179692.874239
0.664000, 153905912.586811
0.665000, 153632132.299383
0.666000, 153355319.445214
0.667000, 153078506.591045
0.668000, 152798672.098208
0.669000, 152518837.605371
0.670000, 152235992.521228
0.671000, 151953147.437085
0.672000, 151667302.927852
0.673000, 151381458.418619
0.674000, 151092625.768923
0.675000, 150803793.119227
0.676000, 150511983.731663
0.677000, 150220174.344098
0.678000, 149925399.738775
0.679000, 149630625.133453
0.680000, 149332896.947545
0.681000, 149035168.761637
0.682000, 148734498.748918
0.683000, 148433828.736199
0.684000, 148130228.766583
0.685000, 147826628.796967
0.686000, 147520110.856037
0.687000, 147213592.915106
0.688000, 146904169.103641
0.689000, 146594745.292175
0.690000, 146282427.825673
0.691000, 145970110.359172
0.692000, 145654911.567368
0.693000, 145339712.775565
0.694000, 145021645.101945
0.695000, 144703577.428326
0.696000, 144382653.429633
0.697000, 144061729.430941
0.698000, 143737961.776682
0.699000, 143414194.122423
0.700000, 143087595.594367
0.701000, 142760997.066311
0.702000, 142431580.557986
0.703000, 142102164.049661
0.704000, 141769942.565843
0.705000, 141437721.082025
0.706000, 141102707.738227
0.707000, 140767694.394429
0.708000, 140429902.416382
0.709000, 140092110.438334
0.710000, 139751553.161463
0.711000, 139410995.884592
0.712000, 139067686.753494
0.713000, 138724377.622395
0.714000, 138378330.190304
0.715000, 138032282.758212
0.716000, 137683510.686466
0.717000, 137334738.614720
0.718000, 136983255.672222
0.719000, 136631772.729723
0.720000, 136277592.792396
0.721000, 135923412.855068
0.722000, 135566549.905308
0.723000, 135209686.955547
0.724000, 134850155.081671
0.725000, 134490623.207794
0.726000, 134128436.603484
0.727000, 133766249.999174
0.728000, 133401422.962916
0.729000, 133036595.926658
0.730000, 132669142.861179
0.731000, 132301689.795700
0.732000, 131931625.207397
0.733000, 131561560.619094
0.734000, 131188899.117465
0.735000, 130816237.615835
0.736000, 130440993.912897
0.737000, 130065750.209958
0.738000, 129687939.119671
0.739000, 129310128.029383
0.740000, 128929764.467063
0.741000, 128549400.904742
0.742000, 128166499.886472
0.743000, 127783598.868201
0.744000, 127398175.510239
0.745000, 127012752.152277
0.746000, 126624821.670459
0.747000, 126236891.188641
0.748000, 125846468.897781
0.749000, 125456046.606921
0.750000, 125063147.920205
0.751000, 124670249.233489
0.752000, 124274889.661866
0.753000, 123879530.090244
0.754000, 123481725.241818
0.755000, 123083920.393391
0.756000, 122683685.972799
0.757000, 122283451.552206
0.758000, 121880803.360001
0.759000, 121478155.167795
0.760000, 121073109.099822
0.761000, 120668063.031850
0.762000, 120260635.078619
0.763000, 119853207.125388
0.764000, 119443413.371442
0.765000, 119033619.617497
0.766000, 118621476.240777
0.767000, 118209332.864057
0.768000, 117794856.135264
0.769000, 117380379.406470
0.770000, 116963585.688421
0.771000, 116546791.970371
0.772000, 116127697.717354
0.773000, 115708603.464337
0.774000, 115287225.221463
0.775000, 114865846.978588
0.776000, 114442201.381135
0.777000, 114018555.783682
0.778000, 113592659.556441
0.779000, 113166763.329199
0.780000, 112738633.285811
0.781000, 112310503.242423
0.782000, 111880156.284717
0.783000, 111449809.327012
0.784000, 111017262.444338
0.785000, 110584715.561665
0.786000, 110149985.830224
0.787000, 109715256.098782
0.788000, 109278360.680947
0.789000, 108841465.263112
0.790000, 108402421.406757
0.791000, 107963377.550401
0.792000, 107522202.588216
0.793000, 107081027.626030
0.794000, 106637738.974836
0.795000, 106194450.323643
0.796000, 105749065.483710
0.797000, 105303680.643777
0.798000, 104856217.198127
0.799000, 104408753.752478
0.800000, 103959229.366194
0.801000, 103509704.979909
0.802000, 103058137.399437
0.803000, 102606569.818964
0.804000, 102152976.871410
0.805000, 101699383.923856
0.806000, 101243783.516288
0.807000, 100788183.108719
0.808000, 100330593.227454
0.809000, 99873003.346188
0.810000, 99413442.056085
0.811000, 98953880.765982
0.812000, 98492366.209729
0.813000, 98030851.653476
0.814000, 97567402.050872
0.815000, 97103952.448268
0.816000, 96638586.095506
0.817000, 96173219.742744
0.818000, 95705955.011687
0.819000, 95238690.280630
0.820000, 94769545.618085
0.821000, 94300400.955540
0.822000, 93829394.882533
0.823000, 93358388.809526
0.824000, 92885539.920567
0.825000, 92412691.031608
0.826000, 91938017.993959
0.827000, 91463344.956311
0.828000, 90986866.509250
0.829000, 90510388.062189
0.830000, 90032123.016268
0.831000, 89553857.970347
0.832000, 89073825.206650
0.833000, 88593792.442953
0.834000, 88112010.912351
0.835000, 87630229.381749
0.836000, 87146718.104152
0.837000, 86663206.826555
0.838000, 86177984.890162
0.839000, 85692762.953769
0.840000, 85205849.514311
0.841000, 84718936.074853
0.842000, 84230350.354841
0.843000, 83741764.634828
0.844000, 83251525.922792
0.845000, 82761287.210755
0.846000, 82269414.860482
0.847000, 81777542.510208
0.848000, 81284055.939978
0.849000, 80790569.369748
0.850000, 80295488.061571
0.851000, 79800406.753393
0.852000, 79303750.252234
0.853000, 78807093.751074
0.854000, 78308881.664086
0.855000, 77810669.577097
0.856000, 77310921.572844
0.857000, 76811173.568591
0.858000, 76309909.376274
0.859000, 75808645.183957
0.860000, 75305884.592634
0.861000, 74803124.001311
0.862000, 74298886.859115
0.863000, 73794649.716920
0.864000, 73288955.930276
0.865000, 72783262.143633
0.866000, 72276131.676475
0.867000, 71769001.209316
0.868000, 71260454.082291
0.869000, 70751906.955267
0.870000, 70241963.244954
0.871000, 69732019.534641
0.872000, 69220699.372753
0.873000, 68709379.210865
0.874000, 68196702.783455
0.875000, 67684026.356045
0.876000, 67170013.902709
0.877000, 66656001.449373
0.878000, 66140673.262453
0.879000, 65625345.075532
0.880000, 65108721.499312
0.881000, 64592097.923091
0.882000, 64074199.352995
0.883000, 63556300.782899
0.884000, 63037147.664686
0.885000, 62517994.546474
0.886000, 61997607.375433
0.887000, 61477220.204391
0.888000, 60955619.524527
0.889000, 60434018.844664
0.890000, 59911225.247891
0.891000, 59388431.651118
0.892000, 58864465.776444
0.893000, 58340499.901771
0.894000, 57815382.434485
0.895000, 57290264.967199
0.896000, 56764016.638053
0.897000, 56237768.308906
0.898000, 55710409.893296
0.899000, 55183051.477685
0.900000, 54654603.794831
0.901000, 54126156.111978
0.902000, 53596640.024105
0.903000, 53067123.936233
0.904000, 52536560.347744
0.905000, 52005996.759256
0.906000, 51474406.615909
0.907000, 50942816.472562
0.908000, 50410220.760640
0.909000, 49877625.048718
0.910000, 49344044.794203
0.911000, 48810464.539689
0.912000, 48275920.807433
0.913000, 47741377.075178
0.914000, 47205890.968068
0.915000, 46670404.860959
0.916000, 46133997.519087
0.917000, 45597590.177215
0.918000, 45060282.777041
0.919000, 44522975.376868
0.920000, 43984789.130386
0.921000, 43446602.883904
0.922000, 42907559.037803
0.923000, 42368515.191702
0.924000, 41828635.026527
0.925000, 41288754.861353
0.926000, 40748059.690669
0.927000, 40207364.519985
0.928000, 39665875.689529
0.929000, 39124386.859072
0.930000, 38582125.745915
0.931000, 38039864.632757
0.932000, 37496852.644458
0.933000, 36953840.656159
0.934000, 36410099.229921
0.935000, 35866357.803683
0.936000, 35321908.405506
0.937000, 34777459.007330
0.938000, 34232323.131165
0.939000, 33687187.255000
0.940000, 33141386.421898
0.941000, 32595585.588795
0.942000, 32049141.346059
0.943000, 31502697.103322
0.944000, 30955631.023655
0.945000, 30408564.943988
0.946000, 29860898.624644
0.947000, 29313232.305299
0.948000, 28764987.367227
0.949000, 28216742.429155
0.950000, 27667940.516148
0.951000, 27119138.603141
0.952000, 26569801.380981
0.953000, 26020464.158820
0.954000, 25470613.314422
0.955000, 24920762.470023
0.956000, 24370419.710577
0.957000, 23820076.951132
0.958000, 23269264.003252
0.959000, 22718451.055372
0.960000, 22167189.664233
0.961000, 21615928.273093
0.962000, 21064240.201571
0.963000, 20512552.130050
0.964000, 19960459.157870
0.965000, 19408366.185690
0.966000, 18855890.108560
0.967000, 18303414.031430
0.968000, 17750576.660182
0.969000, 17197739.288934
0.970000, 16644562.448665
0.971000, 16091385.608395
0.972000, 15537891.137602
0.973000, 14984396.666809
0.974000, 14430606.416530
0.975000, 13876816.166250
0.976000, 13322751.999199
0.977000, 12768687.832147
0.978000, 12214371.621852
0.979000, 11660055.411557
0.980000, 11105509.041497
0.981000, 10550962.671437
0.982000, 9996208.034177
0.983000, 9441453.396918
0.984000, 8886512.393245
0.985000, 8331571.389572
0.986000, 7776465.927632
0.987000, 7221360.465691
0.988000, 6666112.460119
0.989000, 6110864.454548
0.990000, 5555495.825610
0.991000, 5000127.196673
0.992000, 4444659.869396
0.993000, 3889192.542119
0.994000, 3333648.445425
0.995000, 2778104.348732
0.996000, 2222505.414577
0.997000, 1666906.480421
0.998000, 1111274.642923
0.999000, 555642.805424
1.000000, 0.000000
