0.000000, 0.000000
0.001000, 555.098928
0.002000, 1110.186899
0.003000, 1665.274870
0.004000, 2220.329970
0.005000, 2775.385070
0.006000, 3330.385386
0.007000, 3885.385702
0.008000, 4440.309324
0.009000, 4995.232946
0.010000, 5550.057966
0.011000, 6104.882986
0.012000, 6659.587501
0.013000, 7214.292017
0.014000, 7768.854128
0.015000, 8323.416239
0.016000, 8877.814053
0.017000, 9432.211867
0.018000, 9986.423497
0.019000, 10540.635128
0.020000, 11094.638695
0.021000, 11648.642262
0.022000, 12202.415895
0.023000, 12756.189528
0.024000, 13309.711365
0.025000, 13863.233201
0.026000, 14416.481390
0.027000, 14969.729578
0.028000, 15522.682277
0.029000, 16075.634975
0.030000, 16628.270355
0.031000, 17180.905734
0.032000, 17733.201977
0.033000, 18285.498220
0.034000, 18837.433523
0.035000, 19389.368826
0.036000, 19940.921399
0.037000, 20492.473973
0.038000, 21043.622042
0.039000, 21594.770112
0.040000, 22145.491919
0.041000, 22696.213726
0.042000, 23246.487530
0.043000, 23796.761333
0.044000, 24346.565409
0.045000, 24896.369485
0.046000, 25445.682128
0.047000, 25994.994770
0.048000, 26543.794294
0.049000, 27092.593818
0.050000, 27640.858557
0.051000, 28189.123296
0.052000, 28736.831606
0.053000, 29284.539916
0.054000, 29831.670174
0.055000, 30378.800433
0.056000, 30925.331039
0.057000, 31471.861646
0.058000, 32017.771025
0.059000, 32563.680404
0.060000, 33108.947004
0.061000, 33654.213604
0.062000, 34198.815899
0.063000, 34743.418194
0.064000, 35287.334683
0.065000, 35831.251172
0.066000, 36374.460383
0.067000, 36917.669594
0.068000, 37460.150082
0.069000, 38002.630570
0.070000, 38544.360918
0.071000, 39086.091267
0.072000, 39627.050089
0.073000, 40168.008912
0.074000, 40708.174852
0.075000, 41248.340793
0.076000, 41787.692526
0.077000, 42327.044260
0.078000, 42865.560493
0.079000, 43404.076727
0.080000, 43941.736202
0.081000, 44479.395676
0.082000, 45016.177166
0.083000, 45552.958655
0.084000, 46088.840968
0.085000, 46624.723281
0.086000, 47159.685262
0.087000, 47694.647243
0.088000, 48228.667772
0.089000, 48762.688301
0.090000, 49295.746297
0.091000, 49828.804292
0.092000, 50360.878710
0.093000, 50892.953128
0.094000, 51424.022962
0.095000, 51955.092796
0.096000, 52485.137082
0.097000, 53015.181367
0.098000, 53544.179178
0.099000, 54073.176989
0.100000, 54601.107442
0.101000, 55129.037894
0.102000, 55655.880147
0.103000, 56182.722400
0.104000, 56708.455654
0.105000, 57234.188908
0.106000, 57758.792408
0.107000, 58283.395908
0.108000, 58806.848943
0.109000, 59330.301979
0.110000, 59852.583885
0.111000, 60374.865792
0.112000, 60895.955950
0.113000, 61417.046108
0.114000, 61936.923946
0.115000, 62456.801785
0.116000, 62975.446779
0.117000, 63494.091773
0.118000, 64011.483449
0.119000, 64528.875124
0.120000, 65044.993055
0.121000, 65561.110986
0.122000, 66075.934796
0.123000, 66590.758607
0.124000, 67104.267973
0.125000, 67617.777339
0.126000, 68129.951987
0.127000, 68642.126636
0.128000, 69152.946348
0.129000, 69663.766061
0.130000, 70173.210669
0.131000, 70682.655278
0.132000, 71190.704672
0.133000, 71698.754066
0.134000, 72205.388188
0.135000, 72712.022310
0.136000, 73217.221159
0.137000, 73722.420008
0.138000, 74226.163639
0.139000, 74729.907270
0.140000, 75232.175797
0.141000, 75734.444324
0.142000, 76235.217918
0.143000, 76735.991512
0.144000, 77235.250403
0.145000, 77734.509294
0.146000, 78232.233772
0.147000, 78729.958251
0.148000, 79226.128667
0.149000, 79722.299084
0.150000, 80216.895850
0.151000, 80711.492617
0.152000, 81204.496207
0.153000, 81697.499798
0.154000, 82188.890750
0.155000, 82680.281702
0.156000, 83170.040616
0.157000, 83659.799530
0.158000, 84147.907072
0.159000, 84636.014613
0.160000, 85122.451512
0.161000, 85608.888411
0.162000, 86093.635463
0.163000, 86578.382516
0.164000, 87061.420585
0.165000, 87544.458655
0.166000, 88025.768671
0.167000, 88507.078688
0.168000, 88986.641651
0.169000, 89466.204614
0.170000, 89944.001591
0.171000, 90421.798567
0.172000, 90897.810695
0.173000, 91373.822822
0.174000, 91848.031309
0.175000, 92322.239796
0.176000, 92794.625920
0.177000, 93267.012045
0.178000, 93737.557159
0.179000, 94208.102273
0.180000, 94676.787799
0.181000, 95145.473325
0.182000, 95612.280762
0.183000, 96079.088198
0.184000, 96543.999115
0.185000, 97008.910032
0.186000, 97471.906077
0.187000, 97934.902121
0.188000, 98395.965015
0.189000, 98857.027908
0.190000, 99316.139448
0.191000, 99775.250988
0.192000, 100232.393051
0.193000, 100689.535113
0.194000, 101144.689650
0.195000, 101599.844187
0.196000, 102052.993230
0.197000, 102506.142273
0.198000, 102957.267932
0.199000, 103408.393592
0.200000, 103857.478058
0.201000, 104306.562525
0.202000, 104753.588069
0.203000, 105200.613613
0.204000, 105645.562587
0.205000, 106090.511561
0.206000, 106533.366400
0.207000, 106976.221238
0.208000, 107416.964457
0.209000, 107857.707676
0.210000, 108296.321877
0.211000, 108734.936077
0.212000, 109171.403943
0.213000, 109607.871809
0.214000, 110042.176109
0.215000, 110476.480409
0.216000, 110908.603999
0.217000, 111340.727588
0.218000, 111770.653406
0.219000, 112200.579225
0.220000, 112628.290300
0.221000, 113056.001375
0.222000, 113481.480822
0.223000, 113906.960268
0.224000, 114330.191289
0.225000, 114753.422309
0.226000, 115174.388196
0.227000, 115595.354082
0.228000, 116014.038215
0.229000, 116432.722348
0.230000, 116849.108198
0.231000, 117265.494049
0.232000, 117679.565179
0.233000, 118093.636310
0.234000, 118505.376373
0.235000, 118917.116436
0.236000, 119326.509177
0.237000, 119735.901917
0.238000, 120142.931174
0.239000, 120549.960431
0.240000, 120954.610135
0.241000, 121359.259838
0.242000, 121761.514014
0.243000, 122163.768190
0.244000, 122563.610958
0.245000, 122963.453725
0.246000, 123360.869300
0.247000, 123758.284874
0.248000, 124153.257566
0.249000, 124548.230257
0.250000, 124940.744474
0.251000, 125333.258690
0.252000, 125723.298935
0.253000, 126113.339180
0.254000, 126500.890056
0.255000, 126888.440931
0.256000, 127273.487138
0.257000, 127658.533345
0.258000, 128041.059681
0.259000, 128423.586017
0.260000, 128803.577382
0.261000, 129183.568747
0.262000, 129561.010138
0.263000, 129938.451530
0.264000, 130313.328048
0.265000, 130688.204566
0.266000, 131060.501411
0.267000, 131432.798255
0.268000, 131802.500729
0.269000, 132172.203203
0.270000, 132539.296710
0.271000, 132906.390218
0.272000, 133270.860267
0.273000, 133635.330316
0.274000, 133997.162519
0.275000, 134358.994721
0.276000, 134718.174791
0.277000, 135077.354862
0.278000, 135433.868621
0.279000, 135790.382381
0.280000, 136144.215754
0.281000, 136498.049128
0.282000, 136849.188147
0.283000, 137200.327165
0.284000, 137548.757967
0.285000, 137897.188769
0.286000, 138242.897598
0.287000, 138588.606428
0.288000, 138931.579637
0.289000, 139274.552846
0.290000, 139614.776894
0.291000, 139955.000943
0.292000, 140292.462399
0.293000, 140629.923856
0.294000, 140964.609398
0.295000, 141299.294941
0.296000, 141631.191356
0.297000, 141963.087771
0.298000, 142292.181956
0.299000, 142621.276142
0.300000, 142947.555105
0.301000, 143273.834069
0.302000, 143597.284929
0.303000, 143920.735790
0.304000, 144241.345779
0.305000, 144561.955767
0.306000, 144879.712227
0.307000, 145197.468686
0.308000, 145512.359072
0.309000, 145827.249457
0.310000, 146139.261338
0.311000, 146451.273218
0.312000, 146760.394276
0.313000, 147069.515334
0.314000, 147375.733365
0.315000, 147681.951397
0.316000, 147985.254313
0.317000, 148288.557229
0.318000, 148588.933056
0.319000, 148889.308883
0.320000, 149186.745763
0.321000, 149484.182642
0.322000, 149778.668832
0.323000, 150073.155022
0.324000, 150364.678896
0.325000, 150656.202770
0.326000, 150944.752820
0.327000, 151233.302870
0.328000, 151518.867703
0.329000, 151804.432537
0.330000, 152087.000881
0.331000, 152369.569226
0.332000, 152649.129925
0.333000, 152928.690624
0.334000, 153205.232642
0.335000, 153481.774660
0.336000, 153755.287080
0.337000, 154028.799499
0.338000, 154299.271521
0.339000, 154569.743544
0.340000, 154837.164492
0.341000, 155104.585440
0.342000, 155368.944756
0.343000, 155633.304073
0.344000, 155894.591321
0.345000, 156155.878569
0.346000, 156414.083434
0.347000, 156672.288299
0.348000, 156927.400587
0.349000, 157182.512875
0.350000, 157434.522515
0.351000, 157686.532154
0.352000, 157935.429197
0.353000, 158184.326240
0.354000, 158430.100859
0.355000, 158675.875479
0.356000, 158918.517972
0.357000, 159161.160466
0.358000, 159400.661254
0.359000, 159640.162043
0.360000, 159876.511671
0.361000, 160112.861299
0.362000, 160346.050437
0.363000, 160579.239574
0.364000, 160809.259015
0.365000, 161039.278456
0.366000, 161266.119119
0.367000, 161492.959783
0.368000, 161716.612713
0.369000, 161940.265644
0.370000, 162160.722012
0.371000, 162381.178381
0.372000, 162598.429484
0.373000, 162815.680587
0.374000, 163029.717847
0.375000, 163243.755108
0.376000, 163454.570077
0.377000, 163665.385046
0.378000, 163872.969400
0.379000, 164080.553754
0.380000, 164284.899299
0.381000, 164489.244844
0.382000, 164690.343511
0.383000, 164891.442179
0.384000, 165089.286031
0.385000, 165287.129883
0.386000, 165481.711108
0.387000, 165676.292334
0.388000, 165867.603251
0.389000, 166058.914168
0.390000, 166246.947225
0.391000, 166434.980281
0.392000, 166619.728053
0.393000, 166804.475826
0.394000, 166985.931021
0.395000, 167167.386216
0.396000, 167345.541669
0.397000, 167523.697123
0.398000, 167698.545803
0.399000, 167873.394482
0.400000, 168044.929484
0.401000, 168216.464487
0.402000, 168384.679040
0.403000, 168552.893593
0.404000, 168717.781057
0.405000, 168882.668520
0.406000, 169044.222385
0.407000, 169205.776249
0.408000, 169363.990136
0.409000, 169522.204023
0.410000, 169677.071687
0.411000, 169831.939351
0.412000, 169983.454678
0.413000, 170134.970005
0.414000, 170283.127013
0.415000, 170431.284021
0.416000, 170576.076862
0.417000, 170720.869702
0.418000, 170862.292659
0.419000, 171003.715616
0.420000, 171141.763105
0.421000, 171279.810595
0.422000, 171414.477168
0.423000, 171549.143741
0.424000, 171680.424081
0.425000, 171811.704421
0.426000, 171939.593344
0.427000, 172067.482268
0.428000, 172191.974727
0.429000, 172316.467186
0.430000, 172437.558266
0.431000, 172558.649345
0.432000, 172676.334265
0.433000, 172794.019184
0.434000, 172908.293298
0.435000, 173022.567411
0.436000, 173133.426207
0.437000, 173244.285003
0.438000, 173351.724105
0.439000, 173459.163208
0.440000, 173563.178375
0.441000, 173667.193541
0.442000, 173767.780667
0.443000, 173868.367792
0.444000, 173965.522904
0.445000, 174062.678017
0.446000, 174156.397281
0.447000, 174250.116545
0.448000, 174340.396261
0.449000, 174430.675977
0.450000, 174517.512581
0.451000, 174604.349185
0.452000, 174687.739248
0.453000, 174771.129312
0.454000, 174851.069543
0.455000, 174931.009774
0.456000, 175007.497017
0.457000, 175083.984259
0.458000, 175157.015494
0.459000, 175230.046729
0.460000, 175299.619072
0.461000, 175369.191416
0.462000, 175435.302122
0.463000, 175501.412828
0.464000, 175564.059286
0.465000, 175626.705744
0.466000, 175685.885482
0.467000, 175745.065219
0.468000, 175800.775900
0.469000, 175856.486580
0.470000, 175908.726004
0.471000, 175960.965428
0.472000, 176009.731533
0.473000, 176058.497638
0.474000, 176103.788499
0.475000, 176149.079360
0.476000, 176190.893189
0.477000, 176232.707018
0.478000, 176271.042164
0.479000, 176309.377310
0.480000, 176344.232260
0.481000, 176379.087210
0.482000, 176410.460588
0.483000, 176441.833966
0.484000, 176469.724533
0.485000, 176497.615101
0.486000, 176522.021756
0.487000, 176546.428411
0.488000, 176567.350191
0.489000, 176588.271971
0.490000, 176605.708050
0.491000, 176623.144129
0.492000, 176637.093818
0.493000, 176651.043507
0.494000, 176661.506255
0.495000, 176671.969004
0.496000, 176678.944399
0.497000, 176685.919795
0.498000, 176689.407561
0.499000, 176692.895328
0.500000, 176692.895328
0.501000, 176692.895328
0.502000, 176689.407561
0.503000, 176685.919795
0.504000, 176678.944399
0.505000, 176671.969004
0.506000, 176661.506255
0.507000, 176651.043507
0.508000, 176637.093818
0.509000, 176623.144129
0.510000, 176605.708050
0.511000, 176588.271971
0.512000, 176567.350191
0.513000, 176546.428411
0.514000, 176522.021756
0.515000, 176497.615101
0.516000, 176469.724533
0.517000, 176441.833966
0.518000, 176410.460588
0.519000, 176379.087210
0.520000, 176344.232260
0.521000, 176309.377310
0.522000, 176271.042164
0.523000, 176232.707018
0.524000, 176190.893189
0.525000, 176149.079360
0.526000, 176103.788499
0.527000, 176058.497638
0.528000, 176009.731533
0.529000, 175960.965428
0.530000, 175908.726004
0.531000, 175856.486580
0.532000, 175800.775900
0.533000, 175745.065219
0.534000, 175685.885482
0.535000, 175626.705744
0.536000, 175564.059286
0.537000, 175501.412828
0.538000, 175435.302122
0.539000, 175369.191416
0.540000, 175299.619072
0.541000, 175230.046729
0.542000, 175157.015494
0.543000, 175083.984259
0.544000, 175007.497017
0.545000, 174931.009774
0.546000, 174851.069543
0.547000, 174771.129312
0.548000, 174687.739248
0.549000, 174604.349185
0.550000, 174517.512581
0.551000, 174430.675977
0.552000, 174340.396261
0.553000, 174250.116545
0.554000, 174156.397281
0.555000, 174062.678017
0.556000, 173965.522904
0.557000, 173868.367792
0.558000, 173767.780667
0.559000, 173667.193541
0.560000, 173563.178375
0.561000, 173459.163208
0.562000, 173351.724105
0.563000, 173244.285003
0.564000, 173133.426207
0.565000, 173022.567411
0.566000, 172908.293298
0.567000, 172794.019184
0.568000, 172676.334265
0.569000, 172558.649345
0.570000, 172437.558266
0.571000, 172316.467186
0.572000, 172191.974727
0.573000, 172067.482268
0.574000, 171939.593344
0.575000, 171811.704421
0.576000, 171680.424081
0.577000, 171549.143741
0.578000, 171414.477168
0.579000, 171279.810595
0.580000, 171141.763105
0.581000, 171003.715616
0.582000, 170862.292659
0.583000, 170720.869702
0.584000, 170576.076862
0.585000, 170431.284021
0.586000, 170283.127013
0.587000, 170134.970005
0.588000, 169983.454678
0.589000, 169831.939351
0.590000, 169677.071687
0.591000, 169522.204023
0.592000, 169363.990136
0.593000, 169205.776249
0.594000, 169044.222385
0.595000, 168882.668520
0.596000, 168717.781057
0.597000, 168552.893593
0.598000, 168384.679040
0.599000, 168216.464487
0.600000, 168044.929484
0.601000, 167873.394482
0.602000, 167698.545803
0.603000, 167523.697123
0.604000, 167345.541669
0.605000, 167167.386216
0.606000, 166985.931021
0.607000, 166804.475826
0.608000, 166619.728053
0.609000, 166434.980281
0.610000, 166246.947225
0.611000, 166058.914168
0.612000, 165867.603251
0.613000, 165676.292334
0.614000, 165481.711108
0.615000, 165287.129883
0.616000, 165089.286031
0.617000, 164891.442179
0.618000, 164690.343511
0.619000, 164489.244844
0.620000, 164284.899299
0.621000, 164080.553754
0.622000, 163872.969400
0.623000, 163665.385046
0.624000, 163454.570077
0.625000, 163243.755108
0.626000, 163029.717847
0.627000, 162815.680587
0.628000, 162598.429484
0.629000, 162381.178381
0.630000, 162160.722012
0.631000, 161940.265644
0.632000, 161716.612713
0.633000, 161492.959783
0.634000, 161266.119119
0.635000, 161039.278456
0.636000, 160809.259015
0.637000, 160579.239574
0.638000, 160346.050437
0.639000, 160112.861299
0.640000, 159876.511671
0.641000, 159640.162043
0.642000, 159400.661254
0.643000, 159161.160466
0.644000, 158918.517972
0.645000, 158675.875479
0.646000, 158430.100859
0.647000, 158184.326240
0.648000, 157935.429197
0.649000, 157686.532154
0.650000, 157434.522515
0.651000, 157182.512875
0.652000, 156927.400587
0.653000, 156672.288299
0.654000, 156414.083434
0.655000, 156155.878569
0.656000, 155894.591321
0.657000, 155633.304073
0.658000, 155368.944756
0.659000, 155104.585440
0.660000, 154837.164492
0.661000, 154569.743544
0.662000, 154299.271521
0.663000, 154028.799499
0.664000, 153755.287080
0.665000, 153481.774660
0.666000, 153205.232642
0.667000, 152928.690624
0.668000, 152649.129925
0.669000, 152369.569226
0.670000, 152087.000881
0.671000, 151804.432537
0.672000, 151518.867703
0.673000, 151233.302870
0.674000, 150944.752820
0.675000, 150656.202770
0.676000, 150364.678896
0.677000, 150073.155022
0.678000, 149778.668832
0.679000, 149484.182642
0.680000, 149186.745763
0.681000, 148889.308883
0.682000, 148588.933056
0.683000, 148288.557229
0.684000, 147985.254313
0.685000, 147681.951397
0.686000, 147375.733365
0.687000, 147069.515334
0.688000, 146760.394276
0.689000, 146451.273218
0.690000, 146139.261338
0.691000, 145827.249457
0.692000, 145512.359072
0.693000, 145197.468686
0.694000, 144879.712227
0.695000, 144561.955767
0.696000, 144241.345779
0.697000, 143920.735790
0.698000, 143597.284929
0.699000, 143273.834069
0.700000, 142947.555105
0.701000, 142621.276142
0.702000, 142292.181956
0.703000, 141963.087771
0.704000, 141631.191356
0.705000, 141299.294941
0.706000, 140964.609398
0.707000, 140629.923856
0.708000, 140292.462399
0.709000, 139955.000943
0.710000, 139614.776894
0.711000, 139274.552846
0.712000, 138931.579637
0.713000, 138588.606428
0.714000, 138242.897598
0.715000, 137897.188769
0.716000, 137548.757967
0.717000, 137200.327165
0.718000, 136849.188147
0.719000, 136498.049128
0.720000, 136144.215754
0.721000, 135790.382381
0.722000, 135433.868621
0.723000, 135077.354862
0.724000, 134718.174791
0.725000, 134358.994721
0.726000, 133997.162519
0.727000, 133635.330316
0.728000, 133270.860267
0.729000, 132906.390218
0.730000, 132539.296710
0.731000, 132172.203203
0.732000, 131802.500729
0.733000, 131432.798255
0.734000, 131060.501411
0.735000, 130688.204566
0.736000, 130313.328048
0.737000, 129938.451530
0.738000, 129561.010138
0.739000, 129183.568747
0.740000, 128803.577382
0.741000, 128423.586017
0.742000, 128041.059681
0.743000, 127658.533345
0.744000, 127273.487138
0.745000, 126888.440931
0.746000, 126500.890056
0.747000, 126113.339180
0.748000, 125723.298935
0.749000, 125333.258690
0.750000, 124940.744474
0.751000, 124548.230257
0.752000, 124153.257566
0.753000, 123758.284874
0.754000, 123360.869300
0.755000, 122963.453725
0.756000, 122563.610958
0.757000, 122163.768190
0.758000, 121761.514014
0.759000, 121359.259838
0.760000, 120954.610135
0.761000, 120549.960431
0.762000, 120142.931174
0.763000, 119735.901917
0.764000, 119326.509177
0.765000, 118917.116436
0.766000, 118505.376373
0.767000, 118093.636310
0.768000, 117679.565179
0.769000, 117265.494049
0.770000, 116849.108198
0.771000, 116432.722348
0.772000, 116014.038215
0.773000, 115595.354082
0.774000, 115174.388196
0.775000, 114753.422309
0.776000, 114330.191289
0.777000, 113906.960268
0.778000, 113481.480822
0.779000, 113056.001375
0.780000, 112628.290300
0.781000, 112200.579225
0.782000, 111770.653406
0.783000, 111340.727588
0.784000, 110908.603999
0.785000, 110476.480409
0.786000, 110042.176109
0.787000, 109607.871809
0.788000, 109171.403943
0.789000, 108734.936077
0.790000, 108296.321877
0.791000, 107857.707676
0.792000, 107416.964457
0.793000, 106976.221238
0.794000, 106533.366400
0.795000, 106090.511561
0.796000, 105645.562587
0.797000, 105200.613613
0.798000, 104753.588069
0.799000, 104306.562525
0.800000, 103857.478058
0.801000, 103408.393592
0.802000, 102957.267932
0.803000, 102506.142273
0.804000, 102052.993230
0.805000, 101599.844187
0.806000, 101144.689650
0.807000, 100689.535113
0.808000, 100232.393051
0.809000, 99775.250988
0.810000, 99316.139448
0.811000, 98857.027908
0.812000, 98395.965015
0.813000, 97934.902121
0.814000, 97471.906077
0.815000, 97008.910032
0.816000, 96543.999115
0.817000, 96079.088198
0.818000, 95612.280762
0.819000, 95145.473325
0.820000, 94676.787799
0.821000, 94208.102273
0.822000, 93737.557159
0.823000, 93267.012045
0.824000, 92794.625920
0.825000, 92322.239796
0.826000, 91848.031309
0.827000, 91373.822822
0.828000, 90897.810695
0.829000, 90421.798567
0.830000, 89944.001591
0.831000, 89466.204614
0.832000, 88986.641651
0.833000, 88507.078688
0.834000, 88025.768671
0.835000, 87544.458655
0.836000, 87061.420585
0.837000, 86578.382516
0.838000, 86093.635463
0.839000, 85608.888411
0.840000, 85122.451512
0.841000, 84636.014613
0.842000, 84147.907072
0.843000, 83659.799530
0.844000, 83170.040616
0.845000, 82680.281702
0.846000, 82188.890750
0.847000, 81697.499798
0.848000, 81204.496207
0.849000, 80711.492617
0.850000, 80216.895850
0.851000, 79722.299084
0.852000, 79226.128667
0.853000, 78729.958251
0.854000, 78232.233772
0.855000, 77734.509294
0.856000, 77235.250403
0.857000, 76735.991512
0.858000, 76235.217918
0.859000, 75734.444324
0.860000, 75232.175797
0.861000, 74729.907270
0.862000, 74226.163639
0.863000, 73722.420008
0.864000, 73217.221159
0.865000, 72712.022310
0.866000, 72205.388188
0.867000, 71698.754066
0.868000, 71190.704672
0.869000, 70682.655278
0.870000, 70173.210669
0.871000, 69663.766061
0.872000, 69152.946348
0.873000, 68642.126636
0.874000, 68129.951987
0.875000, 67617.777339
0.876000, 67104.267973
0.877000, 66590.758607
0.878000, 66075.934796
0.879000, 65561.110986
0.880000, 65044.993055
0.881000, 64528.875124
0.882000, 64011.483449
0.883000, 63494.091773
0.884000, 62975.446779
0.885000, 62456.801785
0.886000, 61936.923946
0.887000, 61417.046108
0.888000, 60895.955950
0.889000, 60374.865792
0.890000, 59852.583885
0.891000, 59330.301979
0.892000, 58806.848943
0.893000, 58283.395908
0.894000, 57758.792408
0.895000, 57234.188908
0.896000, 56708.455654
0.897000, 56182.722400
0.898000, 55655.880147
0.899000, 55129.037894
0.900000, 54601.107442
0.901000, 54073.176989
0.902000, 53544.179178
0.903000, 53015.181367
0.904000, 52485.137082
0.905000, 51955.092796
0.906000, 51424.022962
0.907000, 50892.953128
0.908000, 50360.878710
0.909000, 49828.804292
0.910000, 49295.746297
0.911000, 48762.688301
0.912000, 48228.667772
0.913000, 47694.647243
0.914000, 47159.685262
0.915000, 46624.723281
0.916000, 46088.840968
0.917000, 45552.958655
0.918000, 45016.177166
0.919000, 44479.395676
0.920000, 43941.736202
0.921000, 43404.076727
0.922000, 42865.560493
0.923000, 42327.044260
0.924000, 41787.692526
0.925000, 41248.340793
0.926000, 40708.174852
0.927000, 40168.008912
0.928000, 39627.050089
0.929000, 39086.091267
0.930000, 38544.360918
0.931000, 38002.630570
0.932000, 37460.150082
0.933000, 36917.669594
0.934000, 36374.460383
0.935000, 35831.251172
0.936000, 35287.334683
0.937000, 34743.418194
0.938000, 34198.815899
0.939000, 33654.213604
0.940000, 33108.947004
0.941000, 32563.680404
0.942000, 32017.771025
0.943000, 31471.861646
0.944000, 30925.331039
0.945000, 30378.800433
0.946000, 29831.670174
0.947000, 29284.539916
0.948000, 28736.831606
0.949000, 28189.123296
0.950000, 27640.858557
0.951000, 27092.593818
0.952000, 26543.794294
0.953000, 25994.994770
0.954000, 25445.682128
0.955000, 24896.369485
0.956000, 24346.565409
0.957000, 23796.761333
0.958000, 23246.487530
0.959000, 22696.213726
0.960000, 22145.491919
0.961000, 21594.770112
0.962000, 21043.622042
0.963000, 20492.473973
0.964000, 19940.921399
0.965000, 19389.368826
0.966000, 18837.433523
0.967000, 18285.498220
0.968000, 17733.201977
0.969000, 17180.905734
0.970000, 16628.270355
0.971000, 16075.634975
0.972000, 15522.682277
0.973000, 14969.729578
0.974000, 14416.481390
0.975000, 13863.233201
0.976000, 13309.711365
0.977000, 12756.189528
0.978000, 12202.415895
0.979000, 11648.642262
0.980000, 11094.638695
0.981000, 10540.635128
0.982000, 9986.423497
0.983000, 9432.211867
0.984000, 8877.814053
0.985000, 8323.416239
0.986000, 7768.854128
0.987000, 7214.292017
0.988000, 6659.587501
0.989000, 6104.882986
0.990000, 5550.057966
0.991000, 4995.232946
0.992000, 4440.309324
0.993000, 3885.385702
0.994000, 3330.385386
0.995000, 2775.385070
0.996000, 2220.329970
0.997000, 1665.274870
0.998000, 1110.186899
0.999000, 555.098928
1.000000, 0.000000
