0.000000, 0.000000
0.001000, 2.208158
0.002000, 4.416273
0.003000, 6.624388
0.004000, 8.832371
0.005000, 11.040355
0.006000, 13.248121
0.007000, 15.455887
0.008000, 17.663348
0.009000, 19.870809
0.010000, 22.077878
0.011000, 24.284946
0.012000, 26.491536
0.013000, 28.698125
0.014000, 30.904148
0.015000, 33.110170
0.016000, 35.315540
0.017000, 37.520909
0.018000, 39.725538
0.019000, 41.930166
0.020000, 44.133967
0.021000, 46.337768
0.022000, 48.540654
0.023000, 50.743541
0.024000, 52.945425
0.025000, 55.147310
0.026000, 57.348106
0.027000, 59.548902
0.028000, 61.748523
0.029000, 63.948143
0.030000, 66.146502
0.031000, 68.344860
0.032000, 70.541869
0.033000, 72.738879
0.034000, 74.934452
0.035000, 77.130025
0.036000, 79.324076
0.037000, 81.518127
0.038000, 83.710569
0.039000, 85.903011
0.040000, 88.093758
0.041000, 90.284504
0.042000, 92.473468
0.043000, 94.662432
0.044000, 96.849528
0.045000, 99.036623
0.046000, 101.221764
0.047000, 103.406904
0.048000, 105.590004
0.049000, 107.773103
0.050000, 109.954076
0.051000, 112.135048
0.052000, 114.313806
0.053000, 116.492565
0.054000, 118.669024
0.055000, 120.845484
0.056000, 123.019557
0.057000, 125.193631
0.058000, 127.365234
0.059000, 129.536836
0.060000, 131.705882
0.061000, 133.874928
0.062000, 136.041331
0.063000, 138.207734
0.064000, 140.371409
0.065000, 142.535084
0.066000, 144.695946
0.067000, 146.856807
0.068000, 149.014770
0.069000, 151.172732
0.070000, 153.327711
0.071000, 155.482690
0.072000, 157.634599
0.073000, 159.786509
0.074000, 161.935264
0.075000, 164.084020
0.076000, 166.229536
0.077000, 168.375053
0.078000, 170.517246
0.079000, 172.659439
0.080000, 174.798224
0.081000, 176.937009
0.082000, 179.072301
0.083000, 181.207593
0.084000, 183.339309
0.085000, 185.471024
0.086000, 187.599079
0.087000, 189.727133
0.088000, 191.851442
0.089000, 193.975752
0.090000, 196.096232
0.091000, 198.216712
0.092000, 200.333280
0.093000, 202.449848
0.094000, 204.562420
0.095000, 206.674991
0.096000, 208.783483
0.097000, 210.891975
0.098000, 212.996304
0.099000, 215.100634
0.100000, 217.200717
0.101000, 219.300800
0.102000, 221.396555
0.103000, 223.492309
0.104000, 225.583652
0.105000, 227.674995
0.106000, 229.761844
0.107000, 231.848692
0.108000, 233.930965
0.109000, 236.013237
0.110000, 238.090851
0.111000, 240.168464
0.112000, 242.241337
0.113000, 244.314210
0.114000, 246.382260
0.115000, 248.450311
0.116000, 250.513457
0.117000, 252.576603
0.118000, 254.634764
0.119000, 256.692924
0.120000, 258.746018
0.121000, 260.799111
0.122000, 262.847057
0.123000, 264.895003
0.124000, 266.937720
0.125000, 268.980436
0.126000, 271.017844
0.127000, 273.055251
0.128000, 275.087269
0.129000, 277.119286
0.130000, 279.145834
0.131000, 281.172381
0.132000, 283.193378
0.133000, 285.214376
0.134000, 287.229743
0.135000, 289.245111
0.136000, 291.254769
0.137000, 293.264427
0.138000, 295.268296
0.139000, 297.272165
0.140000, 299.270166
0.141000, 301.268168
0.142000, 303.260222
0.143000, 305.252277
0.144000, 307.238306
0.145000, 309.224335
0.146000, 311.204260
0.147000, 313.184186
0.148000, 315.157929
0.149000, 317.131672
0.150000, 319.099156
0.151000, 321.066639
0.152000, 323.027785
0.153000, 324.988931
0.154000, 326.943661
0.155000, 328.898392
0.156000, 330.846631
0.157000, 332.794869
0.158000, 334.736539
0.159000, 336.678209
0.160000, 338.613232
0.161000, 340.548256
0.162000, 342.476558
0.163000, 344.404860
0.164000, 346.326363
0.165000, 348.247866
0.166000, 350.162496
0.167000, 352.077125
0.168000, 353.984805
0.169000, 355.892484
0.170000, 357.793139
0.171000, 359.693793
0.172000, 361.587348
0.173000, 363.480903
0.174000, 365.367282
0.175000, 367.253662
0.176000, 369.132793
0.177000, 371.011923
0.178000, 372.883730
0.179000, 374.755537
0.180000, 376.619947
0.181000, 378.484356
0.182000, 380.341295
0.183000, 382.198234
0.184000, 384.047628
0.185000, 385.897023
0.186000, 387.738800
0.187000, 389.580577
0.188000, 391.414664
0.189000, 393.248751
0.190000, 395.075076
0.191000, 396.901401
0.192000, 398.719891
0.193000, 400.538381
0.194000, 402.348965
0.195000, 404.159549
0.196000, 405.962156
0.197000, 407.764762
0.198000, 409.559319
0.199000, 411.353877
0.200000, 413.140314
0.201000, 414.926752
0.202000, 416.704999
0.203000, 418.483246
0.204000, 420.253233
0.205000, 422.023220
0.206000, 423.784876
0.207000, 425.546532
0.208000, 427.299789
0.209000, 429.053045
0.210000, 430.797832
0.211000, 432.542620
0.212000, 434.278869
0.213000, 436.015118
0.214000, 437.742761
0.215000, 439.470404
0.216000, 441.189372
0.217000, 442.908340
0.218000, 444.618565
0.219000, 446.328790
0.220000, 448.030205
0.221000, 449.731621
0.222000, 451.424158
0.223000, 453.116696
0.224000, 454.800290
0.225000, 456.483884
0.226000, 458.158467
0.227000, 459.833050
0.228000, 461.498556
0.229000, 463.164063
0.230000, 464.820427
0.231000, 466.476791
0.232000, 468.123947
0.233000, 469.771103
0.234000, 471.408986
0.235000, 473.046869
0.236000, 474.675415
0.237000, 476.303960
0.238000, 477.923104
0.239000, 479.542248
0.240000, 481.151926
0.241000, 482.761604
0.242000, 484.361753
0.243000, 485.961902
0.244000, 487.552458
0.245000, 489.143014
0.246000, 490.723916
0.247000, 492.304817
0.248000, 493.876000
0.249000, 495.447183
0.250000, 497.008587
0.251000, 498.569991
0.252000, 500.121553
0.253000, 501.673115
0.254000, 503.214775
0.255000, 504.756435
0.256000, 506.288131
0.257000, 507.819827
0.258000, 509.341500
0.259000, 510.863172
0.260000, 512.374760
0.261000, 513.886349
0.262000, 515.387793
0.263000, 516.889238
0.264000, 518.380480
0.265000, 519.871721
0.266000, 521.352701
0.267000, 522.833681
0.268000, 524.304341
0.269000, 525.775000
0.270000, 527.235281
0.271000, 528.695563
0.272000, 530.145408
0.273000, 531.595253
0.274000, 533.034605
0.275000, 534.473957
0.276000, 535.902759
0.277000, 537.331561
0.278000, 538.749757
0.279000, 540.167952
0.280000, 541.575485
0.281000, 542.983018
0.282000, 544.379833
0.283000, 545.776648
0.284000, 547.162690
0.285000, 548.548732
0.286000, 549.923946
0.287000, 551.299160
0.288000, 552.663492
0.289000, 554.027823
0.290000, 555.381219
0.291000, 556.734615
0.292000, 558.077021
0.293000, 559.419427
0.294000, 560.750791
0.295000, 562.082155
0.296000, 563.402424
0.297000, 564.722693
0.298000, 566.031814
0.299000, 567.340936
0.300000, 568.638859
0.301000, 569.936782
0.302000, 571.223455
0.303000, 572.510127
0.304000, 573.785499
0.305000, 575.060871
0.306000, 576.324892
0.307000, 577.588913
0.308000, 578.841532
0.309000, 580.094152
0.310000, 581.335321
0.311000, 582.576490
0.312000, 583.806159
0.313000, 585.035829
0.314000, 586.253950
0.315000, 587.472072
0.316000, 588.678597
0.317000, 589.885122
0.318000, 591.080003
0.319000, 592.274885
0.320000, 593.458075
0.321000, 594.641265
0.322000, 595.812718
0.323000, 596.984171
0.324000, 598.143839
0.325000, 599.303508
0.326000, 600.451347
0.327000, 601.599186
0.328000, 602.735150
0.329000, 603.871114
0.330000, 604.995158
0.331000, 606.119202
0.332000, 607.231281
0.333000, 608.343361
0.334000, 609.443433
0.335000, 610.543504
0.336000, 611.631524
0.337000, 612.719544
0.338000, 613.795469
0.339000, 614.871395
0.340000, 615.935183
0.341000, 616.998972
0.342000, 618.050581
0.343000, 619.102190
0.344000, 620.141579
0.345000, 621.180968
0.346000, 622.208095
0.347000, 623.235222
0.348000, 624.250047
0.349000, 625.264872
0.350000, 626.267355
0.351000, 627.269838
0.352000, 628.259939
0.353000, 629.250040
0.354000, 630.227720
0.355000, 631.205401
0.356000, 632.170621
0.357000, 633.135842
0.358000, 634.088565
0.359000, 635.041289
0.360000, 635.981477
0.361000, 636.921665
0.362000, 637.849280
0.363000, 638.776896
0.364000, 639.691903
0.365000, 640.606910
0.366000, 641.509272
0.367000, 642.411633
0.368000, 643.301315
0.369000, 644.190996
0.370000, 645.067961
0.371000, 645.944927
0.372000, 646.809142
0.373000, 647.673357
0.374000, 648.524787
0.375000, 649.376217
0.376000, 650.214830
0.377000, 651.053442
0.378000, 651.879203
0.379000, 652.704964
0.380000, 653.517842
0.381000, 654.330719
0.382000, 655.130680
0.383000, 655.930642
0.384000, 656.717655
0.385000, 657.504669
0.386000, 658.278704
0.387000, 659.052740
0.388000, 659.813766
0.389000, 660.574792
0.390000, 661.322779
0.391000, 662.070766
0.392000, 662.805684
0.393000, 663.540602
0.394000, 664.262423
0.395000, 664.984243
0.396000, 665.692937
0.397000, 666.401632
0.398000, 667.097172
0.399000, 667.792712
0.400000, 668.475070
0.401000, 669.157429
0.402000, 669.826579
0.403000, 670.495728
0.404000, 671.151643
0.405000, 671.807558
0.406000, 672.450212
0.407000, 673.092866
0.408000, 673.722233
0.409000, 674.351601
0.410000, 674.967658
0.411000, 675.583714
0.412000, 676.186435
0.413000, 676.789156
0.414000, 677.378518
0.415000, 677.967880
0.416000, 678.543859
0.417000, 679.119839
0.418000, 679.682413
0.419000, 680.244987
0.420000, 680.794133
0.421000, 681.343280
0.422000, 681.878977
0.423000, 682.414675
0.424000, 682.936902
0.425000, 683.459129
0.426000, 683.967866
0.427000, 684.476602
0.428000, 684.971827
0.429000, 685.467053
0.430000, 685.948747
0.431000, 686.430442
0.432000, 686.898587
0.433000, 687.366733
0.434000, 687.821310
0.435000, 688.275887
0.436000, 688.716878
0.437000, 689.157870
0.438000, 689.585257
0.439000, 690.012645
0.440000, 690.426413
0.441000, 690.840180
0.442000, 691.240311
0.443000, 691.640442
0.444000, 692.026921
0.445000, 692.413400
0.446000, 692.786211
0.447000, 693.159022
0.448000, 693.518150
0.449000, 693.877279
0.450000, 694.222711
0.451000, 694.568143
0.452000, 694.899865
0.453000, 695.231587
0.454000, 695.549585
0.455000, 695.867584
0.456000, 696.171847
0.457000, 696.476109
0.458000, 696.766624
0.459000, 697.057139
0.460000, 697.333895
0.461000, 697.610650
0.462000, 697.873636
0.463000, 698.136621
0.464000, 698.385826
0.465000, 698.635031
0.466000, 698.870445
0.467000, 699.105859
0.468000, 699.327474
0.469000, 699.549088
0.470000, 699.756894
0.471000, 699.964701
0.472000, 700.158690
0.473000, 700.352679
0.474000, 700.532844
0.475000, 700.713009
0.476000, 700.879343
0.477000, 701.045676
0.478000, 701.198172
0.479000, 701.350667
0.480000, 701.489319
0.481000, 701.627970
0.482000, 701.752772
0.483000, 701.877574
0.484000, 701.988521
0.485000, 702.099468
0.486000, 702.196557
0.487000, 702.293646
0.488000, 702.376871
0.489000, 702.460097
0.490000, 702.529457
0.491000, 702.598817
0.492000, 702.654308
0.493000, 702.709800
0.494000, 702.751420
0.495000, 702.793040
0.496000, 702.820788
0.497000, 702.848536
0.498000, 702.862410
0.499000, 702.876284
0.500000, 702.876284
0.501000, 702.876284
0.502000, 702.862410
0.503000, 702.848536
0.504000, 702.820788
0.505000, 702.793040
0.506000, 702.751420
0.507000, 702.709800
0.508000, 702.654308
0.509000, 702.598817
0.510000, 702.529457
0.511000, 702.460097
0.512000, 702.376871
0.513000, 702.293646
0.514000, 702.196557
0.515000, 702.099468
0.516000, 701.988521
0.517000, 701.877574
0.518000, 701.752772
0.519000, 701.627970
0.520000, 701.489319
0.521000, 701.350667
0.522000, 701.198172
0.523000, 701.045676
0.524000, 700.879343
0.525000, 700.713009
0.526000, 700.532844
0.527000, 700.352679
0.528000, 700.158690
0.529000, 699.964701
0.530000, 699.756894
0.531000, 699.549088
0.532000, 699.327474
0.533000, 699.105859
0.534000, 698.870445
0.535000, 698.635031
0.536000, 698.385826
0.537000, 698.136621
0.538000, 697.873636
0.539000, 697.610650
0.540000, 697.333895
0.541000, 697.057139
0.542000, 696.766624
0.543000, 696.476109
0.544000, 696.171847
0.545000, 695.867584
0.546000, 695.549585
0.547000, 695.231587
0.548000, 694.899865
0.549000, 694.568143
0.550000, 694.222711
0.551000, 693.877279
0.552000, 693.518150
0.553000, 693.159022
0.554000, 692.786211
0.555000, 692.413400
0.556000, 692.026921
0.557000, 691.640442
0.558000, 691.240311
0.559000, 690.840180
0.560000, 690.426413
0.561000, 690.012645
0.562000, 689.585257
0.563000, 689.157870
0.564000, 688.716878
0.565000, 688.275887
0.566000, 687.821310
0.567000, 687.366733
0.568000, 686.898587
0.569000, 686.430442
0.570000, 685.948747
0.571000, 685.467053
0.572000, 684.971827
0.573000, 684.476602
0.574000, 683.967866
0.575000, 683.459129
0.576000, 682.936902
0.577000, 682.414675
0.578000, 681.878977
0.579000, 681.343280
0.580000, 680.794133
0.581000, 680.244987
0.582000, 679.682413
0.583000, 679.119839
0.584000, 678.543859
0.585000, 677.967880
0.586000, 677.378518
0.587000, 676.789156
0.588000, 676.186435
0.589000, 675.583714
0.590000, 674.967658
0.591000, 674.351601
0.592000, 673.722233
0.593000, 673.092866
0.594000, 672.450212
0.595000, 671.807558
0.596000, 671.151643
0.597000, 670.495728
0.598000, 669.826579
0.599000, 669.157429
0.600000, 668.475070
0.601000, 667.792712
0.602000, 667.097172
0.603000, 666.401632
0.604000, 665.692937
0.605000, 664.984243
0.606000, 664.262423
0.607000, 663.540602
0.608000, 662.805684
0.609000, 662.070766
0.610000, 661.322779
0.611000, 660.574792
0.612000, 659.813766
0.613000, 659.052740
0.614000, 658.278704
0.615000, 657.504669
0.616000, 656.717655
0.617000, 655.930642
0.618000, 655.130680
0.619000, 654.330719
0.620000, 653.517842
0.621000, 652.704964
0.622000, 651.879203
0.623000, 651.053442
0.624000, 650.214830
0.625000, 649.376217
0.626000, 648.524787
0.627000, 647.673357
0.628000, 646.809142
0.629000, 645.944927
0.630000, 645.067961
0.631000, 644.190996
0.632000, 643.301315
0.633000, 642.411633
0.634000, 641.509272
0.635000, 640.606910
0.636000, 639.691903
0.637000, 638.776896
0.638000, 637.849280
0.639000, 636.921665
0.640000, 635.981477
0.641000, 635.041289
0.642000, 634.088565
0.643000, 633.135842
0.644000, 632.170621
0.645000, 631.205401
0.646000, 630.227720
0.647000, 629.250040
0.648000, 628.259939
0.649000, 627.269838
0.650000, 626.267355
0.651000, 625.264872
0.652000, 624.250047
0.653000, 623.235222
0.654000, 622.208095
0.655000, 621.180968
0.656000, 620.141579
0.657000, 619.102190
0.658000, 618.050581
0.659000, 616.998972
0.660000, 615.935183
0.661000, 614.871395
0.662000, 613.795469
0.663000, 612.719544
0.664000, 611.631524
0.665000, 610.543504
0.666000, 609.443433
0.667000, 608.343361
0.668000, 607.231281
0.669000, 606.119202
0.670000, 604.995158
0.671000, 603.871114
0.672000, 602.735150
0.673000, 601.599186
0.674000, 600.451347
0.675000, 599.303508
0.676000, 598.143839
0.677000, 596.984171
0.678000, 595.812718
0.679000, 594.641265
0.680000, 593.458075
0.681000, 592.274885
0.682000, 591.080003
0.683000, 589.885122
0.684000, 588.678597
0.685000, 587.472072
0.686000, 586.253950
0.687000, 585.035829
0.688000, 583.806159
0.689000, 582.576490
0.690000, 581.335321
0.691000, 580.094152
0.692000, 578.841532
0.693000, 577.588913
0.694000, 576.324892
0.695000, 575.060871
0.696000, 573.785499
0.697000, 572.510127
0.698000, 571.223455
0.699000, 569.936782
0.700000, 568.638859
0.701000, 567.340936
0.702000, 566.031814
0.703000, 564.722693
0.704000, 563.402424
0.705000, 562.082155
0.706000, 560.750791
0.707000, 559.419427
0.708000, 558.077021
0.709000, 556.734615
0.710000, 555.381219
0.711000, 554.027823
0.712000, 552.663492
0.713000, 551.299160
0.714000, 549.923946
0.715000, 548.548732
0.716000, 547.162690
0.717000, 545.776648
0.718000, 544.379833
0.719000, 542.983018
0.720000, 541.575485
0.721000, 540.167952
0.722000, 538.749757
0.723000, 537.331561
0.724000, 535.902759
0.725000, 534.473957
0.726000, 533.034605
0.727000, 531.595253
0.728000, 530.145408
0.729000, 528.695563
0.730000, 527.235281
0.731000, 525.775000
0.732000, 524.304341
0.733000, 522.833681
0.734000, 521.352701
0.735000, 519.871721
0.736000, 518.380480
0.737000, 516.889238
0.738000, 515.387793
0.739000, 513.886349
0.740000, 512.374760
0.741000, 510.863172
0.742000, 509.341500
0.743000, 507.819827
0.744000, 506.288131
0.745000, 504.756435
0.746000, 503.214775
0.747000, 501.673115
0.748000, 500.121553
0.749000, 498.569991
0.750000, 497.008587
0.751000, 495.447183
0.752000, 493.876000
0.753000, 492.304817
0.754000, 490.723916
0.755000, 489.143014
0.756000, 487.552458
0.757000, 485.961902
0.758000, 484.361753
0.759000, 482.761604
0.760000, 481.151926
0.761000, 479.542248
0.762000, 477.923104
0.763000, 476.303960
0.764000, 474.675415
0.765000, 473.046869
0.766000, 471.408986
0.767000, 469.771103
0.768000, 468.123947
0.769000, 466.476791
0.770000, 464.820427
0.771000, 463.164063
0.772000, 461.498556
0.773000, 459.833050
0.774000, 458.158467
0.775000, 456.483884
0.776000, 454.800290
0.777000, 453.116696
0.778000, 451.424158
0.779000, 449.731621
0.780000, 448.030205
0.781000, 446.328790
0.782000, 444.618565
0.783000, 442.908340
0.784000, 441.189372
0.785000, 439.470404
0.786000, 437.742761
0.787000, 436.015118
0.788000, 434.278869
0.789000, 432.542620
0.790000, 430.797832
0.791000, 429.053045
0.792000, 427.299789
0.793000, 425.546532
0.794000, 423.784876
0.795000, 422.023220
0.796000, 420.253233
0.797000, 418.483246
0.798000, 416.704999
0.799000, 414.926752
0.800000, 413.140314
0.801000, 411.353877
0.802000, 409.559319
0.803000, 407.764762
0.804000, 405.962156
0.805000, 404.159549
0.806000, 402.348965
0.807000, 400.538381
0.808000, 398.719891
0.809000, 396.901401
0.810000, 395.075076
0.811000, 393.248751
0.812000, 391.414664
0.813000, 389.580577
0.814000, 387.738800
0.815000, 385.897023
0.816000, 384.047628
0.817000, 382.198234
0.818000, 380.341295
0.819000, 378.484356
0.820000, 376.619947
0.821000, 374.755537
0.822000, 372.883730
0.823000, 371.011923
0.824000, 369.132793
0.825000, 367.253662
0.826000, 365.367282
0.827000, 363.480903
0.828000, 361.587348
0.829000, 359.693793
0.830000, 357.793139
0.831000, 355.892484
0.832000, 353.984805
0.833000, 352.077125
0.834000, 350.162496
0.835000, 348.247866
0.836000, 346.326363
0.837000, 344.404860
0.838000, 342.476558
0.839000, 340.548256
0.840000, 338.613232
0.841000, 336.678209
0.842000, 334.736539
0.843000, 332.794869
0.844000, 330.846631
0.845000, 328.898392
0.846000, 326.943661
0.847000, 324.988931
0.848000, 323.027785
0.849000, 321.066639
0.850000, 319.099156
0.851000, 317.131672
0.852000, 315.157929
0.853000, 313.184186
0.854000, 311.204260
0.855000, 309.224335
0.856000, 307.238306
0.857000, 305.252277
0.858000, 303.260222
0.859000, 301.268168
0.860000, 299.270166
0.861000, 297.272165
0.862000, 295.268296
0.863000, 293.264427
0.864000, 291.254769
0.865000, 289.245111
0.866000, 287.229743
0.867000, 285.214376
0.868000, 283.193378
0.869000, 281.172381
0.870000, 279.145834
0.871000, 277.119286
0.872000, 275.087269
0.873000, 273.055251
0.874000, 271.017844
0.875000, 268.980436
0.876000, 266.937720
0.877000, 264.895003
0.878000, 262.847057
0.879000, 260.799111
0.880000, 258.746018
0.881000, 256.692924
0.882000, 254.634764
0.883000, 252.576603
0.884000, 250.513457
0.885000, 248.450311
0.886000, 246.382260
0.887000, 244.314210
0.888000, 242.241337
0.889000, 240.168464
0.890000, 238.090851
0.891000, 236.013237
0.892000, 233.930965
0.893000, 231.848692
0.894000, 229.761844
0.895000, 227.674995
0.896000, 225.583652
0.897000, 223.492309
0.898000, 221.396555
0.899000, 219.300800
0.900000, 217.200717
0.901000, 215.100634
0.902000, 212.996304
0.903000, 210.891975
0.904000, 208.783483
0.905000, 206.674991
0.906000, 204.562420
0.907000, 202.449848
0.908000, 200.333280
0.909000, 198.216712
0.910000, 196.096232
0.911000, 193.975752
0.912000, 191.851442
0.913000, 189.727133
0.914000, 187.599079
0.915000, 185.471024
0.916000, 183.339309
0.917000, 181.207593
0.918000, 179.072301
0.919000, 176.937009
0.920000, 174.798224
0.921000, 172.659439
0.922000, 170.517246
0.923000, 168.375053
0.924000, 166.229536
0.925000, 164.084020
0.926000, 161.935264
0.927000, 159.786509
0.928000, 157.634599
0.929000, 155.482690
0.930000, 153.327711
0.931000, 151.172732
0.932000, 149.014770
0.933000, 146.856807
0.934000, 144.695946
0.935000, 142.535084
0.936000, 140.371409
0.937000, 138.207734
0.938000, 136.041331
0.939000, 133.874928
0.940000, 131.705882
0.941000, 129.536836
0.942000, 127.365234
0.943000, 125.193631
0.944000, 123.019557
0.945000, 120.845484
0.946000, 118.669024
0.947000, 116.492565
0.948000, 114.313806
0.949000, 112.135048
0.950000, 109.954076
0.951000, 107.773103
0.952000, 105.590004
0.953000, 103.406904
0.954000, 101.221764
0.955000, 99.036623
0.956000, 96.849528
0.957000, 94.662432
0.958000, 92.473468
0.959000, 90.284504
0.960000, 88.093758
0.961000, 85.903011
0.962000, 83.710569
0.963000, 81.518127
0.964000, 79.324076
0.965000, 77.130025
0.966000, 74.934452
0.967000, 72.738879
0.968000, 70.541869
0.969000, 68.344860
0.970000, 66.146502
0.971000, 63.948143
0.972000, 61.748523
0.973000, 59.548902
0.974000, 57.348106
0.975000, 55.147310
0.976000, 52.945425
0.977000, 50.743541
0.978000, 48.540654
0.979000, 46.337768
0.980000, 44.133967
0.981000, 41.930166
0.982000, 39.725538
0.983000, 37.520909
0.984000, 35.315540
0.985000, 33.110170
0.986000, 30.904148
0.987000, 28.698125
0.988000, 26.491536
0.989000, 24.284946
0.990000, 22.077878
0.991000, 19.870809
0.992000, 17.663348
0.993000, 15.455887
0.994000, 13.248121
0.995000, 11.040355
0.996000, 8.832371
0.997000, 6.624388
0.998000, 4.416273
0.999000, 2.208158
1.000000, 0.000000
