0.000000, 0.000000
0.001000, 7.217533
0.002000, 14.434924
0.003000, 21.652315
0.004000, 28.869279
0.005000, 36.086243
0.006000, 43.302494
0.007000, 50.518745
0.008000, 57.733999
0.009000, 64.949253
0.010000, 72.163225
0.011000, 79.377197
0.012000, 86.589603
0.013000, 93.802008
0.014000, 101.012561
0.015000, 108.223115
0.016000, 115.431532
0.017000, 122.639950
0.018000, 129.845946
0.019000, 137.051943
0.020000, 144.255234
0.021000, 151.458525
0.022000, 158.658827
0.023000, 165.859129
0.024000, 173.056156
0.025000, 180.253184
0.026000, 187.446654
0.027000, 194.640124
0.028000, 201.829751
0.029000, 209.019379
0.030000, 216.204881
0.031000, 223.390382
0.032000, 230.571475
0.033000, 237.752567
0.034000, 244.928966
0.035000, 252.105365
0.036000, 259.276788
0.037000, 266.448211
0.038000, 273.614374
0.039000, 280.780538
0.040000, 287.941159
0.041000, 295.101780
0.042000, 302.256576
0.043000, 309.411372
0.044000, 316.560060
0.045000, 323.708749
0.046000, 330.851048
0.047000, 337.993346
0.048000, 345.128973
0.049000, 352.264600
0.050000, 359.393274
0.051000, 366.521948
0.052000, 373.643386
0.053000, 380.764825
0.054000, 387.878748
0.055000, 394.992671
0.056000, 402.098797
0.057000, 409.204923
0.058000, 416.302972
0.059000, 423.401020
0.060000, 430.490711
0.061000, 437.580402
0.062000, 444.661456
0.063000, 451.742510
0.064000, 458.814646
0.065000, 465.886783
0.066000, 472.949723
0.067000, 480.012664
0.068000, 487.066129
0.069000, 494.119594
0.070000, 501.163306
0.071000, 508.207018
0.072000, 515.240699
0.073000, 522.274379
0.074000, 529.297750
0.075000, 536.321121
0.076000, 543.333905
0.077000, 550.346690
0.078000, 557.348611
0.079000, 564.350532
0.080000, 571.341314
0.081000, 578.332095
0.082000, 585.311461
0.083000, 592.290826
0.084000, 599.258500
0.085000, 606.226175
0.086000, 613.181883
0.087000, 620.137591
0.088000, 627.081057
0.089000, 634.024524
0.090000, 640.955476
0.091000, 647.886428
0.092000, 654.804591
0.093000, 661.722754
0.094000, 668.627855
0.095000, 675.532957
0.096000, 682.424723
0.097000, 689.316490
0.098000, 696.194650
0.099000, 703.072811
0.100000, 709.937093
0.101000, 716.801375
0.102000, 723.651508
0.103000, 730.501641
0.104000, 737.337355
0.105000, 744.173069
0.106000, 750.994093
0.107000, 757.815118
0.108000, 764.621183
0.109000, 771.427249
0.110000, 778.218087
0.111000, 785.008926
0.112000, 791.784269
0.113000, 798.559612
0.114000, 805.319192
0.115000, 812.078772
0.116000, 818.822323
0.117000, 825.565873
0.118000, 832.293127
0.119000, 839.020382
0.120000, 845.731075
0.121000, 852.441768
0.122000, 859.135634
0.123000, 865.829500
0.124000, 872.506276
0.125000, 879.183052
0.126000, 885.842473
0.127000, 892.501894
0.128000, 899.143699
0.129000, 905.785503
0.130000, 912.409427
0.131000, 919.033352
0.132000, 925.639136
0.133000, 932.244920
0.134000, 938.832302
0.135000, 945.419684
0.136000, 951.988404
0.137000, 958.557124
0.138000, 965.106924
0.139000, 971.656723
0.140000, 978.187342
0.141000, 984.717962
0.142000, 991.229144
0.143000, 997.740326
0.144000, 1004.231813
0.145000, 1010.723301
0.146000, 1017.194838
0.147000, 1023.666374
0.148000, 1030.117705
0.149000, 1036.569035
0.150000, 1042.999904
0.151000, 1049.430774
0.152000, 1055.840928
0.153000, 1062.251083
0.154000, 1068.640269
0.155000, 1075.029456
0.156000, 1081.397422
0.157000, 1087.765389
0.158000, 1094.111884
0.159000, 1100.458379
0.160000, 1106.783151
0.161000, 1113.107924
0.162000, 1119.410725
0.163000, 1125.713526
0.164000, 1131.994106
0.165000, 1138.274687
0.166000, 1144.532799
0.167000, 1150.790910
0.168000, 1157.026307
0.169000, 1163.261703
0.170000, 1169.474137
0.171000, 1175.686571
0.172000, 1181.875799
0.173000, 1188.065026
0.174000, 1194.230802
0.175000, 1200.396578
0.176000, 1206.538659
0.177000, 1212.680740
0.178000, 1218.798884
0.179000, 1224.917028
0.180000, 1231.010993
0.181000, 1237.104958
0.182000, 1243.174504
0.183000, 1249.244049
0.184000, 1255.288936
0.185000, 1261.333823
0.186000, 1267.353812
0.187000, 1273.373801
0.188000, 1279.368654
0.189000, 1285.363508
0.190000, 1291.332990
0.191000, 1297.302471
0.192000, 1303.246345
0.193000, 1309.190220
0.194000, 1315.108251
0.195000, 1321.026283
0.196000, 1326.918239
0.197000, 1332.810195
0.198000, 1338.675842
0.199000, 1344.541489
0.200000, 1350.380597
0.201000, 1356.219704
0.202000, 1362.032040
0.203000, 1367.844377
0.204000, 1373.629714
0.205000, 1379.415050
0.206000, 1385.173158
0.207000, 1390.931266
0.208000, 1396.661918
0.209000, 1402.392571
0.210000, 1408.095541
0.211000, 1413.798511
0.212000, 1419.473574
0.213000, 1425.148637
0.214000, 1430.795569
0.215000, 1436.442501
0.216000, 1442.061079
0.217000, 1447.679656
0.218000, 1453.269658
0.219000, 1458.859660
0.220000, 1464.420865
0.221000, 1469.982070
0.222000, 1475.514259
0.223000, 1481.046448
0.224000, 1486.549402
0.225000, 1492.052357
0.226000, 1497.525859
0.227000, 1502.999362
0.228000, 1508.443196
0.229000, 1513.887031
0.230000, 1519.300982
0.231000, 1524.714934
0.232000, 1530.098789
0.233000, 1535.482645
0.234000, 1540.836191
0.235000, 1546.189737
0.236000, 1551.512762
0.237000, 1556.835788
0.238000, 1562.128083
0.239000, 1567.420378
0.240000, 1572.681733
0.241000, 1577.943089
0.242000, 1583.173297
0.243000, 1588.403505
0.244000, 1593.602360
0.245000, 1598.801214
0.246000, 1603.968510
0.247000, 1609.135805
0.248000, 1614.271338
0.249000, 1619.406870
0.250000, 1624.510437
0.251000, 1629.614004
0.252000, 1634.685404
0.253000, 1639.756803
0.254000, 1644.795835
0.255000, 1649.834868
0.256000, 1654.841334
0.257000, 1659.847800
0.258000, 1664.821502
0.259000, 1669.795204
0.260000, 1674.735945
0.261000, 1679.676687
0.262000, 1684.584273
0.263000, 1689.491859
0.264000, 1694.366096
0.265000, 1699.240334
0.266000, 1704.081029
0.267000, 1708.921725
0.268000, 1713.728688
0.269000, 1718.535651
0.270000, 1723.308691
0.271000, 1728.081732
0.272000, 1732.820661
0.273000, 1737.559591
0.274000, 1742.264223
0.275000, 1746.968854
0.276000, 1751.639002
0.277000, 1756.309150
0.278000, 1760.944630
0.279000, 1765.580110
0.280000, 1770.180739
0.281000, 1774.781368
0.282000, 1779.346965
0.283000, 1783.912561
0.284000, 1788.442944
0.285000, 1792.973328
0.286000, 1797.468319
0.287000, 1801.963311
0.288000, 1806.422733
0.289000, 1810.882156
0.290000, 1815.305833
0.291000, 1819.729510
0.292000, 1824.117267
0.293000, 1828.505025
0.294000, 1832.856689
0.295000, 1837.208353
0.296000, 1841.523752
0.297000, 1845.839151
0.298000, 1850.118115
0.299000, 1854.397079
0.300000, 1858.639439
0.301000, 1862.881799
0.302000, 1867.087387
0.303000, 1871.292975
0.304000, 1875.461625
0.305000, 1879.630275
0.306000, 1883.761823
0.307000, 1887.893371
0.308000, 1891.987654
0.309000, 1896.081937
0.310000, 1900.138792
0.311000, 1904.195648
0.312000, 1908.214916
0.313000, 1912.234185
0.314000, 1916.215707
0.315000, 1920.197230
0.316000, 1924.140849
0.317000, 1928.084469
0.318000, 1931.990029
0.319000, 1935.895590
0.320000, 1939.762938
0.321000, 1943.630286
0.322000, 1947.459268
0.323000, 1951.288250
0.324000, 1955.078716
0.325000, 1958.869181
0.326000, 1962.620980
0.327000, 1966.372779
0.328000, 1970.085764
0.329000, 1973.798748
0.330000, 1977.472772
0.331000, 1981.146795
0.332000, 1984.781712
0.333000, 1988.416630
0.334000, 1992.012297
0.335000, 1995.607965
0.336000, 1999.164241
0.337000, 2002.720517
0.338000, 2006.237261
0.339000, 2009.754005
0.340000, 2013.231079
0.341000, 2016.708152
0.342000, 2020.145417
0.343000, 2023.582682
0.344000, 2026.980004
0.345000, 2030.377325
0.346000, 2033.734568
0.347000, 2037.091812
0.348000, 2040.408845
0.349000, 2043.725878
0.350000, 2047.002569
0.351000, 2050.279261
0.352000, 2053.515482
0.353000, 2056.751703
0.354000, 2059.947325
0.355000, 2063.142948
0.356000, 2066.297845
0.357000, 2069.452743
0.358000, 2072.566791
0.359000, 2075.680840
0.360000, 2078.753916
0.361000, 2081.826992
0.362000, 2084.858975
0.363000, 2087.890958
0.364000, 2090.881727
0.365000, 2093.872497
0.366000, 2096.821935
0.367000, 2099.771374
0.368000, 2102.679365
0.369000, 2105.587355
0.370000, 2108.453783
0.371000, 2111.320212
0.372000, 2114.144964
0.373000, 2116.969717
0.374000, 2119.752682
0.375000, 2122.535647
0.376000, 2125.276716
0.377000, 2128.017784
0.378000, 2130.716847
0.379000, 2133.415910
0.380000, 2136.072861
0.381000, 2138.729813
0.382000, 2141.344547
0.383000, 2143.959282
0.384000, 2146.531697
0.385000, 2149.104111
0.386000, 2151.634104
0.387000, 2154.164098
0.388000, 2156.651569
0.389000, 2159.139041
0.390000, 2161.583893
0.391000, 2164.028746
0.392000, 2166.430882
0.393000, 2168.833018
0.394000, 2171.192343
0.395000, 2173.551669
0.396000, 2175.868090
0.397000, 2178.184511
0.398000, 2180.457937
0.399000, 2182.731363
0.400000, 2184.961703
0.401000, 2187.192044
0.402000, 2189.379211
0.403000, 2191.566378
0.404000, 2193.710286
0.405000, 2195.854193
0.406000, 2197.954756
0.407000, 2200.055320
0.408000, 2202.112456
0.409000, 2204.169592
0.410000, 2206.183219
0.411000, 2208.196847
0.412000, 2210.166887
0.413000, 2212.136927
0.414000, 2214.063301
0.415000, 2215.989675
0.416000, 2217.872307
0.417000, 2219.754939
0.418000, 2221.593755
0.419000, 2223.432572
0.420000, 2225.227499
0.421000, 2227.022427
0.422000, 2228.773395
0.423000, 2230.524363
0.424000, 2232.231302
0.425000, 2233.938242
0.426000, 2235.601085
0.427000, 2237.263929
0.428000, 2238.882610
0.429000, 2240.501292
0.430000, 2242.075748
0.431000, 2243.650204
0.432000, 2245.180373
0.433000, 2246.710541
0.434000, 2248.196361
0.435000, 2249.682182
0.436000, 2251.123595
0.437000, 2252.565009
0.438000, 2253.961958
0.439000, 2255.358908
0.440000, 2256.711339
0.441000, 2258.063770
0.442000, 2259.371629
0.443000, 2260.679487
0.444000, 2261.942722
0.445000, 2263.205957
0.446000, 2264.424518
0.447000, 2265.643079
0.448000, 2266.816918
0.449000, 2267.990757
0.450000, 2269.119828
0.451000, 2270.248899
0.452000, 2271.333157
0.453000, 2272.417416
0.454000, 2273.456818
0.455000, 2274.496221
0.456000, 2275.490727
0.457000, 2276.485233
0.458000, 2277.434803
0.459000, 2278.384373
0.460000, 2279.288970
0.461000, 2280.193567
0.462000, 2281.053155
0.463000, 2281.912742
0.464000, 2282.727287
0.465000, 2283.541832
0.466000, 2284.311301
0.467000, 2285.080771
0.468000, 2285.805135
0.469000, 2286.529499
0.470000, 2287.208729
0.471000, 2287.887959
0.472000, 2288.522028
0.473000, 2289.156097
0.474000, 2289.744980
0.475000, 2290.333863
0.476000, 2290.877536
0.477000, 2291.421210
0.478000, 2291.919653
0.479000, 2292.418096
0.480000, 2292.871289
0.481000, 2293.324482
0.482000, 2293.732406
0.483000, 2294.140330
0.484000, 2294.502970
0.485000, 2294.865610
0.486000, 2295.182952
0.487000, 2295.500293
0.488000, 2295.772323
0.489000, 2296.044354
0.490000, 2296.271062
0.491000, 2296.497770
0.492000, 2296.679147
0.493000, 2296.860525
0.494000, 2296.996564
0.495000, 2297.132603
0.496000, 2297.223299
0.497000, 2297.313995
0.498000, 2297.359343
0.499000, 2297.404692
0.500000, 2297.404692
0.501000, 2297.404692
0.502000, 2297.359343
0.503000, 2297.313995
0.504000, 2297.223299
0.505000, 2297.132603
0.506000, 2296.996564
0.507000, 2296.860525
0.508000, 2296.679147
0.509000, 2296.497770
0.510000, 2296.271062
0.511000, 2296.044354
0.512000, 2295.772323
0.513000, 2295.500293
0.514000, 2295.182952
0.515000, 2294.865610
0.516000, 2294.502970
0.517000, 2294.140330
0.518000, 2293.732406
0.519000, 2293.324482
0.520000, 2292.871289
0.521000, 2292.418096
0.522000, 2291.919653
0.523000, 2291.421210
0.524000, 2290.877536
0.525000, 2290.333863
0.526000, 2289.744980
0.527000, 2289.156097
0.528000, 2288.522028
0.529000, 2287.887959
0.530000, 2287.208729
0.531000, 2286.529499
0.532000, 2285.805135
0.533000, 2285.080771
0.534000, 2284.311301
0.535000, 2283.541832
0.536000, 2282.727287
0.537000, 2281.912742
0.538000, 2281.053155
0.539000, 2280.193567
0.540000, 2279.288970
0.541000, 2278.384373
0.542000, 2277.434803
0.543000, 2276.485233
0.544000, 2275.490727
0.545000, 2274.496221
0.546000, 2273.456818
0.547000, 2272.417416
0.548000, 2271.333157
0.549000, 2270.248899
0.550000, 2269.119828
0.551000, 2267.990757
0.552000, 2266.816918
0.553000, 2265.643079
0.554000, 2264.424518
0.555000, 2263.205957
0.556000, 2261.942722
0.557000, 2260.679487
0.558000, 2259.371629
0.559000, 2258.063770
0.560000, 2256.711339
0.561000, 2255.358908
0.562000, 2253.961958
0.563000, 2252.565009
0.564000, 2251.123595
0.565000, 2249.682182
0.566000, 2248.196361
0.567000, 2246.710541
0.568000, 2245.180373
0.569000, 2243.650204
0.570000, 2242.075748
0.571000, 2240.501292
0.572000, 2238.882610
0.573000, 2237.263929
0.574000, 2235.601085
0.575000, 2233.938242
0.576000, 2232.231302
0.577000, 2230.524363
0.578000, 2228.773395
0.579000, 2227.022427
0.580000, 2225.227499
0.581000, 2223.432572
0.582000, 2221.593755
0.583000, 2219.754939
0.584000, 2217.872307
0.585000, 2215.989675
0.586000, 2214.063301
0.587000, 2212.136927
0.588000, 2210.166887
0.589000, 2208.196847
0.590000, 2206.183219
0.591000, 2204.169592
0.592000, 2202.112456
0.593000, 2200.055320
0.594000, 2197.954756
0.595000, 2195.854193
0.596000, 2193.710286
0.597000, 2191.566378
0.598000, 2189.379211
0.599000, 2187.192044
0.600000, 2184.961703
0.601000, 2182.731363
0.602000, 2180.457937
0.603000, 2178.184511
0.604000, 2175.868090
0.605000, 2173.551669
0.606000, 2171.192343
0.607000, 2168.833018
0.608000, 2166.430882
0.609000, 2164.028746
0.610000, 2161.583893
0.611000, 2159.139041
0.612000, 2156.651569
0.613000, 2154.164098
0.614000, 2151.634104
0.615000, 2149.104111
0.616000, 2146.531697
0.617000, 2143.959282
0.618000, 2141.344547
0.619000, 2138.729813
0.620000, 2136.072861
0.621000, 2133.415910
0.622000, 2130.716847
0.623000, 2128.017784
0.624000, 2125.276716
0.625000, 2122.535647
0.626000, 2119.752682
0.627000, 2116.969717
0.628000, 2114.144964
0.629000, 2111.320212
0.630000, 2108.453783
0.631000, 2105.587355
0.632000, 2102.679365
0.633000, 2099.771374
0.634000, 2096.821935
0.635000, 2093.872497
0.636000, 2090.881727
0.637000, 2087.890958
0.638000, 2084.858975
0.639000, 2081.826992
0.640000, 2078.753916
0.641000, 2075.680840
0.642000, 2072.566791
0.643000, 2069.452743
0.644000, 2066.297845
0.645000, 2063.142948
0.646000, 2059.947325
0.647000, 2056.751703
0.648000, 2053.515482
0.649000, 2050.279261
0.650000, 2047.002569
0.651000, 2043.725878
0.652000, 2040.408845
0.653000, 2037.091812
0.654000, 2033.734568
0.655000, 2030.377325
0.656000, 2026.980004
0.657000, 2023.582682
0.658000, 2020.145417
0.659000, 2016.708152
0.660000, 2013.231079
0.661000, 2009.754005
0.662000, 2006.237261
0.663000, 2002.720517
0.664000, 1999.164241
0.665000, 1995.607965
0.666000, 1992.012297
0.667000, 1988.416630
0.668000, 1984.781712
0.669000, 1981.146795
0.670000, 1977.472772
0.671000, 1973.798748
0.672000, 1970.085764
0.673000, 1966.372779
0.674000, 1962.620980
0.675000, 1958.869181
0.676000, 1955.078716
0.677000, 1951.288250
0.678000, 1947.459268
0.679000, 1943.630286
0.680000, 1939.762938
0.681000, 1935.895590
0.682000, 1931.990029
0.683000, 1928.084469
0.684000, 1924.140849
0.685000, 1920.197230
0.686000, 1916.215707
0.687000, 1912.234185
0.688000, 1908.214916
0.689000, 1904.195648
0.690000, 1900.138792
0.691000, 1896.081937
0.692000, 1891.987654
0.693000, 1887.893371
0.694000, 1883.761823
0.695000, 1879.630275
0.696000, 1875.461625
0.697000, 1871.292975
0.698000, 1867.087387
0.699000, 1862.881799
0.700000, 1858.639439
0.701000, 1854.397079
0.702000, 1850.118115
0.703000, 1845.839151
0.704000, 1841.523752
0.705000, 1837.208353
0.706000, 1832.856689
0.707000, 1828.505025
0.708000, 1824.117267
0.709000, 1819.729510
0.710000, 1815.305833
0.711000, 1810.882156
0.712000, 1806.422733
0.713000, 1801.963311
0.714000, 1797.468319
0.715000, 1792.973328
0.716000, 1788.442944
0.717000, 1783.912561
0.718000, 1779.346965
0.719000, 1774.781368
0.720000, 1770.180739
0.721000, 1765.580110
0.722000, 1760.944630
0.723000, 1756.309150
0.724000, 1751.639002
0.725000, 1746.968854
0.726000, 1742.264223
0.727000, 1737.559591
0.728000, 1732.820661
0.729000, 1728.081732
0.730000, 1723.308691
0.731000, 1718.535651
0.732000, 1713.728688
0.733000, 1708.921725
0.734000, 1704.081029
0.735000, 1699.240334
0.736000, 1694.366096
0.737000, 1689.491859
0.738000, 1684.584273
0.739000, 1679.676687
0.740000, 1674.735945
0.741000, 1669.795204
0.742000, 1664.821502
0.743000, 1659.847800
0.744000, 1654.841334
0.745000, 1649.834868
0.746000, 1644.795835
0.747000, 1639.756803
0.748000, 1634.685404
0.749000, 1629.614004
0.750000, 1624.510437
0.751000, 1619.406870
0.752000, 1614.271338
0.753000, 1609.135805
0.754000, 1603.968510
0.755000, 1598.801214
0.756000, 1593.602360
0.757000, 1588.403505
0.758000, 1583.173297
0.759000, 1577.943089
0.760000, 1572.681733
0.761000, 1567.420378
0.762000, 1562.128083
0.763000, 1556.835788
0.764000, 1551.512762
0.765000, 1546.189737
0.766000, 1540.836191
0.767000, 1535.482645
0.768000, 1530.098789
0.769000, 1524.714934
0.770000, 1519.300982
0.771000, 1513.887031
0.772000, 1508.443196
0.773000, 1502.999362
0.774000, 1497.525859
0.775000, 1492.052357
0.776000, 1486.549402
0.777000, 1481.046448
0.778000, 1475.514259
0.779000, 1469.982070
0.780000, 1464.420865
0.781000, 1458.859660
0.782000, 1453.269658
0.783000, 1447.679656
0.784000, 1442.061079
0.785000, 1436.442501
0.786000, 1430.795569
0.787000, 1425.148637
0.788000, 1419.473574
0.789000, 1413.798511
0.790000, 1408.095541
0.791000, 1402.392571
0.792000, 1396.661918
0.793000, 1390.931266
0.794000, 1385.173158
0.795000, 1379.415050
0.796000, 1373.629714
0.797000, 1367.844377
0.798000, 1362.032040
0.799000, 1356.219704
0.800000, 1350.380597
0.801000, 1344.541489
0.802000, 1338.675842
0.803000, 1332.810195
0.804000, 1326.918239
0.805000, 1321.026283
0.806000, 1315.108251
0.807000, 1309.190220
0.808000, 1303.246345
0.809000, 1297.302471
0.810000, 1291.332990
0.811000, 1285.363508
0.812000, 1279.368654
0.813000, 1273.373801
0.814000, 1267.353812
0.815000, 1261.333823
0.816000, 1255.288936
0.817000, 1249.244049
0.818000, 1243.174504
0.819000, 1237.104958
0.820000, 1231.010993
0.821000, 1224.917028
0.822000, 1218.798884
0.823000, 1212.680740
0.824000, 1206.538659
0.825000, 1200.396578
0.826000, 1194.230802
0.827000, 1188.065026
0.828000, 1181.875799
0.829000, 1175.686571
0.830000, 1169.474137
0.831000, 1163.261703
0.832000, 1157.026307
0.833000, 1150.790910
0.834000, 1144.532799
0.835000, 1138.274687
0.836000, 1131.994106
0.837000, 1125.713526
0.838000, 1119.410725
0.839000, 1113.107924
0.840000, 1106.783151
0.841000, 1100.458379
0.842000, 1094.111884
0.843000, 1087.765389
0.844000, 1081.397422
0.845000, 1075.029456
0.846000, 1068.640269
0.847000, 1062.251083
0.848000, 1055.840928
0.849000, 1049.430774
0.850000, 1042.999904
0.851000, 1036.569035
0.852000, 1030.117705
0.853000, 1023.666374
0.854000, 1017.194838
0.855000, 1010.723301
0.856000, 1004.231813
0.857000, 997.740326
0.858000, 991.229144
0.859000, 984.717962
0.860000, 978.187342
0.861000, 971.656723
0.862000, 965.106924
0.863000, 958.557124
0.864000, 951.988404
0.865000, 945.419684
0.866000, 938.832302
0.867000, 932.244920
0.868000, 925.639136
0.869000, 919.033352
0.870000, 912.409427
0.871000, 905.785503
0.872000, 899.143699
0.873000, 892.501894
0.874000, 885.842473
0.875000, 879.183052
0.876000, 872.506276
0.877000, 865.829500
0.878000, 859.135634
0.879000, 852.441768
0.880000, 845.731075
0.881000, 839.020382
0.882000, 832.293127
0.883000, 825.565873
0.884000, 818.822323
0.885000, 812.078772
0.886000, 805.319192
0.887000, 798.559612
0.888000, 791.784269
0.889000, 785.008926
0.890000, 778.218087
0.891000, 771.427249
0.892000, 764.621183
0.893000, 757.815118
0.894000, 750.994093
0.895000, 744.173069
0.896000, 737.337355
0.897000, 730.501641
0.898000, 723.651508
0.899000, 716.801375
0.900000, 709.937093
0.901000, 703.072811
0.902000, 696.194650
0.903000, 689.316490
0.904000, 682.424723
0.905000, 675.532957
0.906000, 668.627855
0.907000, 661.722754
0.908000, 654.804591
0.909000, 647.886428
0.910000, 640.955476
0.911000, 634.024524
0.912000, 627.081057
0.913000, 620.137591
0.914000, 613.181883
0.915000, 606.226175
0.916000, 599.258500
0.917000, 592.290826
0.918000, 585.311461
0.919000, 578.332095
0.920000, 571.341314
0.921000, 564.350532
0.922000, 557.348611
0.923000, 550.346690
0.924000, 543.333905
0.925000, 536.321121
0.926000, 529.297750
0.927000, 522.274379
0.928000, 515.240699
0.929000, 508.207018
0.930000, 501.163306
0.931000, 494.119594
0.932000, 487.066129
0.933000, 480.012664
0.934000, 472.949723
0.935000, 465.886783
0.936000, 458.814646
0.937000, 451.742510
0.938000, 444.661456
0.939000, 437.580402
0.940000, 430.490711
0.941000, 423.401020
0.942000, 416.302972
0.943000, 409.204923
0.944000, 402.098797
0.945000, 394.992671
0.946000, 387.878748
0.947000, 380.764825
0.948000, 373.643386
0.949000, 366.521948
0.950000, 359.393274
0.951000, 352.264600
0.952000, 345.128973
0.953000, 337.993346
0.954000, 330.851048
0.955000, 323.708749
0.956000, 316.560060
0.957000, 309.411372
0.958000, 302.256576
0.959000, 295.101780
0.960000, 287.941159
0.961000, 280.780538
0.962000, 273.614374
0.963000, 266.448211
0.964000, 259.276788
0.965000, 252.105365
0.966000, 244.928966
0.967000, 237.752567
0.968000, 230.571475
0.969000, 223.390382
0.970000, 216.204881
0.971000, 209.019379
0.972000, 201.829751
0.973000, 194.640124
0.974000, 187.446654
0.975000, 180.253184
0.976000, 173.056156
0.977000, 165.859129
0.978000, 158.658827
0.979000, 151.458525
0.980000, 144.255234
0.981000, 137.051943
0.982000, 129.845946
0.983000, 122.639950
0.984000, 115.431532
0.985000, 108.223115
0.986000, 101.012561
0.987000, 93.802008
0.988000, 86.589603
0.989000, 79.377197
0.990000, 72.163225
0.991000, 64.949253
0.992000, 57.733999
0.993000, 50.518745
0.994000, 43.302494
0.995000, 36.086243
0.996000, 28.869279
0.997000, 21.652315
0.998000, 14.434924
0.999000, 7.217533
1.000000, 0.000000
