0.000000, 0.000000
0.001000, 252284.107274
0.002000, 504563.234675
0.003000, 756842.362076
0.004000, 1009106.550057
0.005000, 1261370.738038
0.006000, 1513610.027640
0.007000, 1765849.317243
0.008000, 2018053.750491
0.009000, 2270258.183740
0.010000, 2522417.804036
0.011000, 2774577.424331
0.012000, 3026682.276844
0.013000, 3278787.129356
0.014000, 3530827.261418
0.015000, 3782867.393480
0.016000, 4034832.854977
0.017000, 4286798.316475
0.018000, 4538679.160244
0.019000, 4790560.004013
0.020000, 5042346.286229
0.021000, 5294132.568444
0.022000, 5545814.349015
0.023000, 5797496.129586
0.024000, 6049063.472547
0.025000, 6300630.815508
0.026000, 6552073.789410
0.027000, 6803516.763312
0.028000, 7054825.441618
0.029000, 7306134.119924
0.030000, 7557298.581397
0.031000, 7808463.042871
0.032000, 8059473.371968
0.033000, 8310483.701065
0.034000, 8561329.988329
0.035000, 8812176.275593
0.036000, 9062848.618041
0.037000, 9313520.960490
0.038000, 9564009.462007
0.039000, 9814497.963525
0.040000, 10064792.735255
0.041000, 10315087.506985
0.042000, 10565178.667719
0.043000, 10815269.828452
0.044000, 11065147.505018
0.045000, 11315025.181584
0.046000, 11564679.509240
0.047000, 11814333.836896
0.048000, 12063754.959715
0.049000, 12313176.082535
0.050000, 12562354.153801
0.051000, 12811532.225066
0.052000, 13060457.407654
0.053000, 13309382.590241
0.054000, 13558045.057010
0.055000, 13806707.523779
0.056000, 14055097.457961
0.057000, 14303487.392144
0.058000, 14551594.987730
0.059000, 14799702.583317
0.060000, 15047518.045444
0.061000, 15295333.507572
0.062000, 15542847.052910
0.063000, 15790360.598249
0.064000, 16037562.455387
0.065000, 16284764.312525
0.066000, 16531644.722357
0.067000, 16778525.132190
0.068000, 17025074.348300
0.069000, 17271623.564410
0.070000, 17517831.853457
0.071000, 17764040.142505
0.072000, 18009897.784607
0.073000, 18255755.426710
0.074000, 18501252.715829
0.075000, 18746750.004948
0.076000, 18991877.249272
0.077000, 19237004.493595
0.078000, 19481752.015918
0.079000, 19726499.538242
0.080000, 19970857.676352
0.081000, 20215215.814462
0.082000, 20459174.921519
0.083000, 20703134.028575
0.084000, 20946684.473490
0.085000, 21190234.918405
0.086000, 21433367.086223
0.087000, 21676499.254042
0.088000, 21919203.546322
0.089000, 22161907.838602
0.090000, 22404174.673795
0.091000, 22646441.508987
0.092000, 22888261.322812
0.093000, 23130081.136637
0.094000, 23371444.382462
0.095000, 23612807.628287
0.096000, 23853704.777504
0.097000, 24094601.926721
0.098000, 24335023.469124
0.099000, 24575445.011527
0.100000, 24815381.455684
0.101000, 25055317.899841
0.102000, 25294759.773473
0.103000, 25534201.647105
0.104000, 25773139.497456
0.105000, 26012077.347807
0.106000, 26250501.742021
0.107000, 26488926.136234
0.108000, 26726827.661723
0.109000, 26964729.187211
0.110000, 27202098.452031
0.111000, 27439467.716850
0.112000, 27676295.350067
0.113000, 27913122.983285
0.114000, 28149399.635351
0.115000, 28385676.287417
0.116000, 28621392.630535
0.117000, 28857108.973652
0.118000, 29092255.702143
0.119000, 29327402.430634
0.120000, 29561970.261309
0.121000, 29796538.091983
0.122000, 30030517.764505
0.123000, 30264497.437026
0.124000, 30497879.714278
0.125000, 30731261.991529
0.126000, 30964037.659978
0.127000, 31196813.328427
0.128000, 31428973.198489
0.129000, 31661133.068551
0.130000, 31892667.974951
0.131000, 32124202.881352
0.132000, 32355103.683489
0.133000, 32586004.485626
0.134000, 32816262.067931
0.135000, 33046519.650237
0.136000, 33276124.922536
0.137000, 33505730.194835
0.138000, 33734674.092705
0.139000, 33963617.990574
0.140000, 34191891.475701
0.141000, 34420164.960828
0.142000, 34647759.021366
0.143000, 34875353.081904
0.144000, 35102258.732829
0.145000, 35329164.383754
0.146000, 35555372.667220
0.147000, 35781580.950686
0.148000, 36007082.936376
0.149000, 36232584.922067
0.150000, 36457371.707550
0.151000, 36682158.493034
0.152000, 36906221.204112
0.153000, 37130283.915191
0.154000, 37353613.706253
0.155000, 37576943.497314
0.156000, 37799531.551681
0.157000, 38022119.606048
0.158000, 38243957.136325
0.159000, 38465794.666603
0.160000, 38686872.915024
0.161000, 38907951.163445
0.162000, 39128261.402220
0.163000, 39348571.640995
0.164000, 39568105.172652
0.165000, 39787638.704310
0.166000, 40006386.862042
0.167000, 40225135.019773
0.168000, 40443089.167777
0.169000, 40661043.315781
0.170000, 40878194.849600
0.171000, 41095346.383419
0.172000, 41311686.730283
0.173000, 41528027.077147
0.174000, 41743547.696309
0.175000, 41959068.315471
0.176000, 42173760.698546
0.177000, 42388453.081621
0.178000, 42602308.752921
0.179000, 42816164.424221
0.180000, 43029174.941092
0.181000, 43242185.457962
0.182000, 43454342.411111
0.183000, 43666499.364261
0.184000, 43877794.378096
0.185000, 44089089.391931
0.186000, 44299514.124887
0.187000, 44509938.857843
0.188000, 44719485.002712
0.189000, 44929031.147581
0.190000, 45137690.431839
0.191000, 45346349.716097
0.192000, 45554113.902233
0.193000, 45761878.088370
0.194000, 45968738.974210
0.195000, 46175599.860050
0.196000, 46381549.279081
0.197000, 46587498.698112
0.198000, 46792528.519803
0.199000, 46997558.341493
0.200000, 47201660.471618
0.201000, 47405762.601742
0.202000, 47608928.982697
0.203000, 47812095.363653
0.204000, 48014317.974779
0.205000, 48216540.585904
0.206000, 48417811.443798
0.207000, 48619082.301691
0.208000, 48819393.460524
0.209000, 49019704.619356
0.210000, 49219048.171186
0.211000, 49418391.723016
0.212000, 49616759.798101
0.213000, 49815127.873187
0.214000, 50012512.640295
0.215000, 50209897.407404
0.216000, 50406291.074123
0.217000, 50602684.740843
0.218000, 50798079.553887
0.219000, 50993474.366932
0.220000, 51187862.612449
0.221000, 51382250.857966
0.222000, 51575624.861840
0.223000, 51768998.865715
0.224000, 51961350.993872
0.225000, 52153703.122029
0.226000, 52345025.780737
0.227000, 52536348.439444
0.228000, 52726634.075611
0.229000, 52916919.711778
0.230000, 53106160.813253
0.231000, 53295401.914727
0.232000, 53483591.010596
0.233000, 53671780.106464
0.234000, 53858909.767343
0.235000, 54046039.428221
0.236000, 54232102.266552
0.237000, 54418165.104882
0.238000, 54603153.775221
0.239000, 54788142.445561
0.240000, 54972049.644874
0.241000, 55155956.844187
0.242000, 55338775.312133
0.243000, 55521593.780078
0.244000, 55703316.299295
0.245000, 55885038.818513
0.246000, 56065658.214908
0.247000, 56246277.611304
0.248000, 56425786.754333
0.249000, 56605295.897362
0.250000, 56783687.700312
0.251000, 56962079.503261
0.252000, 57139346.923528
0.253000, 57316614.343794
0.254000, 57492750.383164
0.255000, 57668886.422533
0.256000, 57843884.127457
0.257000, 58018881.832380
0.258000, 58192734.294248
0.259000, 58366586.756115
0.260000, 58539287.111529
0.261000, 58711987.466943
0.262000, 58883528.897989
0.263000, 59055070.329036
0.264000, 59225446.063552
0.265000, 59395821.798069
0.266000, 59565025.109913
0.267000, 59734228.421758
0.268000, 59902252.631073
0.269000, 60070276.840389
0.270000, 60237115.313868
0.271000, 60403953.787346
0.272000, 60569599.938490
0.273000, 60735246.089635
0.274000, 60899693.379018
0.275000, 61064140.668402
0.276000, 61227382.603928
0.277000, 61390624.539453
0.278000, 61552654.676608
0.279000, 61714684.813764
0.280000, 61875496.755877
0.281000, 62036308.697990
0.282000, 62195896.096480
0.283000, 62355483.494970
0.284000, 62513840.049601
0.285000, 62672196.604231
0.286000, 62829316.063356
0.287000, 62986435.522481
0.288000, 63142311.683293
0.289000, 63298187.844106
0.290000, 63452814.552882
0.291000, 63607441.261657
0.292000, 63760812.413999
0.293000, 63914183.566341
0.294000, 64066293.107417
0.295000, 64218402.648494
0.296000, 64369244.573282
0.297000, 64520086.498070
0.298000, 64669654.851589
0.299000, 64819223.205107
0.300000, 64967512.082653
0.301000, 65115800.960199
0.302000, 65262804.507582
0.303000, 65409808.054964
0.304000, 65555520.468736
0.305000, 65701232.882507
0.306000, 65845648.410190
0.307000, 65990063.937873
0.308000, 66133176.878190
0.309000, 66276289.818507
0.310000, 66418094.521605
0.311000, 66559899.224703
0.312000, 66700390.092374
0.313000, 66840880.960045
0.314000, 66980052.445950
0.315000, 67119223.931856
0.316000, 67257070.541744
0.317000, 67394917.151633
0.318000, 67531433.443556
0.319000, 67667949.735478
0.320000, 67803130.320007
0.321000, 67938310.904535
0.322000, 68072150.444970
0.323000, 68205989.985405
0.324000, 68338483.197991
0.325000, 68470976.410578
0.326000, 68602118.064710
0.327000, 68733259.718843
0.328000, 68863044.637273
0.329000, 68992829.555704
0.330000, 69121252.614747
0.331000, 69249675.673789
0.332000, 69376731.803521
0.333000, 69503787.933253
0.334000, 69629472.117716
0.335000, 69755156.302179
0.336000, 69879463.579577
0.337000, 70003770.856974
0.338000, 70126696.319868
0.339000, 70249621.782761
0.340000, 70371160.578264
0.341000, 70492699.373767
0.342000, 70612846.703736
0.343000, 70732994.033705
0.344000, 70851745.154929
0.345000, 70970496.276153
0.346000, 71087846.500541
0.347000, 71205196.724929
0.348000, 71321141.419695
0.349000, 71437086.114461
0.350000, 71551620.702308
0.351000, 71666155.290154
0.352000, 71779275.249451
0.353000, 71892395.208749
0.354000, 72004096.073714
0.355000, 72115796.938680
0.356000, 72226074.299556
0.357000, 72336351.660431
0.358000, 72445201.163655
0.359000, 72554050.666878
0.360000, 72661468.015258
0.361000, 72768885.363638
0.362000, 72874866.316522
0.363000, 72980847.269405
0.364000, 73085387.642845
0.365000, 73189928.016285
0.366000, 73293023.683207
0.367000, 73396119.350129
0.368000, 73497766.240493
0.369000, 73599413.130856
0.370000, 73699607.231816
0.371000, 73799801.332776
0.372000, 73898538.688841
0.373000, 73997276.044905
0.374000, 74094552.758093
0.375000, 74191829.471281
0.376000, 74287641.701274
0.377000, 74383453.931266
0.378000, 74477797.895561
0.379000, 74572141.859856
0.380000, 74665013.833916
0.381000, 74757885.807975
0.382000, 74849282.125371
0.383000, 74940678.442768
0.384000, 75030595.495332
0.385000, 75120512.547897
0.386000, 75208946.785857
0.387000, 75297381.023818
0.388000, 75384328.955942
0.389000, 75471276.888067
0.390000, 75556735.081800
0.391000, 75642193.275533
0.392000, 75726158.357131
0.393000, 75810123.438729
0.394000, 75892592.093396
0.395000, 75975060.748062
0.396000, 76056029.720074
0.397000, 76136998.692087
0.398000, 76216464.784930
0.399000, 76295930.877772
0.400000, 76373890.954260
0.401000, 76451851.030748
0.402000, 76528302.013150
0.403000, 76604752.995552
0.404000, 76679691.865715
0.405000, 76754630.735878
0.406000, 76828054.535343
0.407000, 76901478.334808
0.408000, 76973384.164930
0.409000, 77045289.995052
0.410000, 77115675.017111
0.411000, 77186060.039171
0.412000, 77254921.474488
0.413000, 77323782.909804
0.414000, 77391118.039847
0.415000, 77458453.169889
0.416000, 77524259.336382
0.417000, 77590065.502875
0.418000, 77654340.107903
0.419000, 77718614.712932
0.420000, 77781355.219044
0.421000, 77844095.725156
0.422000, 77905299.655465
0.423000, 77966503.585774
0.424000, 78026168.524053
0.425000, 78085833.462332
0.426000, 78143957.053111
0.427000, 78202080.643890
0.428000, 78258660.592550
0.429000, 78315240.541210
0.430000, 78370274.614071
0.431000, 78425308.686932
0.432000, 78478794.711343
0.433000, 78532280.735754
0.434000, 78584216.600179
0.435000, 78636152.464604
0.436000, 78686536.118703
0.437000, 78736919.772802
0.438000, 78785749.227516
0.439000, 78834578.682229
0.440000, 78881852.009853
0.441000, 78929125.337478
0.442000, 78974840.671743
0.443000, 79020556.006008
0.444000, 79064711.542151
0.445000, 79108867.078294
0.446000, 79151461.073130
0.447000, 79194055.067966
0.448000, 79235085.839956
0.449000, 79276116.611947
0.450000, 79315582.541268
0.451000, 79355048.470589
0.452000, 79392947.999193
0.453000, 79430847.527797
0.454000, 79467179.159475
0.455000, 79503510.791153
0.456000, 79538273.091596
0.457000, 79573035.392038
0.458000, 79606226.988888
0.459000, 79639418.585738
0.460000, 79671038.168648
0.461000, 79702657.751558
0.462000, 79732704.072242
0.463000, 79762750.392926
0.464000, 79791222.265205
0.465000, 79819694.137485
0.466000, 79846590.437340
0.467000, 79873486.737195
0.468000, 79898806.402806
0.469000, 79924126.068417
0.470000, 79947868.100206
0.471000, 79971610.131995
0.472000, 79993773.592667
0.473000, 80015937.053340
0.474000, 80036521.067921
0.475000, 80057105.082502
0.476000, 80076108.838369
0.477000, 80095112.594237
0.478000, 80112535.341155
0.479000, 80129958.088073
0.480000, 80145799.138222
0.481000, 80161640.188371
0.482000, 80175898.916373
0.483000, 80190157.644375
0.484000, 80202833.487320
0.485000, 80215509.330265
0.486000, 80226601.787732
0.487000, 80237694.245199
0.488000, 80247202.879277
0.489000, 80256711.513356
0.490000, 80264635.948661
0.491000, 80272560.383966
0.492000, 80278900.307654
0.493000, 80285240.231342
0.494000, 80289995.393125
0.495000, 80294750.554907
0.496000, 80297920.767058
0.497000, 80301090.979208
0.498000, 80302676.116573
0.499000, 80304261.253938
0.500000, 80304261.253938
0.501000, 80304261.253938
0.502000, 80302676.116573
0.503000, 80301090.979208
0.504000, 80297920.767058
0.505000, 80294750.554907
0.506000, 80289995.393125
0.507000, 80285240.231342
0.508000, 80278900.307654
0.509000, 80272560.383966
0.510000, 80264635.948661
0.511000, 80256711.513356
0.512000, 80247202.879277
0.513000, 80237694.245199
0.514000, 80226601.787732
0.515000, 80215509.330265
0.516000, 80202833.487320
0.517000, 80190157.644375
0.518000, 80175898.916373
0.519000, 80161640.188371
0.520000, 80145799.138222
0.521000, 80129958.088073
0.522000, 80112535.341155
0.523000, 80095112.594237
0.524000, 80076108.838369
0.525000, 80057105.082502
0.526000, 80036521.067921
0.527000, 80015937.053340
0.528000, 79993773.592667
0.529000, 79971610.131995
0.530000, 79947868.100206
0.531000, 79924126.068417
0.532000, 79898806.402806
0.533000, 79873486.737195
0.534000, 79846590.437340
0.535000, 79819694.137485
0.536000, 79791222.265205
0.537000, 79762750.392926
0.538000, 79732704.072242
0.539000, 79702657.751558
0.540000, 79671038.168648
0.541000, 79639418.585738
0.542000, 79606226.988888
0.543000, 79573035.392038
0.544000, 79538273.091596
0.545000, 79503510.791153
0.546000, 79467179.159475
0.547000, 79430847.527797
0.548000, 79392947.999193
0.549000, 79355048.470589
0.550000, 79315582.541268
0.551000, 79276116.611947
0.552000, 79235085.839956
0.553000, 79194055.067966
0.554000, 79151461.073130
0.555000, 79108867.078294
0.556000, 79064711.542151
0.557000, 79020556.006008
0.558000, 78974840.671743
0.559000, 78929125.337478
0.560000, 78881852.009853
0.561000, 78834578.682229
0.562000, 78785749.227516
0.563000, 78736919.772802
0.564000, 78686536.118703
0.565000, 78636152.464604
0.566000, 78584216.600179
0.567000, 78532280.735754
0.568000, 78478794.711343
0.569000, 78425308.686932
0.570000, 78370274.614071
0.571000, 78315240.541210
0.572000, 78258660.592550
0.573000, 78202080.643890
0.574000, 78143957.053111
0.575000, 78085833.462332
0.576000, 78026168.524053
0.577000, 77966503.585774
0.578000, 77905299.655465
0.579000, 77844095.725156
0.580000, 77781355.219044
0.581000, 77718614.712932
0.582000, 77654340.107903
0.583000, 77590065.502875
0.584000, 77524259.336382
0.585000, 77458453.169889
0.586000, 77391118.039847
0.587000, 77323782.909804
0.588000, 77254921.474488
0.589000, 77186060.039171
0.590000, 77115675.017111
0.591000, 77045289.995052
0.592000, 76973384.164930
0.593000, 76901478.334808
0.594000, 76828054.535343
0.595000, 76754630.735878
0.596000, 76679691.865715
0.597000, 76604752.995552
0.598000, 76528302.013150
0.599000, 76451851.030748
0.600000, 76373890.954260
0.601000, 76295930.877772
0.602000, 76216464.784930
0.603000, 76136998.692087
0.604000, 76056029.720074
0.605000, 75975060.748062
0.606000, 75892592.093396
0.607000, 75810123.438729
0.608000, 75726158.357131
0.609000, 75642193.275533
0.610000, 75556735.081800
0.611000, 75471276.888067
0.612000, 75384328.955942
0.613000, 75297381.023818
0.614000, 75208946.785857
0.615000, 75120512.547897
0.616000, 75030595.495332
0.617000, 74940678.442768
0.618000, 74849282.125371
0.619000, 74757885.807975
0.620000, 74665013.833916
0.621000, 74572141.859856
0.622000, 74477797.895561
0.623000, 74383453.931266
0.624000, 74287641.701274
0.625000, 74191829.471281
0.626000, 74094552.758093
0.627000, 73997276.044905
0.628000, 73898538.688841
0.629000, 73799801.332776
0.630000, 73699607.231816
0.631000, 73599413.130856
0.632000, 73497766.240493
0.633000, 73396119.350129
0.634000, 73293023.683207
0.635000, 73189928.016285
0.636000, 73085387.642845
0.637000, 72980847.269405
0.638000, 72874866.316522
0.639000, 72768885.363638
0.640000, 72661468.015258
0.641000, 72554050.666878
0.642000, 72445201.163655
0.643000, 72336351.660431
0.644000, 72226074.299556
0.645000, 72115796.938680
0.646000, 72004096.073714
0.647000, 71892395.208749
0.648000, 71779275.249451
0.649000, 71666155.290154
0.650000, 71551620.702308
0.651000, 71437086.114461
0.652000, 71321141.419695
0.653000, 71205196.724929
0.654000, 71087846.500541
0.655000, 70970496.276153
0.656000, 70851745.154929
0.657000, 70732994.033705
0.658000, 70612846.703736
0.659000, 70492699.373767
0.660000, 70371160.578264
0.661000, 70249621.782761
0.662000, 70126696.319868
0.663000, 70003770.856974
0.664000, 69879463.579577
0.665000, 69755156.302179
0.666000, 69629472.117716
0.667000, 69503787.933253
0.668000, 69376731.803521
0.669000, 69249675.673789
0.670000, 69121252.614747
0.671000, 68992829.555704
0.672000, 68863044.637273
0.673000, 68733259.718843
0.674000, 68602118.064710
0.675000, 68470976.410578
0.676000, 68338483.197991
0.677000, 68205989.985405
0.678000, 68072150.444970
0.679000, 67938310.904535
0.680000, 67803130.320007
0.681000, 67667949.735478
0.682000, 67531433.443556
0.683000, 67394917.151633
0.684000, 67257070.541744
0.685000, 67119223.931856
0.686000, 66980052.445950
0.687000, 66840880.960045
0.688000, 66700390.092374
0.689000, 66559899.224703
0.690000, 66418094.521605
0.691000, 66276289.818507
0.692000, 66133176.878190
0.693000, 65990063.937873
0.694000, 65845648.410190
0.695000, 65701232.882507
0.696000, 65555520.468736
0.697000, 65409808.054964
0.698000, 65262804.507582
0.699000, 65115800.960199
0.700000, 64967512.082653
0.701000, 64819223.205107
0.702000, 64669654.851589
0.703000, 64520086.498070
0.704000, 64369244.573282
0.705000, 64218402.648494
0.706000, 64066293.107417
0.707000, 63914183.566341
0.708000, 63760812.413999
0.709000, 63607441.261657
0.710000, 63452814.552882
0.711000, 63298187.844106
0.712000, 63142311.683293
0.713000, 62986435.522481
0.714000, 62829316.063356
0.715000, 62672196.604231
0.716000, 62513840.049601
0.717000, 62355483.494970
0.718000, 62195896.096480
0.719000, 62036308.697990
0.720000, 61875496.755877
0.721000, 61714684.813764
0.722000, 61552654.676608
0.723000, 61390624.539453
0.724000, 61227382.603928
0.725000, 61064140.668402
0.726000, 60899693.379018
0.727000, 60735246.089635
0.728000, 60569599.938490
0.729000, 60403953.787346
0.730000, 60237115.313868
0.731000, 60070276.840389
0.732000, 59902252.631073
0.733000, 59734228.421758
0.734000, 59565025.109913
0.735000, 59395821.798069
0.736000, 59225446.063552
0.737000, 59055070.329036
0.738000, 58883528.897989
0.739000, 58711987.466943
0.740000, 58539287.111529
0.741000, 58366586.756115
0.742000, 58192734.294248
0.743000, 58018881.832380
0.744000, 57843884.127457
0.745000, 57668886.422533
0.746000, 57492750.383164
0.747000, 57316614.343794
0.748000, 57139346.923528
0.749000, 56962079.503261
0.750000, 56783687.700312
0.751000, 56605295.897362
0.752000, 56425786.754333
0.753000, 56246277.611304
0.754000, 56065658.214908
0.755000, 55885038.818513
0.756000, 55703316.299295
0.757000, 55521593.780078
0.758000, 55338775.312133
0.759000, 55155956.844187
0.760000, 54972049.644874
0.761000, 54788142.445561
0.762000, 54603153.775221
0.763000, 54418165.104882
0.764000, 54232102.266552
0.765000, 54046039.428221
0.766000, 53858909.767343
0.767000, 53671780.106464
0.768000, 53483591.010596
0.769000, 53295401.914727
0.770000, 53106160.813253
0.771000, 52916919.711778
0.772000, 52726634.075611
0.773000, 52536348.439444
0.774000, 52345025.780737
0.775000, 52153703.122029
0.776000, 51961350.993872
0.777000, 51768998.865715
0.778000, 51575624.861840
0.779000, 51382250.857966
0.780000, 51187862.612449
0.781000, 50993474.366932
0.782000, 50798079.553887
0.783000, 50602684.740843
0.784000, 50406291.074123
0.785000, 50209897.407404
0.786000, 50012512.640295
0.787000, 49815127.873187
0.788000, 49616759.798101
0.789000, 49418391.723016
0.790000, 49219048.171186
0.791000, 49019704.619356
0.792000, 48819393.460524
0.793000, 48619082.301691
0.794000, 48417811.443798
0.795000, 48216540.585904
0.796000, 48014317.974779
0.797000, 47812095.363653
0.798000, 47608928.982697
0.799000, 47405762.601742
0.800000, 47201660.471618
0.801000, 46997558.341493
0.802000, 46792528.519803
0.803000, 46587498.698112
0.804000, 46381549.279081
0.805000, 46175599.860050
0.806000, 45968738.974210
0.807000, 45761878.088370
0.808000, 45554113.902233
0.809000, 45346349.716097
0.810000, 45137690.431839
0.811000, 44929031.147581
0.812000, 44719485.002712
0.813000, 44509938.857843
0.814000, 44299514.124887
0.815000, 44089089.391931
0.816000, 43877794.378096
0.817000, 43666499.364261
0.818000, 43454342.411111
0.819000, 43242185.457962
0.820000, 43029174.941092
0.821000, 42816164.424221
0.822000, 42602308.752921
0.823000, 42388453.081621
0.824000, 42173760.698546
0.825000, 41959068.315471
0.826000, 41743547.696309
0.827000, 41528027.077147
0.828000, 41311686.730283
0.829000, 41095346.383419
0.830000, 40878194.849600
0.831000, 40661043.315781
0.832000, 40443089.167777
0.833000, 40225135.019773
0.834000, 40006386.862042
0.835000, 39787638.704310
0.836000, 39568105.172652
0.837000, 39348571.640995
0.838000, 39128261.402220
0.839000, 38907951.163445
0.840000, 38686872.915024
0.841000, 38465794.666603
0.842000, 38243957.136325
0.843000, 38022119.606048
0.844000, 37799531.551681
0.845000, 37576943.497314
0.846000, 37353613.706253
0.847000, 37130283.915191
0.848000, 36906221.204112
0.849000, 36682158.493034
0.850000, 36457371.707550
0.851000, 36232584.922067
0.852000, 36007082.936376
0.853000, 35781580.950686
0.854000, 35555372.667220
0.855000, 35329164.383754
0.856000, 35102258.732829
0.857000, 34875353.081904
0.858000, 34647759.021366
0.859000, 34420164.960828
0.860000, 34191891.475701
0.861000, 33963617.990574
0.862000, 33734674.092705
0.863000, 33505730.194835
0.864000, 33276124.922536
0.865000, 33046519.650237
0.866000, 32816262.067931
0.867000, 32586004.485626
0.868000, 32355103.683489
0.869000, 32124202.881352
0.870000, 31892667.974951
0.871000, 31661133.068551
0.872000, 31428973.198489
0.873000, 31196813.328427
0.874000, 30964037.659978
0.875000, 30731261.991529
0.876000, 30497879.714278
0.877000, 30264497.437026
0.878000, 30030517.764505
0.879000, 29796538.091983
0.880000, 29561970.261309
0.881000, 29327402.430634
0.882000, 29092255.702143
0.883000, 28857108.973652
0.884000, 28621392.630535
0.885000, 28385676.287417
0.886000, 28149399.635351
0.887000, 27913122.983285
0.888000, 27676295.350067
0.889000, 27439467.716850
0.890000, 27202098.452031
0.891000, 26964729.187211
0.892000, 26726827.661723
0.893000, 26488926.136234
0.894000, 26250501.742021
0.895000, 26012077.347807
0.896000, 25773139.497456
0.897000, 25534201.647105
0.898000, 25294759.773473
0.899000, 25055317.899841
0.900000, 24815381.455684
0.901000, 24575445.011527
0.902000, 24335023.469124
0.903000, 24094601.926721
0.904000, 23853704.777504
0.905000, 23612807.628287
0.906000, 23371444.382462
0.907000, 23130081.136637
0.908000, 22888261.322812
0.909000, 22646441.508987
0.910000, 22404174.673795
0.911000, 22161907.838602
0.912000, 21919203.546322
0.913000, 21676499.254042
0.914000, 21433367.086223
0.915000, 21190234.918405
0.916000, 20946684.473490
0.917000, 20703134.028575
0.918000, 20459174.921519
0.919000, 20215215.814462
0.920000, 19970857.676352
0.921000, 19726499.538242
0.922000, 19481752.015918
0.923000, 19237004.493595
0.924000, 18991877.249272
0.925000, 18746750.004948
0.926000, 18501252.715829
0.927000, 18255755.426710
0.928000, 18009897.784607
0.929000, 17764040.142505
0.930000, 17517831.853457
0.931000, 17271623.564410
0.932000, 17025074.348300
0.933000, 16778525.132190
0.934000, 16531644.722357
0.935000, 16284764.312525
0.936000, 16037562.455387
0.937000, 15790360.598249
0.938000, 15542847.052910
0.939000, 15295333.507572
0.940000, 15047518.045444
0.941000, 14799702.583317
0.942000, 14551594.987730
0.943000, 14303487.392144
0.944000, 14055097.457961
0.945000, 13806707.523779
0.946000, 13558045.057010
0.947000, 13309382.590241
0.948000, 13060457.407654
0.949000, 12811532.225066
0.950000, 12562354.153801
0.951000, 12313176.082535
0.952000, 12063754.959715
0.953000, 11814333.836896
0.954000, 11564679.509240
0.955000, 11315025.181584
0.956000, 11065147.505018
0.957000, 10815269.828452
0.958000, 10565178.667719
0.959000, 10315087.506985
0.960000, 10064792.735255
0.961000, 9814497.963525
0.962000, 9564009.462007
0.963000, 9313520.960490
0.964000, 9062848.618041
0.965000, 8812176.275593
0.966000, 8561329.988329
0.967000, 8310483.701065
0.968000, 8059473.371968
0.969000, 7808463.042871
0.970000, 7557298.581397
0.971000, 7306134.119924
0.972000, 7054825.441618
0.973000, 6803516.763312
0.974000, 6552073.789410
0.975000, 6300630.815508
0.976000, 6049063.472547
0.977000, 5797496.129586
0.978000, 5545814.349015
0.979000, 5294132.568444
0.980000, 5042346.286229
0.981000, 4790560.004013
0.982000, 4538679.160244
0.983000, 4286798.316475
0.984000, 4034832.854977
0.985000, 3782867.393480
0.986000, 3530827.261418
0.987000, 3278787.129356
0.988000, 3026682.276844
0.989000, 2774577.424331
0.990000, 2522417.804036
0.991000, 2270258.183740
0.992000, 2018053.750491
0.993000, 1765849.317243
0.994000, 1513610.027640
0.995000, 1261370.738038
0.996000, 1009106.550057
0.997000, 756842.362076
0.998000, 504563.234675
0.999000, 252284.107274
1.000000, 0.000000
