0.000000, 0.000000
0.001000, 35044.957416
0.002000, 70089.223075
0.003000, 105133.488733
0.004000, 140175.679147
0.005000, 175217.869561
0.006000, 210256.601323
0.007000, 245295.333086
0.008000, 280329.222929
0.009000, 315363.112772
0.010000, 350390.777617
0.011000, 385418.442463
0.012000, 420438.499478
0.013000, 455458.556493
0.014000, 490469.623146
0.015000, 525480.689799
0.016000, 560481.383913
0.017000, 595482.078027
0.018000, 630471.017835
0.019000, 665459.957643
0.020000, 700435.761841
0.021000, 735411.566039
0.022000, 770372.853842
0.023000, 805334.141645
0.024000, 840279.532842
0.025000, 875224.924038
0.026000, 910153.039044
0.027000, 945081.154051
0.028000, 979990.613964
0.029000, 1014900.073877
0.030000, 1049789.500532
0.031000, 1084678.927186
0.032000, 1119546.943207
0.033000, 1154414.959229
0.034000, 1189260.188087
0.035000, 1224105.416945
0.036000, 1258926.483010
0.037000, 1293747.549076
0.038000, 1328543.077672
0.039000, 1363338.606269
0.040000, 1398107.223728
0.041000, 1432875.841187
0.042000, 1467616.174905
0.043000, 1502356.508622
0.044000, 1537067.187107
0.045000, 1571777.865593
0.046000, 1606457.518530
0.047000, 1641137.171466
0.048000, 1675784.429760
0.049000, 1710431.688054
0.050000, 1745045.183890
0.051000, 1779658.679727
0.052000, 1814237.046625
0.053000, 1848815.413522
0.054000, 1883357.286387
0.055000, 1917899.159251
0.056000, 1952403.174428
0.057000, 1986907.189605
0.058000, 2021371.984935
0.059000, 2055836.780266
0.060000, 2090260.995138
0.061000, 2124685.210010
0.062000, 2159067.485415
0.063000, 2193449.760820
0.064000, 2227788.739405
0.065000, 2262127.717990
0.066000, 2296422.044110
0.067000, 2330716.370230
0.068000, 2364964.690005
0.069000, 2399213.009779
0.070000, 2433413.971143
0.071000, 2467614.932507
0.072000, 2501767.185265
0.073000, 2535919.438022
0.074000, 2570021.633901
0.075000, 2604123.829781
0.076000, 2638174.622485
0.077000, 2672225.415189
0.078000, 2706223.460451
0.079000, 2740221.505713
0.080000, 2774165.461349
0.081000, 2808109.416985
0.082000, 2841997.942945
0.083000, 2875886.468905
0.084000, 2909718.227328
0.085000, 2943549.985751
0.086000, 2977323.641018
0.087000, 3011097.296284
0.088000, 3044811.515068
0.089000, 3078525.733852
0.090000, 3112179.185173
0.091000, 3145832.636495
0.092000, 3179423.991773
0.093000, 3213015.347052
0.094000, 3246543.280158
0.095000, 3280071.213265
0.096000, 3313534.400574
0.097000, 3346997.587882
0.098000, 3380394.708324
0.099000, 3413791.828766
0.100000, 3447121.563880
0.101000, 3480451.298994
0.102000, 3513712.332979
0.103000, 3546973.366964
0.104000, 3580164.386731
0.105000, 3613355.406499
0.106000, 3646475.101724
0.107000, 3679594.796949
0.108000, 3712641.860123
0.109000, 3745688.923297
0.110000, 3778662.049779
0.111000, 3811635.176261
0.112000, 3844533.064327
0.113000, 3877430.952394
0.114000, 3910252.303293
0.115000, 3943073.654192
0.116000, 3975817.172193
0.117000, 4008560.690194
0.118000, 4041225.082639
0.119000, 4073889.475084
0.120000, 4106473.452438
0.121000, 4139057.429793
0.122000, 4171559.705697
0.123000, 4204061.981602
0.124000, 4236481.272922
0.125000, 4268900.564242
0.126000, 4301235.591120
0.127000, 4333570.617997
0.128000, 4365820.103901
0.129000, 4398069.589805
0.130000, 4430232.261581
0.131000, 4462394.933356
0.132000, 4494469.521276
0.133000, 4526544.109196
0.134000, 4558529.347011
0.135000, 4590514.584825
0.136000, 4622409.209812
0.137000, 4654303.834799
0.138000, 4686106.587813
0.139000, 4717909.340827
0.140000, 4749618.966349
0.141000, 4781328.591872
0.142000, 4812943.838062
0.143000, 4844559.084251
0.144000, 4876078.702992
0.145000, 4907598.321733
0.146000, 4939021.068685
0.147000, 4970443.815637
0.148000, 5001768.450283
0.149000, 5033093.084929
0.150000, 5064318.370627
0.151000, 5095543.656324
0.152000, 5126668.360353
0.153000, 5157793.064381
0.154000, 5188815.957990
0.155000, 5219838.851599
0.156000, 5250758.710058
0.157000, 5281678.568517
0.158000, 5312494.171163
0.159000, 5343309.773809
0.160000, 5374019.904095
0.161000, 5404730.034380
0.162000, 5435333.479922
0.163000, 5465936.925464
0.164000, 5496432.478091
0.165000, 5526928.030717
0.166000, 5557314.486516
0.167000, 5587700.942315
0.168000, 5617977.101682
0.169000, 5648253.261048
0.170000, 5678417.928730
0.171000, 5708582.596413
0.172000, 5738634.581563
0.173000, 5768686.566712
0.174000, 5798624.682928
0.175000, 5828562.799143
0.176000, 5858385.864519
0.177000, 5888208.929895
0.178000, 5917915.767067
0.179000, 5947622.604240
0.180000, 5977212.040434
0.181000, 6006801.476629
0.182000, 6036272.343705
0.183000, 6065743.210781
0.184000, 6095094.345279
0.185000, 6124445.479777
0.186000, 6153675.722965
0.187000, 6182905.966152
0.188000, 6212014.164070
0.189000, 6241122.361987
0.190000, 6270107.365492
0.191000, 6299092.368997
0.192000, 6327953.033812
0.193000, 6356813.698627
0.194000, 6385548.885381
0.195000, 6414284.072136
0.196000, 6442892.646414
0.197000, 6471501.220693
0.198000, 6499982.053078
0.199000, 6528462.885462
0.200000, 6556814.851579
0.201000, 6585166.817696
0.202000, 6613388.798258
0.203000, 6641610.778819
0.204000, 6669701.659670
0.205000, 6697792.540521
0.206000, 6725751.212682
0.207000, 6753709.884842
0.208000, 6781535.244551
0.209000, 6809360.604261
0.210000, 6837051.553022
0.211000, 6864742.501783
0.212000, 6892297.946404
0.213000, 6919853.391025
0.214000, 6947272.243664
0.215000, 6974691.096303
0.216000, 7001972.274512
0.217000, 7029253.452720
0.218000, 7056395.879484
0.219000, 7083538.306247
0.220000, 7110540.910029
0.221000, 7137543.513810
0.222000, 7164405.228594
0.223000, 7191266.943377
0.224000, 7217986.708708
0.225000, 7244706.474038
0.226000, 7271283.235066
0.227000, 7297859.996093
0.228000, 7324292.703612
0.229000, 7350725.411131
0.230000, 7377013.021623
0.231000, 7403300.632116
0.232000, 7429442.107792
0.233000, 7455583.583468
0.234000, 7481577.892308
0.235000, 7507572.201147
0.236000, 7533418.316939
0.237000, 7559264.432731
0.238000, 7584961.335114
0.239000, 7610658.237498
0.240000, 7636204.912003
0.241000, 7661751.586509
0.242000, 7687147.024598
0.243000, 7712542.462687
0.244000, 7737785.661790
0.245000, 7763028.860894
0.246000, 7788118.824454
0.247000, 7813208.788014
0.248000, 7838144.525522
0.249000, 7863080.263030
0.250000, 7887860.790065
0.251000, 7912641.317100
0.252000, 7937265.655371
0.253000, 7961889.993641
0.254000, 7986357.171019
0.255000, 8010824.348397
0.256000, 8035133.398960
0.257000, 8059442.449524
0.258000, 8083592.413594
0.259000, 8107742.377664
0.260000, 8131732.301840
0.261000, 8155722.226017
0.262000, 8179551.163219
0.263000, 8203380.100421
0.264000, 8227047.109924
0.265000, 8250714.119426
0.266000, 8274218.266895
0.267000, 8297722.414365
0.268000, 8321062.771898
0.269000, 8344403.129430
0.270000, 8367578.775589
0.271000, 8390754.421748
0.272000, 8413764.441599
0.273000, 8436774.461449
0.274000, 8459617.946595
0.275000, 8482461.431740
0.276000, 8505137.480359
0.277000, 8527813.528978
0.278000, 8550321.245859
0.279000, 8572828.962740
0.280000, 8595167.459317
0.281000, 8617505.955894
0.282000, 8639674.350281
0.283000, 8661842.744668
0.284000, 8683840.161695
0.285000, 8705837.578722
0.286000, 8727663.149968
0.287000, 8749488.721215
0.288000, 8771141.585044
0.289000, 8792794.448874
0.290000, 8814273.750470
0.291000, 8835753.052065
0.292000, 8857057.943460
0.293000, 8878362.834854
0.294000, 8899492.474968
0.295000, 8920622.115081
0.296000, 8941575.669751
0.297000, 8962529.224421
0.298000, 8983305.866438
0.299000, 9004082.508454
0.300000, 9024681.417591
0.301000, 9045280.326727
0.302000, 9065700.689774
0.303000, 9086121.052820
0.304000, 9106362.063617
0.305000, 9126603.074413
0.306000, 9146663.933878
0.307000, 9166724.793343
0.308000, 9186604.709509
0.309000, 9206484.625674
0.310000, 9226182.813715
0.311000, 9245881.001756
0.312000, 9265396.684022
0.313000, 9284912.366288
0.314000, 9304244.772333
0.315000, 9323577.178378
0.316000, 9342725.544992
0.317000, 9361873.911606
0.318000, 9380837.482843
0.319000, 9399801.054081
0.320000, 9418579.081293
0.321000, 9437357.108506
0.322000, 9455948.850369
0.323000, 9474540.592232
0.324000, 9492945.314775
0.325000, 9511350.037318
0.326000, 9529567.013954
0.327000, 9547783.990590
0.328000, 9565812.502145
0.329000, 9583841.013699
0.330000, 9601680.348437
0.331000, 9619519.683175
0.332000, 9637169.136830
0.333000, 9654818.590485
0.334000, 9672277.466287
0.335000, 9689736.342089
0.336000, 9707003.950792
0.337000, 9724271.559494
0.338000, 9741347.219401
0.339000, 9758422.879308
0.340000, 9775305.916302
0.341000, 9792188.953296
0.342000, 9808878.700863
0.343000, 9825568.448431
0.344000, 9842064.247689
0.345000, 9858560.046948
0.346000, 9874861.246671
0.347000, 9891162.446394
0.348000, 9907268.403039
0.349000, 9923374.359684
0.350000, 9939284.437414
0.351000, 9955194.515145
0.352000, 9970908.085859
0.353000, 9986621.656573
0.354000, 10002138.099925
0.355000, 10017654.543278
0.356000, 10032973.246706
0.357000, 10048291.950134
0.358000, 10063412.308882
0.359000, 10078532.667630
0.360000, 10093454.084771
0.361000, 10108375.501913
0.362000, 10123097.388376
0.363000, 10137819.274840
0.364000, 10152341.049430
0.365000, 10166862.824020
0.366000, 10181183.913442
0.367000, 10195505.002864
0.368000, 10209624.841747
0.369000, 10223744.680629
0.370000, 10237662.711544
0.371000, 10251580.742459
0.372000, 10265296.415948
0.373000, 10279012.089436
0.374000, 10292524.864025
0.375000, 10306037.638615
0.376000, 10319346.980845
0.377000, 10332656.323075
0.378000, 10345761.707516
0.379000, 10358867.091956
0.380000, 10371768.001229
0.381000, 10384668.910501
0.382000, 10397364.835300
0.383000, 10410060.760100
0.384000, 10422551.199212
0.385000, 10435041.638324
0.386000, 10447326.098648
0.387000, 10459610.558972
0.388000, 10471688.555538
0.389000, 10483766.552105
0.390000, 10495637.608095
0.391000, 10507508.664085
0.392000, 10519172.310850
0.393000, 10530835.957615
0.394000, 10542291.734694
0.395000, 10553747.511773
0.396000, 10564994.966912
0.397000, 10576242.422051
0.398000, 10587281.111219
0.399000, 10598319.800387
0.400000, 10609149.287795
0.401000, 10619978.775204
0.402000, 10630598.633324
0.403000, 10641218.491444
0.404000, 10651628.301021
0.405000, 10662038.110598
0.406000, 10672237.460671
0.407000, 10682436.810744
0.408000, 10692425.298660
0.409000, 10702413.786576
0.410000, 10712191.018007
0.411000, 10721968.249437
0.412000, 10731533.838394
0.413000, 10741099.427351
0.414000, 10750452.996201
0.415000, 10759806.565051
0.416000, 10768947.744531
0.417000, 10778088.924012
0.418000, 10787017.353244
0.419000, 10795945.782477
0.420000, 10804661.108982
0.421000, 10813376.435488
0.422000, 10821878.315200
0.423000, 10830380.194912
0.424000, 10838668.292192
0.425000, 10846956.389472
0.426000, 10855030.377119
0.427000, 10863104.364766
0.428000, 10870963.924033
0.429000, 10878823.483300
0.430000, 10886468.303905
0.431000, 10894113.124511
0.432000, 10901542.904650
0.433000, 10908972.684789
0.434000, 10916187.131147
0.435000, 10923401.577505
0.436000, 10930400.405268
0.437000, 10937399.233030
0.438000, 10944182.165896
0.439000, 10950965.098762
0.440000, 10957531.868952
0.441000, 10964098.639142
0.442000, 10970448.987412
0.443000, 10976799.335682
0.444000, 10982933.011331
0.445000, 10989066.686979
0.446000, 10994983.447860
0.447000, 11000900.208740
0.448000, 11006599.821269
0.449000, 11012299.433797
0.450000, 11017781.672963
0.451000, 11023263.912129
0.452000, 11028528.561502
0.453000, 11033793.210876
0.454000, 11038840.062618
0.455000, 11043886.914360
0.456000, 11048715.769229
0.457000, 11053544.624098
0.458000, 11058155.291460
0.459000, 11062765.958822
0.460000, 11067158.256655
0.461000, 11071550.554488
0.462000, 11075724.309392
0.463000, 11079898.064296
0.464000, 11083853.111498
0.465000, 11087808.158700
0.466000, 11091544.342062
0.467000, 11095280.525424
0.468000, 11098797.697447
0.469000, 11102314.869470
0.470000, 11105612.891303
0.471000, 11108910.913135
0.472000, 11111989.654577
0.473000, 11115068.396020
0.474000, 11117927.735528
0.475000, 11120787.075035
0.476000, 11123426.899727
0.477000, 11126066.724420
0.478000, 11128486.930080
0.479000, 11130907.135740
0.480000, 11133107.626823
0.481000, 11135308.117906
0.482000, 11137288.807540
0.483000, 11139269.497175
0.484000, 11141030.307166
0.485000, 11142791.117157
0.486000, 11144331.977991
0.487000, 11145872.838825
0.488000, 11147193.689671
0.489000, 11148514.540518
0.490000, 11149615.329232
0.491000, 11150716.117947
0.492000, 11151596.801071
0.493000, 11152477.484196
0.494000, 11153138.026963
0.495000, 11153798.569730
0.496000, 11154238.946063
0.497000, 11154679.322396
0.498000, 11154899.514908
0.499000, 11155119.707421
0.500000, 11155119.707421
0.501000, 11155119.707421
0.502000, 11154899.514908
0.503000, 11154679.322396
0.504000, 11154238.946063
0.505000, 11153798.569730
0.506000, 11153138.026963
0.507000, 11152477.484196
0.508000, 11151596.801071
0.509000, 11150716.117947
0.510000, 11149615.329232
0.511000, 11148514.540518
0.512000, 11147193.689671
0.513000, 11145872.838825
0.514000, 11144331.977991
0.515000, 11142791.117157
0.516000, 11141030.307166
0.517000, 11139269.497175
0.518000, 11137288.807540
0.519000, 11135308.117906
0.520000, 11133107.626823
0.521000, 11130907.135740
0.522000, 11128486.930080
0.523000, 11126066.724420
0.524000, 11123426.899727
0.525000, 11120787.075035
0.526000, 11117927.735528
0.527000, 11115068.396020
0.528000, 11111989.654577
0.529000, 11108910.913135
0.530000, 11105612.891303
0.531000, 11102314.869470
0.532000, 11098797.697447
0.533000, 11095280.525424
0.534000, 11091544.342062
0.535000, 11087808.158700
0.536000, 11083853.111498
0.537000, 11079898.064296
0.538000, 11075724.309392
0.539000, 11071550.554488
0.540000, 11067158.256655
0.541000, 11062765.958822
0.542000, 11058155.291460
0.543000, 11053544.624098
0.544000, 11048715.769229
0.545000, 11043886.914360
0.546000, 11038840.062618
0.547000, 11033793.210876
0.548000, 11028528.561502
0.549000, 11023263.912129
0.550000, 11017781.672963
0.551000, 11012299.433797
0.552000, 11006599.821269
0.553000, 11000900.208740
0.554000, 10994983.447860
0.555000, 10989066.686979
0.556000, 10982933.011331
0.557000, 10976799.335682
0.558000, 10970448.987412
0.559000, 10964098.639142
0.560000, 10957531.868952
0.561000, 10950965.098762
0.562000, 10944182.165896
0.563000, 10937399.233030
0.564000, 10930400.405268
0.565000, 10923401.577505
0.566000, 10916187.131147
0.567000, 10908972.684789
0.568000, 10901542.904650
0.569000, 10894113.124511
0.570000, 10886468.303905
0.571000, 10878823.483300
0.572000, 10870963.924033
0.573000, 10863104.364766
0.574000, 10855030.377119
0.575000, 10846956.389472
0.576000, 10838668.292192
0.577000, 10830380.194912
0.578000, 10821878.315200
0.579000, 10813376.435488
0.580000, 10804661.108982
0.581000, 10795945.782477
0.582000, 10787017.353244
0.583000, 10778088.924012
0.584000, 10768947.744531
0.585000, 10759806.565051
0.586000, 10750452.996201
0.587000, 10741099.427351
0.588000, 10731533.838394
0.589000, 10721968.249437
0.590000, 10712191.018007
0.591000, 10702413.786576
0.592000, 10692425.298660
0.593000, 10682436.810744
0.594000, 10672237.460671
0.595000, 10662038.110598
0.596000, 10651628.301021
0.597000, 10641218.491444
0.598000, 10630598.633324
0.599000, 10619978.775204
0.600000, 10609149.287795
0.601000, 10598319.800387
0.602000, 10587281.111219
0.603000, 10576242.422051
0.604000, 10564994.966912
0.605000, 10553747.511773
0.606000, 10542291.734694
0.607000, 10530835.957615
0.608000, 10519172.310850
0.609000, 10507508.664085
0.610000, 10495637.608095
0.611000, 10483766.552105
0.612000, 10471688.555538
0.613000, 10459610.558972
0.614000, 10447326.098648
0.615000, 10435041.638324
0.616000, 10422551.199212
0.617000, 10410060.760100
0.618000, 10397364.835300
0.619000, 10384668.910501
0.620000, 10371768.001229
0.621000, 10358867.091956
0.622000, 10345761.707516
0.623000, 10332656.323075
0.624000, 10319346.980845
0.625000, 10306037.638615
0.626000, 10292524.864025
0.627000, 10279012.089436
0.628000, 10265296.415948
0.629000, 10251580.742459
0.630000, 10237662.711544
0.631000, 10223744.680629
0.632000, 10209624.841747
0.633000, 10195505.002864
0.634000, 10181183.913442
0.635000, 10166862.824020
0.636000, 10152341.049430
0.637000, 10137819.274840
0.638000, 10123097.388376
0.639000, 10108375.501913
0.640000, 10093454.084771
0.641000, 10078532.667630
0.642000, 10063412.308882
0.643000, 10048291.950134
0.644000, 10032973.246706
0.645000, 10017654.543278
0.646000, 10002138.099925
0.647000, 9986621.656573
0.648000, 9970908.085859
0.649000, 9955194.515145
0.650000, 9939284.437414
0.651000, 9923374.359684
0.652000, 9907268.403039
0.653000, 9891162.446394
0.654000, 9874861.246671
0.655000, 9858560.046948
0.656000, 9842064.247689
0.657000, 9825568.448431
0.658000, 9808878.700863
0.659000, 9792188.953296
0.660000, 9775305.916302
0.661000, 9758422.879308
0.662000, 9741347.219401
0.663000, 9724271.559494
0.664000, 9707003.950792
0.665000, 9689736.342089
0.666000, 9672277.466287
0.667000, 9654818.590485
0.668000, 9637169.136830
0.669000, 9619519.683175
0.670000, 9601680.348437
0.671000, 9583841.013699
0.672000, 9565812.502145
0.673000, 9547783.990590
0.674000, 9529567.013954
0.675000, 9511350.037318
0.676000, 9492945.314775
0.677000, 9474540.592232
0.678000, 9455948.850369
0.679000, 9437357.108506
0.680000, 9418579.081293
0.681000, 9399801.054081
0.682000, 9380837.482843
0.683000, 9361873.911606
0.684000, 9342725.544992
0.685000, 9323577.178378
0.686000, 9304244.772333
0.687000, 9284912.366288
0.688000, 9265396.684022
0.689000, 9245881.001756
0.690000, 9226182.813715
0.691000, 9206484.625674
0.692000, 9186604.709509
0.693000, 9166724.793343
0.694000, 9146663.933878
0.695000, 9126603.074413
0.696000, 9106362.063617
0.697000, 9086121.052820
0.698000, 9065700.689774
0.699000, 9045280.326727
0.700000, 9024681.417591
0.701000, 9004082.508454
0.702000, 8983305.866438
0.703000, 8962529.224421
0.704000, 8941575.669751
0.705000, 8920622.115081
0.706000, 8899492.474968
0.707000, 8878362.834854
0.708000, 8857057.943460
0.709000, 8835753.052065
0.710000, 8814273.750470
0.711000, 8792794.448874
0.712000, 8771141.585044
0.713000, 8749488.721215
0.714000, 8727663.149968
0.715000, 8705837.578722
0.716000, 8683840.161695
0.717000, 8661842.744668
0.718000, 8639674.350281
0.719000, 8617505.955894
0.720000, 8595167.459317
0.721000, 8572828.962740
0.722000, 8550321.245859
0.723000, 8527813.528978
0.724000, 8505137.480359
0.725000, 8482461.431740
0.726000, 8459617.946595
0.727000, 8436774.461449
0.728000, 8413764.441599
0.729000, 8390754.421748
0.730000, 8367578.775589
0.731000, 8344403.129430
0.732000, 8321062.771898
0.733000, 8297722.414365
0.734000, 8274218.266895
0.735000, 8250714.119426
0.736000, 8227047.109924
0.737000, 8203380.100421
0.738000, 8179551.163219
0.739000, 8155722.226017
0.740000, 8131732.301840
0.741000, 8107742.377664
0.742000, 8083592.413594
0.743000, 8059442.449524
0.744000, 8035133.398960
0.745000, 8010824.348397
0.746000, 7986357.171019
0.747000, 7961889.993641
0.748000, 7937265.655371
0.749000, 7912641.317100
0.750000, 7887860.790065
0.751000, 7863080.263030
0.752000, 7838144.525522
0.753000, 7813208.788014
0.754000, 7788118.824454
0.755000, 7763028.860894
0.756000, 7737785.661790
0.757000, 7712542.462687
0.758000, 7687147.024598
0.759000, 7661751.586509
0.760000, 7636204.912003
0.761000, 7610658.237498
0.762000, 7584961.335114
0.763000, 7559264.432731
0.764000, 7533418.316939
0.765000, 7507572.201147
0.766000, 7481577.892308
0.767000, 7455583.583468
0.768000, 7429442.107792
0.769000, 7403300.632116
0.770000, 7377013.021623
0.771000, 7350725.411131
0.772000, 7324292.703612
0.773000, 7297859.996093
0.774000, 7271283.235066
0.775000, 7244706.474038
0.776000, 7217986.708708
0.777000, 7191266.943377
0.778000, 7164405.228594
0.779000, 7137543.513810
0.780000, 7110540.910029
0.781000, 7083538.306247
0.782000, 7056395.879484
0.783000, 7029253.452720
0.784000, 7001972.274512
0.785000, 6974691.096303
0.786000, 6947272.243664
0.787000, 6919853.391025
0.788000, 6892297.946404
0.789000, 6864742.501783
0.790000, 6837051.553022
0.791000, 6809360.604261
0.792000, 6781535.244551
0.793000, 6753709.884842
0.794000, 6725751.212682
0.795000, 6697792.540521
0.796000, 6669701.659670
0.797000, 6641610.778819
0.798000, 6613388.798258
0.799000, 6585166.817696
0.800000, 6556814.851579
0.801000, 6528462.885462
0.802000, 6499982.053078
0.803000, 6471501.220693
0.804000, 6442892.646414
0.805000, 6414284.072136
0.806000, 6385548.885381
0.807000, 6356813.698627
0.808000, 6327953.033812
0.809000, 6299092.368997
0.810000, 6270107.365492
0.811000, 6241122.361987
0.812000, 6212014.164070
0.813000, 6182905.966152
0.814000, 6153675.722965
0.815000, 6124445.479777
0.816000, 6095094.345279
0.817000, 6065743.210781
0.818000, 6036272.343705
0.819000, 6006801.476629
0.820000, 5977212.040434
0.821000, 5947622.604240
0.822000, 5917915.767067
0.823000, 5888208.929895
0.824000, 5858385.864519
0.825000, 5828562.799143
0.826000, 5798624.682928
0.827000, 5768686.566712
0.828000, 5738634.581563
0.829000, 5708582.596413
0.830000, 5678417.928730
0.831000, 5648253.261048
0.832000, 5617977.101682
0.833000, 5587700.942315
0.834000, 5557314.486516
0.835000, 5526928.030717
0.836000, 5496432.478091
0.837000, 5465936.925464
0.838000, 5435333.479922
0.839000, 5404730.034380
0.840000, 5374019.904095
0.841000, 5343309.773809
0.842000, 5312494.171163
0.843000, 5281678.568517
0.844000, 5250758.710058
0.845000, 5219838.851599
0.846000, 5188815.957990
0.847000, 5157793.064381
0.848000, 5126668.360353
0.849000, 5095543.656324
0.850000, 5064318.370627
0.851000, 5033093.084929
0.852000, 5001768.450283
0.853000, 4970443.815637
0.854000, 4939021.068685
0.855000, 4907598.321733
0.856000, 4876078.702992
0.857000, 4844559.084251
0.858000, 4812943.838062
0.859000, 4781328.591872
0.860000, 4749618.966349
0.861000, 4717909.340827
0.862000, 4686106.587813
0.863000, 4654303.834799
0.864000, 4622409.209812
0.865000, 4590514.584825
0.866000, 4558529.347011
0.867000, 4526544.109196
0.868000, 4494469.521276
0.869000, 4462394.933356
0.870000, 4430232.261581
0.871000, 4398069.589805
0.872000, 4365820.103901
0.873000, 4333570.617997
0.874000, 4301235.591120
0.875000, 4268900.564242
0.876000, 4236481.272922
0.877000, 4204061.981602
0.878000, 4171559.705697
0.879000, 4139057.429793
0.880000, 4106473.452438
0.881000, 4073889.475084
0.882000, 4041225.082639
0.883000, 4008560.690194
0.884000, 3975817.172193
0.885000, 3943073.654192
0.886000, 3910252.303293
0.887000, 3877430.952394
0.888000, 3844533.064327
0.889000, 3811635.176261
0.890000, 3778662.049779
0.891000, 3745688.923297
0.892000, 3712641.860123
0.893000, 3679594.796949
0.894000, 3646475.101724
0.895000, 3613355.406499
0.896000, 3580164.386731
0.897000, 3546973.366964
0.898000, 3513712.332979
0.899000, 3480451.298994
0.900000, 3447121.563880
0.901000, 3413791.828766
0.902000, 3380394.708324
0.903000, 3346997.587882
0.904000, 3313534.400574
0.905000, 3280071.213265
0.906000, 3246543.280158
0.907000, 3213015.347052
0.908000, 3179423.991773
0.909000, 3145832.636495
0.910000, 3112179.185173
0.911000, 3078525.733852
0.912000, 3044811.515068
0.913000, 3011097.296284
0.914000, 2977323.641018
0.915000, 2943549.985751
0.916000, 2909718.227328
0.917000, 2875886.468905
0.918000, 2841997.942945
0.919000, 2808109.416985
0.920000, 2774165.461349
0.921000, 2740221.505713
0.922000, 2706223.460451
0.923000, 2672225.415189
0.924000, 2638174.622485
0.925000, 2604123.829781
0.926000, 2570021.633901
0.927000, 2535919.438022
0.928000, 2501767.185265
0.929000, 2467614.932507
0.930000, 2433413.971143
0.931000, 2399213.009779
0.932000, 2364964.690005
0.933000, 2330716.370230
0.934000, 2296422.044110
0.935000, 2262127.717990
0.936000, 2227788.739405
0.937000, 2193449.760820
0.938000, 2159067.485415
0.939000, 2124685.210010
0.940000, 2090260.995138
0.941000, 2055836.780266
0.942000, 2021371.984935
0.943000, 1986907.189605
0.944000, 1952403.174428
0.945000, 1917899.159251
0.946000, 1883357.286387
0.947000, 1848815.413522
0.948000, 1814237.046625
0.949000, 1779658.679727
0.950000, 1745045.183890
0.951000, 1710431.688054
0.952000, 1675784.429760
0.953000, 1641137.171466
0.954000, 1606457.518530
0.955000, 1571777.865593
0.956000, 1537067.187107
0.957000, 1502356.508622
0.958000, 1467616.174905
0.959000, 1432875.841187
0.960000, 1398107.223728
0.961000, 1363338.606269
0.962000, 1328543.077672
0.963000, 1293747.549076
0.964000, 1258926.483010
0.965000, 1224105.416945
0.966000, 1189260.188087
0.967000, 1154414.959229
0.968000, 1119546.943207
0.969000, 1084678.927186
0.970000, 1049789.500532
0.971000, 1014900.073877
0.972000, 979990.613964
0.973000, 945081.154051
0.974000, 910153.039044
0.975000, 875224.924038
0.976000, 840279.532842
0.977000, 805334.141645
0.978000, 770372.853842
0.979000, 735411.566039
0.980000, 700435.761841
0.981000, 665459.957643
0.982000, 630471.017835
0.983000, 595482.078027
0.984000, 560481.383913
0.985000, 525480.689799
0.986000, 490469.623146
0.987000, 455458.556493
0.988000, 420438.499478
0.989000, 385418.442463
0.990000, 350390.777617
0.991000, 315363.112772
0.992000, 280329.222929
0.993000, 245295.333086
0.994000, 210256.601323
0.995000, 175217.869561
0.996000, 140175.679147
0.997000, 105133.488733
0.998000, 70089.223075
0.999000, 35044.957416
1.000000, 0.000000
