0.000000, 0.000000
0.001000, 169995.341987
0.002000, 339987.328412
0.003000, 509979.314836
0.004000, 679961.234706
0.005000, 849943.154575
0.006000, 1019908.297295
0.007000, 1189873.440014
0.008000, 1359815.095650
0.009000, 1529756.751286
0.010000, 1699668.210834
0.011000, 1869579.670382
0.012000, 2039454.226027
0.013000, 2209328.781673
0.014000, 2379159.727060
0.015000, 2548990.672447
0.016000, 2718771.302940
0.017000, 2888551.933434
0.018000, 3058275.546385
0.019000, 3227999.159336
0.020000, 3397659.054347
0.021000, 3567318.949359
0.022000, 3736908.428548
0.023000, 3906497.907738
0.024000, 4076010.276003
0.025000, 4245522.644268
0.026000, 4414951.209551
0.027000, 4584379.774834
0.028000, 4753717.848385
0.029000, 4923055.921936
0.030000, 5092296.818578
0.031000, 5261537.715220
0.032000, 5430674.753612
0.033000, 5599811.792004
0.034000, 5768838.294906
0.035000, 5937864.797807
0.036000, 6106774.092341
0.037000, 6275683.386875
0.038000, 6444468.804792
0.039000, 6613254.222709
0.040000, 6781909.100649
0.041000, 6950563.978589
0.042000, 7119081.658347
0.043000, 7287599.338105
0.044000, 7455973.166891
0.045000, 7624346.995678
0.046000, 7792570.326381
0.047000, 7960793.657085
0.048000, 8128859.848538
0.049000, 8296926.039991
0.050000, 8464828.457227
0.051000, 8632730.874463
0.052000, 8800462.888982
0.053000, 8968194.903501
0.054000, 9135749.893531
0.055000, 9303304.883561
0.056000, 9470676.234317
0.057000, 9638047.585074
0.058000, 9805228.689022
0.059000, 9972409.792971
0.060000, 10139394.050088
0.061000, 10306378.307205
0.062000, 10473159.125237
0.063000, 10639939.943270
0.064000, 10806510.737998
0.065000, 10973081.532725
0.066000, 11139435.728218
0.067000, 11305789.923710
0.068000, 11471920.952589
0.069000, 11638051.981468
0.070000, 11803953.285164
0.071000, 11969854.588861
0.072000, 12135519.617875
0.073000, 12301184.646890
0.074000, 12466606.861051
0.075000, 12632029.075212
0.076000, 12797201.943934
0.077000, 12962374.812656
0.078000, 13127291.815197
0.079000, 13292208.817737
0.080000, 13456863.443456
0.081000, 13621518.069174
0.082000, 13785903.817788
0.083000, 13950289.566402
0.084000, 14114399.948243
0.085000, 14278510.330084
0.086000, 14442338.866355
0.087000, 14606167.402627
0.088000, 14769707.625659
0.089000, 14933247.848691
0.090000, 15096493.302195
0.091000, 15259738.755699
0.092000, 15422682.995024
0.093000, 15585627.234350
0.094000, 15748263.826737
0.095000, 15910900.419125
0.096000, 16073222.943959
0.097000, 16235545.468794
0.098000, 16397547.517862
0.099000, 16559549.566929
0.100000, 16721224.744665
0.101000, 16882899.922401
0.102000, 17044241.846146
0.103000, 17205583.769892
0.104000, 17366586.070144
0.105000, 17527588.370396
0.106000, 17688244.691060
0.107000, 17848901.011724
0.108000, 18009205.010363
0.109000, 18169509.009002
0.110000, 18329454.357089
0.111000, 18489399.705175
0.112000, 18648980.088341
0.113000, 18808560.471507
0.114000, 18967769.589792
0.115000, 19126978.708077
0.116000, 19285810.276177
0.117000, 19444641.844278
0.118000, 19603089.591796
0.119000, 19761537.339313
0.120000, 19919595.011003
0.121000, 20077652.682692
0.122000, 20235314.038706
0.123000, 20392975.394721
0.124000, 20550234.210860
0.125000, 20707493.026999
0.126000, 20864343.094955
0.127000, 21021193.162910
0.128000, 21177628.290509
0.129000, 21334063.418109
0.130000, 21490077.429561
0.131000, 21646091.441013
0.132000, 21801678.177153
0.133000, 21957264.913292
0.134000, 22112418.231820
0.135000, 22267571.550349
0.136000, 22422285.326078
0.137000, 22576999.101808
0.138000, 22731267.226905
0.139000, 22885535.352002
0.140000, 23039351.736224
0.141000, 23193168.120446
0.142000, 23346526.691385
0.143000, 23499885.262325
0.144000, 23652779.965649
0.145000, 23805674.668973
0.146000, 23958099.468659
0.147000, 24110524.268346
0.148000, 24262473.146926
0.149000, 24414422.025505
0.150000, 24565888.984296
0.151000, 24717355.943087
0.152000, 24868335.002433
0.153000, 25019314.061778
0.154000, 25169799.261285
0.155000, 25320284.460791
0.156000, 25470269.859560
0.157000, 25620255.258328
0.158000, 25769734.935192
0.159000, 25919214.612057
0.160000, 26068182.665815
0.161000, 26217150.719573
0.162000, 26365601.269221
0.163000, 26514051.818870
0.164000, 26661979.003835
0.165000, 26809906.188800
0.166000, 26957304.169170
0.167000, 27104702.149540
0.168000, 27251565.106294
0.169000, 27398428.063049
0.170000, 27544750.198291
0.171000, 27691072.333532
0.172000, 27836847.870713
0.173000, 27982623.407894
0.174000, 28127846.592046
0.175000, 28273069.776198
0.176000, 28417734.874158
0.177000, 28562399.972118
0.178000, 28706501.272756
0.179000, 28850602.573394
0.180000, 28994134.387838
0.181000, 29137666.202281
0.182000, 29280622.864139
0.183000, 29423579.525997
0.184000, 29565955.391586
0.185000, 29708331.257175
0.186000, 29850120.705739
0.187000, 29991910.154304
0.188000, 30133107.588239
0.189000, 30274305.022174
0.190000, 30414904.867246
0.191000, 30555504.712319
0.192000, 30695501.417889
0.193000, 30835498.123458
0.194000, 30974886.162694
0.195000, 31114274.201930
0.196000, 31253048.072031
0.197000, 31391821.942132
0.198000, 31529976.164544
0.199000, 31668130.386956
0.200000, 31805659.507586
0.201000, 31943188.628216
0.202000, 32080087.217650
0.203000, 32216985.807084
0.204000, 32353248.460801
0.205000, 32489511.114518
0.206000, 32625132.453100
0.207000, 32760753.791683
0.208000, 32895728.461033
0.209000, 33030703.130384
0.210000, 33165025.801933
0.211000, 33299348.473483
0.212000, 33433013.844402
0.213000, 33566679.215322
0.214000, 33699682.008731
0.215000, 33832684.802140
0.216000, 33965019.767317
0.217000, 34097354.732494
0.218000, 34229016.645080
0.219000, 34360678.557666
0.220000, 34491662.219875
0.221000, 34622645.882084
0.222000, 34752946.122905
0.223000, 34883246.363726
0.224000, 35012858.039129
0.225000, 35142469.714531
0.226000, 35271387.707668
0.227000, 35400305.700806
0.228000, 35528524.922216
0.229000, 35656744.143626
0.230000, 35784259.531434
0.231000, 35911774.919241
0.232000, 36038581.439358
0.233000, 36165387.959474
0.234000, 36291480.605794
0.235000, 36417573.252115
0.236000, 36542947.046717
0.237000, 36668320.841320
0.238000, 36792970.834663
0.239000, 36917620.828005
0.240000, 37041542.099119
0.241000, 37165463.370233
0.242000, 37288651.026919
0.243000, 37411838.683604
0.244000, 37534287.862624
0.245000, 37656737.041644
0.246000, 37778442.908914
0.247000, 37900148.776183
0.248000, 38021106.526964
0.249000, 38142064.277745
0.250000, 38262269.136831
0.251000, 38382473.995918
0.252000, 38501921.217829
0.253000, 38621368.439739
0.254000, 38740053.308902
0.255000, 38858738.178065
0.256000, 38976656.009004
0.257000, 39094573.839944
0.258000, 39211719.977466
0.259000, 39328866.114988
0.260000, 39445235.934364
0.261000, 39561605.753740
0.262000, 39677194.660889
0.263000, 39792783.568037
0.264000, 39907586.999706
0.265000, 40022390.431375
0.266000, 40136403.855322
0.267000, 40250417.279268
0.268000, 40363636.194437
0.269000, 40476855.109607
0.270000, 40589275.046310
0.271000, 40701694.983013
0.272000, 40813311.503103
0.273000, 40924928.023194
0.274000, 41035736.720242
0.275000, 41146545.417291
0.276000, 41256541.916760
0.277000, 41366538.416229
0.278000, 41475718.375645
0.279000, 41584898.335061
0.280000, 41693257.444186
0.281000, 41801616.553312
0.282000, 41909150.534314
0.283000, 42016684.515317
0.284000, 42123389.122939
0.285000, 42230093.730561
0.286000, 42335964.752288
0.287000, 42441835.774015
0.288000, 42546869.030239
0.289000, 42651902.286464
0.290000, 42756093.630653
0.291000, 42860284.974842
0.292000, 42963630.293700
0.293000, 43066975.612558
0.294000, 43169470.826189
0.295000, 43271966.039820
0.296000, 43373607.101888
0.297000, 43475248.163956
0.298000, 43576031.061846
0.299000, 43676813.959735
0.300000, 43776734.714711
0.301000, 43876655.469687
0.302000, 43975710.137048
0.303000, 44074764.804409
0.304000, 44172949.473647
0.305000, 44271134.142885
0.306000, 44368444.937837
0.307000, 44465755.732789
0.308000, 44562188.811791
0.309000, 44658621.890794
0.310000, 44754173.446835
0.311000, 44849725.002875
0.312000, 44944391.263741
0.313000, 45039057.524608
0.314000, 45132834.753038
0.315000, 45226611.981469
0.316000, 45319496.475299
0.317000, 45412380.969129
0.318000, 45504369.061438
0.319000, 45596357.153747
0.320000, 45687445.213003
0.321000, 45778533.272258
0.322000, 45868717.702460
0.323000, 45958902.132661
0.324000, 46048179.373481
0.325000, 46137456.614302
0.326000, 46225823.141229
0.327000, 46314189.668156
0.328000, 46401641.992630
0.329000, 46489094.317104
0.330000, 46575628.986657
0.331000, 46662163.656211
0.332000, 46747777.254603
0.333000, 46833390.852995
0.334000, 46918080.000347
0.335000, 47002769.147699
0.336000, 47086530.500629
0.337000, 47170291.853560
0.338000, 47253122.105313
0.339000, 47335952.357066
0.340000, 47417848.237646
0.341000, 47499744.118226
0.342000, 47580702.394523
0.343000, 47661660.670820
0.344000, 47741678.146741
0.345000, 47821695.622661
0.346000, 47900769.139252
0.347000, 47979842.655843
0.348000, 48057969.091417
0.349000, 48136095.526991
0.350000, 48213271.797250
0.351000, 48290448.067510
0.352000, 48366671.125668
0.353000, 48442894.183826
0.354000, 48518161.020726
0.355000, 48593427.857627
0.356000, 48667735.501864
0.357000, 48742043.146101
0.358000, 48815388.664136
0.359000, 48888734.182172
0.360000, 48961114.678450
0.361000, 49033495.174728
0.362000, 49104907.791791
0.363000, 49176320.408854
0.364000, 49246762.327453
0.365000, 49317204.246053
0.366000, 49386672.685263
0.367000, 49456141.124473
0.368000, 49524633.341798
0.369000, 49593125.559124
0.370000, 49660638.850609
0.371000, 49728152.142095
0.372000, 49794683.842431
0.373000, 49861215.542767
0.374000, 49926763.025397
0.375000, 49992310.508027
0.376000, 50056871.185247
0.377000, 50121431.862467
0.378000, 50185003.185534
0.379000, 50248574.508600
0.380000, 50311153.967825
0.381000, 50373733.427050
0.382000, 50435318.551904
0.383000, 50496903.676759
0.384000, 50557492.035966
0.385000, 50618080.395174
0.386000, 50677669.596811
0.387000, 50737258.798448
0.388000, 50795846.490034
0.389000, 50854434.181621
0.390000, 50912018.050215
0.391000, 50969601.918809
0.392000, 51026179.691098
0.393000, 51082757.463387
0.394000, 51138326.905777
0.395000, 51193896.348168
0.396000, 51248455.266873
0.397000, 51303014.185579
0.398000, 51356560.426707
0.399000, 51410106.667835
0.400000, 51462638.117472
0.401000, 51515169.567108
0.402000, 51566684.151402
0.403000, 51618198.735695
0.404000, 51668694.420938
0.405000, 51719190.106180
0.406000, 51768664.898889
0.407000, 51818139.691598
0.408000, 51866591.638592
0.409000, 51915043.585587
0.410000, 51962470.774067
0.411000, 52009897.962548
0.412000, 52056298.520171
0.413000, 52102699.077793
0.414000, 52148071.172743
0.415000, 52193443.267693
0.416000, 52237785.108757
0.417000, 52282126.949821
0.418000, 52325436.786460
0.419000, 52368746.623100
0.420000, 52411022.745515
0.421000, 52453298.867931
0.422000, 52494539.607134
0.423000, 52535780.346337
0.424000, 52575984.074214
0.425000, 52616187.802091
0.426000, 52655352.931468
0.427000, 52694518.060844
0.428000, 52732643.045548
0.429000, 52770768.030252
0.430000, 52807851.365174
0.431000, 52844934.700096
0.432000, 52880974.921249
0.433000, 52917015.142402
0.434000, 52952010.826981
0.435000, 52987006.511560
0.436000, 53020956.277994
0.437000, 53054906.044429
0.438000, 53087808.552440
0.439000, 53120711.060452
0.440000, 53152565.011105
0.441000, 53184418.961759
0.442000, 53215223.097515
0.443000, 53246027.233272
0.444000, 53275780.338037
0.445000, 53305533.442802
0.446000, 53334234.341973
0.447000, 53362935.241145
0.448000, 53390582.801661
0.449000, 53418230.362177
0.450000, 53444823.492559
0.451000, 53471416.622941
0.452000, 53496954.273338
0.453000, 53522491.923734
0.454000, 53546973.085963
0.455000, 53571454.248192
0.456000, 53594877.955778
0.457000, 53618301.663365
0.458000, 53640666.991581
0.459000, 53663032.319797
0.460000, 53684338.385699
0.461000, 53705644.451600
0.462000, 53725890.414059
0.463000, 53746136.376518
0.464000, 53765321.436259
0.465000, 53784506.496001
0.466000, 53802629.895630
0.467000, 53820753.295260
0.468000, 53837814.319298
0.469000, 53854875.343336
0.470000, 53870873.318242
0.471000, 53886871.293147
0.472000, 53901805.587348
0.473000, 53916739.881549
0.474000, 53930609.905465
0.475000, 53944479.929381
0.476000, 53957285.135447
0.477000, 53970090.341513
0.478000, 53981830.224202
0.479000, 53993570.106890
0.480000, 54004244.202731
0.481000, 54014918.298571
0.482000, 54024526.186168
0.483000, 54034134.073766
0.484000, 54042675.373817
0.485000, 54051216.673869
0.486000, 54058691.049179
0.487000, 54066165.424488
0.488000, 54072572.579981
0.489000, 54078979.735473
0.490000, 54084319.418204
0.491000, 54089659.100935
0.492000, 54093931.100104
0.493000, 54098203.099273
0.494000, 54101407.246228
0.495000, 54104611.393184
0.496000, 54106747.561431
0.497000, 54108883.729678
0.498000, 54109951.834885
0.499000, 54111019.940092
0.500000, 54111019.940092
0.501000, 54111019.940092
0.502000, 54109951.834885
0.503000, 54108883.729678
0.504000, 54106747.561431
0.505000, 54104611.393184
0.506000, 54101407.246228
0.507000, 54098203.099273
0.508000, 54093931.100104
0.509000, 54089659.100935
0.510000, 54084319.418204
0.511000, 54078979.735473
0.512000, 54072572.579981
0.513000, 54066165.424488
0.514000, 54058691.049179
0.515000, 54051216.673869
0.516000, 54042675.373817
0.517000, 54034134.073766
0.518000, 54024526.186168
0.519000, 54014918.298571
0.520000, 54004244.202731
0.521000, 53993570.106890
0.522000, 53981830.224202
0.523000, 53970090.341513
0.524000, 53957285.135447
0.525000, 53944479.929381
0.526000, 53930609.905465
0.527000, 53916739.881549
0.528000, 53901805.587348
0.529000, 53886871.293147
0.530000, 53870873.318242
0.531000, 53854875.343336
0.532000, 53837814.319298
0.533000, 53820753.295260
0.534000, 53802629.895630
0.535000, 53784506.496001
0.536000, 53765321.436259
0.537000, 53746136.376518
0.538000, 53725890.414059
0.539000, 53705644.451600
0.540000, 53684338.385699
0.541000, 53663032.319797
0.542000, 53640666.991581
0.543000, 53618301.663365
0.544000, 53594877.955778
0.545000, 53571454.248192
0.546000, 53546973.085963
0.547000, 53522491.923734
0.548000, 53496954.273338
0.549000, 53471416.622941
0.550000, 53444823.492559
0.551000, 53418230.362177
0.552000, 53390582.801661
0.553000, 53362935.241145
0.554000, 53334234.341973
0.555000, 53305533.442802
0.556000, 53275780.338037
0.557000, 53246027.233272
0.558000, 53215223.097515
0.559000, 53184418.961759
0.560000, 53152565.011105
0.561000, 53120711.060452
0.562000, 53087808.552440
0.563000, 53054906.044429
0.564000, 53020956.277994
0.565000, 52987006.511560
0.566000, 52952010.826981
0.567000, 52917015.142402
0.568000, 52880974.921249
0.569000, 52844934.700096
0.570000, 52807851.365174
0.571000, 52770768.030252
0.572000, 52732643.045548
0.573000, 52694518.060844
0.574000, 52655352.931468
0.575000, 52616187.802091
0.576000, 52575984.074214
0.577000, 52535780.346337
0.578000, 52494539.607134
0.579000, 52453298.867931
0.580000, 52411022.745515
0.581000, 52368746.623100
0.582000, 52325436.786460
0.583000, 52282126.949821
0.584000, 52237785.108757
0.585000, 52193443.267693
0.586000, 52148071.172743
0.587000, 52102699.077793
0.588000, 52056298.520171
0.589000, 52009897.962548
0.590000, 51962470.774067
0.591000, 51915043.585587
0.592000, 51866591.638592
0.593000, 51818139.691598
0.594000, 51768664.898889
0.595000, 51719190.106180
0.596000, 51668694.420938
0.597000, 51618198.735695
0.598000, 51566684.151402
0.599000, 51515169.567108
0.600000, 51462638.117472
0.601000, 51410106.667835
0.602000, 51356560.426707
0.603000, 51303014.185579
0.604000, 51248455.266873
0.605000, 51193896.348168
0.606000, 51138326.905777
0.607000, 51082757.463387
0.608000, 51026179.691098
0.609000, 50969601.918809
0.610000, 50912018.050215
0.611000, 50854434.181621
0.612000, 50795846.490034
0.613000, 50737258.798448
0.614000, 50677669.596811
0.615000, 50618080.395174
0.616000, 50557492.035966
0.617000, 50496903.676759
0.618000, 50435318.551904
0.619000, 50373733.427050
0.620000, 50311153.967825
0.621000, 50248574.508600
0.622000, 50185003.185534
0.623000, 50121431.862467
0.624000, 50056871.185247
0.625000, 49992310.508027
0.626000, 49926763.025397
0.627000, 49861215.542767
0.628000, 49794683.842431
0.629000, 49728152.142095
0.630000, 49660638.850609
0.631000, 49593125.559124
0.632000, 49524633.341798
0.633000, 49456141.124473
0.634000, 49386672.685263
0.635000, 49317204.246053
0.636000, 49246762.327453
0.637000, 49176320.408854
0.638000, 49104907.791791
0.639000, 49033495.174728
0.640000, 48961114.678450
0.641000, 48888734.182172
0.642000, 48815388.664136
0.643000, 48742043.146101
0.644000, 48667735.501864
0.645000, 48593427.857627
0.646000, 48518161.020726
0.647000, 48442894.183826
0.648000, 48366671.125668
0.649000, 48290448.067510
0.650000, 48213271.797250
0.651000, 48136095.526991
0.652000, 48057969.091417
0.653000, 47979842.655843
0.654000, 47900769.139252
0.655000, 47821695.622661
0.656000, 47741678.146741
0.657000, 47661660.670820
0.658000, 47580702.394523
0.659000, 47499744.118226
0.660000, 47417848.237646
0.661000, 47335952.357066
0.662000, 47253122.105313
0.663000, 47170291.853560
0.664000, 47086530.500629
0.665000, 47002769.147699
0.666000, 46918080.000347
0.667000, 46833390.852995
0.668000, 46747777.254603
0.669000, 46662163.656211
0.670000, 46575628.986657
0.671000, 46489094.317104
0.672000, 46401641.992630
0.673000, 46314189.668156
0.674000, 46225823.141229
0.675000, 46137456.614302
0.676000, 46048179.373481
0.677000, 45958902.132661
0.678000, 45868717.702460
0.679000, 45778533.272258
0.680000, 45687445.213003
0.681000, 45596357.153747
0.682000, 45504369.061438
0.683000, 45412380.969129
0.684000, 45319496.475299
0.685000, 45226611.981469
0.686000, 45132834.753038
0.687000, 45039057.524608
0.688000, 44944391.263741
0.689000, 44849725.002875
0.690000, 44754173.446835
0.691000, 44658621.890794
0.692000, 44562188.811791
0.693000, 44465755.732789
0.694000, 44368444.937837
0.695000, 44271134.142885
0.696000, 44172949.473647
0.697000, 44074764.804409
0.698000, 43975710.137048
0.699000, 43876655.469687
0.700000, 43776734.714711
0.701000, 43676813.959735
0.702000, 43576031.061846
0.703000, 43475248.163956
0.704000, 43373607.101888
0.705000, 43271966.039820
0.706000, 43169470.826189
0.707000, 43066975.612558
0.708000, 42963630.293700
0.709000, 42860284.974842
0.710000, 42756093.630653
0.711000, 42651902.286464
0.712000, 42546869.030239
0.713000, 42441835.774015
0.714000, 42335964.752288
0.715000, 42230093.730561
0.716000, 42123389.122939
0.717000, 42016684.515317
0.718000, 41909150.534314
0.719000, 41801616.553312
0.720000, 41693257.444186
0.721000, 41584898.335061
0.722000, 41475718.375645
0.723000, 41366538.416229
0.724000, 41256541.916760
0.725000, 41146545.417291
0.726000, 41035736.720242
0.727000, 40924928.023194
0.728000, 40813311.503103
0.729000, 40701694.983013
0.730000, 40589275.046310
0.731000, 40476855.109607
0.732000, 40363636.194437
0.733000, 40250417.279268
0.734000, 40136403.855322
0.735000, 40022390.431375
0.736000, 39907586.999706
0.737000, 39792783.568037
0.738000, 39677194.660889
0.739000, 39561605.753740
0.740000, 39445235.934364
0.741000, 39328866.114988
0.742000, 39211719.977466
0.743000, 39094573.839944
0.744000, 38976656.009004
0.745000, 38858738.178065
0.746000, 38740053.308902
0.747000, 38621368.439739
0.748000, 38501921.217829
0.749000, 38382473.995918
0.750000, 38262269.136831
0.751000, 38142064.277745
0.752000, 38021106.526964
0.753000, 37900148.776183
0.754000, 37778442.908914
0.755000, 37656737.041644
0.756000, 37534287.862624
0.757000, 37411838.683604
0.758000, 37288651.026919
0.759000, 37165463.370233
0.760000, 37041542.099119
0.761000, 36917620.828005
0.762000, 36792970.834663
0.763000, 36668320.841320
0.764000, 36542947.046717
0.765000, 36417573.252115
0.766000, 36291480.605794
0.767000, 36165387.959474
0.768000, 36038581.439358
0.769000, 35911774.919241
0.770000, 35784259.531434
0.771000, 35656744.143626
0.772000, 35528524.922216
0.773000, 35400305.700806
0.774000, 35271387.707668
0.775000, 35142469.714531
0.776000, 35012858.039129
0.777000, 34883246.363726
0.778000, 34752946.122905
0.779000, 34622645.882084
0.780000, 34491662.219875
0.781000, 34360678.557666
0.782000, 34229016.645080
0.783000, 34097354.732494
0.784000, 33965019.767317
0.785000, 33832684.802140
0.786000, 33699682.008731
0.787000, 33566679.215322
0.788000, 33433013.844402
0.789000, 33299348.473483
0.790000, 33165025.801933
0.791000, 33030703.130384
0.792000, 32895728.461033
0.793000, 32760753.791683
0.794000, 32625132.453100
0.795000, 32489511.114518
0.796000, 32353248.460801
0.797000, 32216985.807084
0.798000, 32080087.217650
0.799000, 31943188.628216
0.800000, 31805659.507586
0.801000, 31668130.386956
0.802000, 31529976.164544
0.803000, 31391821.942132
0.804000, 31253048.072031
0.805000, 31114274.201930
0.806000, 30974886.162694
0.807000, 30835498.123458
0.808000, 30695501.417889
0.809000, 30555504.712319
0.810000, 30414904.867246
0.811000, 30274305.022174
0.812000, 30133107.588239
0.813000, 29991910.154304
0.814000, 29850120.705739
0.815000, 29708331.257175
0.816000, 29565955.391586
0.817000, 29423579.525997
0.818000, 29280622.864139
0.819000, 29137666.202281
0.820000, 28994134.387838
0.821000, 28850602.573394
0.822000, 28706501.272756
0.823000, 28562399.972118
0.824000, 28417734.874158
0.825000, 28273069.776198
0.826000, 28127846.592046
0.827000, 27982623.407894
0.828000, 27836847.870713
0.829000, 27691072.333532
0.830000, 27544750.198291
0.831000, 27398428.063049
0.832000, 27251565.106294
0.833000, 27104702.149540
0.834000, 26957304.169170
0.835000, 26809906.188800
0.836000, 26661979.003835
0.837000, 26514051.818870
0.838000, 26365601.269221
0.839000, 26217150.719573
0.840000, 26068182.665815
0.841000, 25919214.612057
0.842000, 25769734.935192
0.843000, 25620255.258328
0.844000, 25470269.859560
0.845000, 25320284.460791
0.846000, 25169799.261285
0.847000, 25019314.061778
0.848000, 24868335.002433
0.849000, 24717355.943087
0.850000, 24565888.984296
0.851000, 24414422.025505
0.852000, 24262473.146926
0.853000, 24110524.268346
0.854000, 23958099.468659
0.855000, 23805674.668973
0.856000, 23652779.965649
0.857000, 23499885.262325
0.858000, 23346526.691385
0.859000, 23193168.120446
0.860000, 23039351.736224
0.861000, 22885535.352002
0.862000, 22731267.226905
0.863000, 22576999.101808
0.864000, 22422285.326078
0.865000, 22267571.550349
0.866000, 22112418.231820
0.867000, 21957264.913292
0.868000, 21801678.177153
0.869000, 21646091.441013
0.870000, 21490077.429561
0.871000, 21334063.418109
0.872000, 21177628.290509
0.873000, 21021193.162910
0.874000, 20864343.094955
0.875000, 20707493.026999
0.876000, 20550234.210860
0.877000, 20392975.394721
0.878000, 20235314.038706
0.879000, 20077652.682692
0.880000, 19919595.011003
0.881000, 19761537.339313
0.882000, 19603089.591796
0.883000, 19444641.844278
0.884000, 19285810.276177
0.885000, 19126978.708077
0.886000, 18967769.589792
0.887000, 18808560.471507
0.888000, 18648980.088341
0.889000, 18489399.705175
0.890000, 18329454.357089
0.891000, 18169509.009002
0.892000, 18009205.010363
0.893000, 17848901.011724
0.894000, 17688244.691060
0.895000, 17527588.370396
0.896000, 17366586.070144
0.897000, 17205583.769892
0.898000, 17044241.846146
0.899000, 16882899.922401
0.900000, 16721224.744665
0.901000, 16559549.566929
0.902000, 16397547.517862
0.903000, 16235545.468794
0.904000, 16073222.943959
0.905000, 15910900.419125
0.906000, 15748263.826737
0.907000, 15585627.234350
0.908000, 15422682.995024
0.909000, 15259738.755699
0.910000, 15096493.302195
0.911000, 14933247.848691
0.912000, 14769707.625659
0.913000, 14606167.402627
0.914000, 14442338.866355
0.915000, 14278510.330084
0.916000, 14114399.948243
0.917000, 13950289.566402
0.918000, 13785903.817788
0.919000, 13621518.069174
0.920000, 13456863.443456
0.921000, 13292208.817737
0.922000, 13127291.815197
0.923000, 12962374.812656
0.924000, 12797201.943934
0.925000, 12632029.075212
0.926000, 12466606.861051
0.927000, 12301184.646890
0.928000, 12135519.617875
0.929000, 11969854.588861
0.930000, 11803953.285164
0.931000, 11638051.981468
0.932000, 11471920.952589
0.933000, 11305789.923710
0.934000, 11139435.728218
0.935000, 10973081.532725
0.936000, 10806510.737998
0.937000, 10639939.943270
0.938000, 10473159.125237
0.939000, 10306378.307205
0.940000, 10139394.050088
0.941000, 9972409.792971
0.942000, 9805228.689022
0.943000, 9638047.585074
0.944000, 9470676.234317
0.945000, 9303304.883561
0.946000, 9135749.893531
0.947000, 8968194.903501
0.948000, 8800462.888982
0.949000, 8632730.874463
0.950000, 8464828.457227
0.951000, 8296926.039991
0.952000, 8128859.848538
0.953000, 7960793.657085
0.954000, 7792570.326381
0.955000, 7624346.995678
0.956000, 7455973.166891
0.957000, 7287599.338105
0.958000, 7119081.658347
0.959000, 6950563.978589
0.960000, 6781909.100649
0.961000, 6613254.222709
0.962000, 6444468.804792
0.963000, 6275683.386875
0.964000, 6106774.092341
0.965000, 5937864.797807
0.966000, 5768838.294906
0.967000, 5599811.792004
0.968000, 5430674.753612
0.969000, 5261537.715220
0.970000, 5092296.818578
0.971000, 4923055.921936
0.972000, 4753717.848385
0.973000, 4584379.774834
0.974000, 4414951.209551
0.975000, 4245522.644268
0.976000, 4076010.276003
0.977000, 3906497.907738
0.978000, 3736908.428548
0.979000, 3567318.949359
0.980000, 3397659.054347
0.981000, 3227999.159336
0.982000, 3058275.546385
0.983000, 2888551.933434
0.984000, 2718771.302940
0.985000, 2548990.672447
0.986000, 2379159.727060
0.987000, 2209328.781673
0.988000, 2039454.226027
0.989000, 1869579.670382
0.990000, 1699668.210834
0.991000, 1529756.751286
0.992000, 1359815.095650
0.993000, 1189873.440014
0.994000, 1019908.297295
0.995000, 849943.154575
0.996000, 679961.234706
0.997000, 509979.314836
0.998000, 339987.328412
0.999000, 169995.341987
1.000000, 0.000000
