0.000000, 0.000000
0.001000, 252.037200
0.002000, 504.069425
0.003000, 756.101650
0.004000, 1008.118950
0.005000, 1260.136251
0.006000, 1512.128677
0.007000, 1764.121103
0.008000, 2016.078707
0.009000, 2268.036311
0.010000, 2519.949146
0.011000, 2771.861981
0.012000, 3023.720102
0.013000, 3275.578222
0.014000, 3527.371686
0.015000, 3779.165149
0.016000, 4030.884016
0.017000, 4282.602882
0.018000, 4534.237213
0.019000, 4785.871544
0.020000, 5037.411406
0.021000, 5288.951269
0.022000, 5540.386731
0.023000, 5791.822194
0.024000, 6043.143331
0.025000, 6294.464469
0.026000, 6545.661358
0.027000, 6796.858248
0.028000, 7047.920974
0.029000, 7298.983700
0.030000, 7549.902350
0.031000, 7800.821000
0.032000, 8051.585668
0.033000, 8302.350337
0.034000, 8552.951124
0.035000, 8803.551911
0.036000, 9053.978924
0.037000, 9304.405937
0.038000, 9554.649288
0.039000, 9804.892640
0.040000, 10054.942451
0.041000, 10304.992263
0.042000, 10554.838662
0.043000, 10804.685062
0.044000, 11054.318187
0.045000, 11303.951311
0.046000, 11553.361305
0.047000, 11802.771299
0.048000, 12051.948317
0.049000, 12301.125334
0.050000, 12550.059538
0.051000, 12798.993742
0.052000, 13047.675305
0.053000, 13296.356868
0.054000, 13544.775972
0.055000, 13793.195076
0.056000, 14041.341914
0.057000, 14289.488752
0.058000, 14537.353528
0.059000, 14785.218304
0.060000, 15032.791232
0.061000, 15280.364160
0.062000, 15527.635467
0.063000, 15774.906774
0.064000, 16021.866698
0.065000, 16268.826622
0.066000, 16515.465413
0.067000, 16762.104204
0.068000, 17008.412126
0.069000, 17254.720047
0.070000, 17500.687375
0.071000, 17746.654704
0.072000, 17992.271728
0.073000, 18237.888752
0.074000, 18483.145776
0.075000, 18728.402801
0.076000, 18973.290142
0.077000, 19218.177483
0.078000, 19462.685474
0.079000, 19707.193465
0.080000, 19951.312453
0.081000, 20195.431441
0.082000, 20439.151789
0.083000, 20682.872136
0.084000, 20926.184221
0.085000, 21169.496307
0.086000, 21412.390524
0.087000, 21655.284742
0.088000, 21897.751502
0.089000, 22140.218263
0.090000, 22382.247995
0.091000, 22624.277727
0.092000, 22865.860874
0.093000, 23107.444022
0.094000, 23348.571049
0.095000, 23589.698076
0.096000, 23830.359462
0.097000, 24071.020848
0.098000, 24311.207093
0.099000, 24551.393338
0.100000, 24791.094960
0.101000, 25030.796581
0.102000, 25270.004116
0.103000, 25509.211651
0.104000, 25747.915656
0.105000, 25986.619661
0.106000, 26224.810712
0.107000, 26463.001764
0.108000, 26700.670458
0.109000, 26938.339152
0.110000, 27175.476107
0.111000, 27412.613061
0.112000, 27649.208914
0.113000, 27885.804767
0.114000, 28121.850179
0.115000, 28357.895590
0.116000, 28593.381240
0.117000, 28828.866891
0.118000, 29063.783484
0.119000, 29298.700078
0.120000, 29533.038340
0.121000, 29767.376602
0.122000, 30001.127282
0.123000, 30234.877961
0.124000, 30468.031830
0.125000, 30701.185699
0.126000, 30933.733553
0.127000, 31166.281407
0.128000, 31398.214065
0.129000, 31630.146724
0.130000, 31861.455030
0.131000, 32092.763336
0.132000, 32323.438159
0.133000, 32554.112981
0.134000, 32784.145213
0.135000, 33014.177445
0.136000, 33243.558006
0.137000, 33472.938567
0.138000, 33701.658400
0.139000, 33930.378233
0.140000, 34158.428310
0.141000, 34386.478387
0.142000, 34613.849704
0.143000, 34841.221021
0.144000, 35067.904603
0.145000, 35294.588184
0.146000, 35520.575080
0.147000, 35746.561977
0.148000, 35971.843267
0.149000, 36197.124556
0.150000, 36421.691346
0.151000, 36646.258136
0.152000, 36870.101559
0.153000, 37093.944983
0.154000, 37317.056204
0.155000, 37540.167425
0.156000, 37762.537636
0.157000, 37984.907846
0.158000, 38206.528267
0.159000, 38428.148688
0.160000, 38649.010570
0.161000, 38869.872452
0.162000, 39089.967076
0.163000, 39310.061700
0.164000, 39529.380377
0.165000, 39748.699054
0.166000, 39967.233126
0.167000, 40185.767197
0.168000, 40403.508036
0.169000, 40621.248876
0.170000, 40838.187886
0.171000, 41055.126896
0.172000, 41271.255514
0.173000, 41487.384131
0.174000, 41702.693823
0.175000, 41918.003515
0.176000, 42132.485781
0.177000, 42346.968048
0.178000, 42560.614421
0.179000, 42774.260795
0.180000, 42987.062841
0.181000, 43199.864888
0.182000, 43411.814205
0.183000, 43623.763523
0.184000, 43834.851746
0.185000, 44045.939968
0.186000, 44256.158761
0.187000, 44466.377554
0.188000, 44675.718619
0.189000, 44885.059683
0.190000, 45093.514755
0.191000, 45301.969828
0.192000, 45509.530678
0.193000, 45717.091528
0.194000, 45923.749962
0.195000, 46130.408395
0.196000, 46336.156254
0.197000, 46541.904113
0.198000, 46746.733275
0.199000, 46951.562437
0.200000, 47155.464815
0.201000, 47359.367193
0.202000, 47562.334738
0.203000, 47765.302282
0.204000, 47967.326981
0.205000, 48169.351679
0.206000, 48370.425556
0.207000, 48571.499433
0.208000, 48771.614550
0.209000, 48971.729667
0.210000, 49170.878124
0.211000, 49370.026580
0.212000, 49568.200515
0.213000, 49766.374450
0.214000, 49963.566039
0.215000, 50160.757629
0.216000, 50356.959087
0.217000, 50553.160546
0.218000, 50748.364129
0.219000, 50943.567712
0.220000, 51137.765712
0.221000, 51331.963712
0.222000, 51525.148464
0.223000, 51718.333215
0.224000, 51910.497091
0.225000, 52102.660966
0.226000, 52293.796380
0.227000, 52484.931794
0.228000, 52675.031200
0.229000, 52865.130606
0.230000, 53054.186500
0.231000, 53243.242393
0.232000, 53431.247311
0.233000, 53619.252229
0.234000, 53806.198748
0.235000, 53993.145268
0.236000, 54179.026009
0.237000, 54364.906750
0.238000, 54549.714374
0.239000, 54734.521999
0.240000, 54918.249211
0.241000, 55101.976422
0.242000, 55284.615968
0.243000, 55467.255514
0.244000, 55648.800184
0.245000, 55830.344854
0.246000, 56010.787480
0.247000, 56191.230107
0.248000, 56370.563567
0.249000, 56549.897027
0.250000, 56728.114240
0.251000, 56906.331453
0.252000, 57083.425384
0.253000, 57260.519315
0.254000, 57436.482973
0.255000, 57612.446630
0.256000, 57787.273067
0.257000, 57962.099504
0.258000, 58135.781819
0.259000, 58309.464133
0.260000, 58481.995469
0.261000, 58654.526805
0.262000, 58825.900351
0.263000, 58997.273897
0.264000, 59167.482887
0.265000, 59337.691877
0.266000, 59506.729592
0.267000, 59675.767306
0.268000, 59843.627073
0.269000, 60011.486839
0.270000, 60178.162030
0.271000, 60344.837221
0.272000, 60510.321256
0.273000, 60675.805292
0.274000, 60840.091639
0.275000, 61004.377986
0.276000, 61167.460158
0.277000, 61330.542331
0.278000, 61492.413892
0.279000, 61654.285452
0.280000, 61814.940010
0.281000, 61975.594567
0.282000, 62135.025780
0.283000, 62294.456992
0.284000, 62452.658565
0.285000, 62610.860139
0.286000, 62767.825827
0.287000, 62924.791515
0.288000, 63080.515122
0.289000, 63236.238729
0.290000, 63390.714107
0.291000, 63545.189485
0.292000, 63698.410535
0.293000, 63851.631585
0.294000, 64003.592258
0.295000, 64155.552932
0.296000, 64306.247230
0.297000, 64456.941527
0.298000, 64606.363500
0.299000, 64755.785473
0.300000, 64903.929223
0.301000, 65052.072972
0.302000, 65198.932649
0.303000, 65345.792326
0.304000, 65491.362133
0.305000, 65636.931940
0.306000, 65781.206130
0.307000, 65925.480320
0.308000, 66068.453198
0.309000, 66211.426075
0.310000, 66353.091996
0.311000, 66494.757917
0.312000, 66635.111288
0.313000, 66775.464659
0.314000, 66914.499940
0.315000, 67053.535220
0.316000, 67191.246922
0.317000, 67328.958623
0.318000, 67465.341308
0.319000, 67601.723993
0.320000, 67736.772278
0.321000, 67871.820564
0.322000, 68005.529117
0.323000, 68139.237671
0.324000, 68271.601214
0.325000, 68403.964757
0.326000, 68534.978065
0.327000, 68665.991372
0.328000, 68795.649272
0.329000, 68925.307172
0.330000, 69053.604545
0.331000, 69181.901918
0.332000, 69308.833699
0.333000, 69435.765481
0.334000, 69561.326660
0.335000, 69686.887839
0.336000, 69811.073459
0.337000, 69935.259078
0.338000, 70058.064236
0.339000, 70180.869393
0.340000, 70302.289240
0.341000, 70423.709087
0.342000, 70543.738831
0.343000, 70663.768574
0.344000, 70782.403475
0.345000, 70901.038376
0.346000, 71018.273752
0.347000, 71135.509127
0.348000, 71251.340348
0.349000, 71367.171570
0.350000, 71481.594064
0.351000, 71596.016558
0.352000, 71709.025809
0.353000, 71822.035059
0.354000, 71933.626604
0.355000, 72045.218149
0.356000, 72155.387583
0.357000, 72265.557017
0.358000, 72374.299990
0.359000, 72483.042964
0.360000, 72590.355184
0.361000, 72697.667405
0.362000, 72803.544636
0.363000, 72909.421866
0.364000, 73013.859928
0.365000, 73118.297989
0.366000, 73221.292757
0.367000, 73324.287526
0.368000, 73425.834936
0.369000, 73527.382346
0.370000, 73627.478388
0.371000, 73727.574431
0.372000, 73826.215154
0.373000, 73924.855877
0.374000, 74022.037387
0.375000, 74119.218897
0.376000, 74214.937356
0.377000, 74310.655816
0.378000, 74404.907447
0.379000, 74499.159079
0.380000, 74591.940160
0.381000, 74684.721242
0.382000, 74776.028111
0.383000, 74867.334980
0.384000, 74957.164032
0.385000, 75046.993084
0.386000, 75135.340772
0.387000, 75223.688461
0.388000, 75310.551298
0.389000, 75397.414136
0.390000, 75482.788693
0.391000, 75568.163249
0.392000, 75652.046156
0.393000, 75735.929062
0.394000, 75818.317005
0.395000, 75900.704949
0.396000, 75981.594678
0.397000, 76062.484407
0.398000, 76141.872727
0.399000, 76221.261048
0.400000, 76299.144826
0.401000, 76377.028604
0.402000, 76453.404765
0.403000, 76529.780925
0.404000, 76604.646454
0.405000, 76679.511983
0.406000, 76752.863923
0.407000, 76826.215864
0.408000, 76898.051321
0.409000, 76969.886777
0.410000, 77040.202915
0.411000, 77110.519052
0.412000, 77179.313093
0.413000, 77248.107135
0.414000, 77315.376365
0.415000, 77382.645595
0.416000, 77448.387358
0.417000, 77514.129121
0.418000, 77578.340821
0.419000, 77642.552522
0.420000, 77705.231624
0.421000, 77767.910727
0.422000, 77829.054758
0.423000, 77890.198789
0.424000, 77949.805334
0.425000, 78009.411879
0.426000, 78067.478585
0.427000, 78125.545291
0.428000, 78182.069866
0.429000, 78238.594440
0.430000, 78293.574652
0.431000, 78348.554864
0.432000, 78401.988542
0.433000, 78455.422221
0.434000, 78507.307256
0.435000, 78559.192292
0.436000, 78609.526636
0.437000, 78659.860980
0.438000, 78708.642646
0.439000, 78757.424312
0.440000, 78804.651374
0.441000, 78851.878436
0.442000, 78897.549029
0.443000, 78943.219623
0.444000, 78987.331944
0.445000, 79031.444266
0.446000, 79073.996575
0.447000, 79116.548883
0.448000, 79157.539499
0.449000, 79198.530115
0.450000, 79237.957419
0.451000, 79277.384724
0.452000, 79315.247161
0.453000, 79353.109598
0.454000, 79389.405672
0.455000, 79425.701747
0.456000, 79460.430026
0.457000, 79495.158305
0.458000, 79528.317417
0.459000, 79561.476530
0.460000, 79593.065167
0.461000, 79624.653805
0.462000, 79654.670719
0.463000, 79684.687634
0.464000, 79713.131641
0.465000, 79741.575649
0.466000, 79768.445625
0.467000, 79795.315602
0.468000, 79820.610488
0.469000, 79845.905373
0.470000, 79869.624169
0.471000, 79893.342965
0.472000, 79915.484735
0.473000, 79937.626504
0.474000, 79958.190374
0.475000, 79978.754243
0.476000, 79997.739400
0.477000, 80016.724557
0.478000, 80034.130253
0.479000, 80051.535948
0.480000, 80067.361495
0.481000, 80083.187042
0.482000, 80097.431815
0.483000, 80111.676588
0.484000, 80124.340025
0.485000, 80137.003463
0.486000, 80148.085064
0.487000, 80159.166665
0.488000, 80168.665993
0.489000, 80178.165322
0.490000, 80186.082001
0.491000, 80193.998681
0.492000, 80200.332400
0.493000, 80206.666119
0.494000, 80211.416627
0.495000, 80216.167135
0.496000, 80219.334244
0.497000, 80222.501354
0.498000, 80224.084940
0.499000, 80225.668526
0.500000, 80225.668526
0.501000, 80225.668526
0.502000, 80224.084940
0.503000, 80222.501354
0.504000, 80219.334244
0.505000, 80216.167135
0.506000, 80211.416627
0.507000, 80206.666119
0.508000, 80200.332400
0.509000, 80193.998681
0.510000, 80186.082001
0.511000, 80178.165322
0.512000, 80168.665993
0.513000, 80159.166665
0.514000, 80148.085064
0.515000, 80137.003463
0.516000, 80124.340025
0.517000, 80111.676588
0.518000, 80097.431815
0.519000, 80083.187042
0.520000, 80067.361495
0.521000, 80051.535948
0.522000, 80034.130253
0.523000, 80016.724557
0.524000, 79997.739400
0.525000, 79978.754243
0.526000, 79958.190374
0.527000, 79937.626504
0.528000, 79915.484735
0.529000, 79893.342965
0.530000, 79869.624169
0.531000, 79845.905373
0.532000, 79820.610488
0.533000, 79795.315602
0.534000, 79768.445625
0.535000, 79741.575649
0.536000, 79713.131641
0.537000, 79684.687634
0.538000, 79654.670719
0.539000, 79624.653805
0.540000, 79593.065167
0.541000, 79561.476530
0.542000, 79528.317417
0.543000, 79495.158305
0.544000, 79460.430026
0.545000, 79425.701747
0.546000, 79389.405672
0.547000, 79353.109598
0.548000, 79315.247161
0.549000, 79277.384724
0.550000, 79237.957419
0.551000, 79198.530115
0.552000, 79157.539499
0.553000, 79116.548883
0.554000, 79073.996575
0.555000, 79031.444266
0.556000, 78987.331944
0.557000, 78943.219623
0.558000, 78897.549029
0.559000, 78851.878436
0.560000, 78804.651374
0.561000, 78757.424312
0.562000, 78708.642646
0.563000, 78659.860980
0.564000, 78609.526636
0.565000, 78559.192292
0.566000, 78507.307256
0.567000, 78455.422221
0.568000, 78401.988542
0.569000, 78348.554864
0.570000, 78293.574652
0.571000, 78238.594440
0.572000, 78182.069866
0.573000, 78125.545291
0.574000, 78067.478585
0.575000, 78009.411879
0.576000, 77949.805334
0.577000, 77890.198789
0.578000, 77829.054758
0.579000, 77767.910727
0.580000, 77705.231624
0.581000, 77642.552522
0.582000, 77578.340821
0.583000, 77514.129121
0.584000, 77448.387358
0.585000, 77382.645595
0.586000, 77315.376365
0.587000, 77248.107135
0.588000, 77179.313093
0.589000, 77110.519052
0.590000, 77040.202915
0.591000, 76969.886777
0.592000, 76898.051321
0.593000, 76826.215864
0.594000, 76752.863923
0.595000, 76679.511983
0.596000, 76604.646454
0.597000, 76529.780925
0.598000, 76453.404765
0.599000, 76377.028604
0.600000, 76299.144826
0.601000, 76221.261048
0.602000, 76141.872727
0.603000, 76062.484407
0.604000, 75981.594678
0.605000, 75900.704949
0.606000, 75818.317005
0.607000, 75735.929062
0.608000, 75652.046156
0.609000, 75568.163249
0.610000, 75482.788693
0.611000, 75397.414136
0.612000, 75310.551298
0.613000, 75223.688461
0.614000, 75135.340772
0.615000, 75046.993084
0.616000, 74957.164032
0.617000, 74867.334980
0.618000, 74776.028111
0.619000, 74684.721242
0.620000, 74591.940160
0.621000, 74499.159079
0.622000, 74404.907447
0.623000, 74310.655816
0.624000, 74214.937356
0.625000, 74119.218897
0.626000, 74022.037387
0.627000, 73924.855877
0.628000, 73826.215154
0.629000, 73727.574431
0.630000, 73627.478388
0.631000, 73527.382346
0.632000, 73425.834936
0.633000, 73324.287526
0.634000, 73221.292757
0.635000, 73118.297989
0.636000, 73013.859928
0.637000, 72909.421866
0.638000, 72803.544636
0.639000, 72697.667405
0.640000, 72590.355184
0.641000, 72483.042964
0.642000, 72374.299990
0.643000, 72265.557017
0.644000, 72155.387583
0.645000, 72045.218149
0.646000, 71933.626604
0.647000, 71822.035059
0.648000, 71709.025809
0.649000, 71596.016558
0.650000, 71481.594064
0.651000, 71367.171570
0.652000, 71251.340348
0.653000, 71135.509127
0.654000, 71018.273752
0.655000, 70901.038376
0.656000, 70782.403475
0.657000, 70663.768574
0.658000, 70543.738831
0.659000, 70423.709087
0.660000, 70302.289240
0.661000, 70180.869393
0.662000, 70058.064236
0.663000, 69935.259078
0.664000, 69811.073459
0.665000, 69686.887839
0.666000, 69561.326660
0.667000, 69435.765481
0.668000, 69308.833699
0.669000, 69181.901918
0.670000, 69053.604545
0.671000, 68925.307172
0.672000, 68795.649272
0.673000, 68665.991372
0.674000, 68534.978065
0.675000, 68403.964757
0.676000, 68271.601214
0.677000, 68139.237671
0.678000, 68005.529117
0.679000, 67871.820564
0.680000, 67736.772278
0.681000, 67601.723993
0.682000, 67465.341308
0.683000, 67328.958623
0.684000, 67191.246922
0.685000, 67053.535220
0.686000, 66914.499940
0.687000, 66775.464659
0.688000, 66635.111288
0.689000, 66494.757917
0.690000, 66353.091996
0.691000, 66211.426075
0.692000, 66068.453198
0.693000, 65925.480320
0.694000, 65781.206130
0.695000, 65636.931940
0.696000, 65491.362133
0.697000, 65345.792326
0.698000, 65198.932649
0.699000, 65052.072972
0.700000, 64903.929223
0.701000, 64755.785473
0.702000, 64606.363500
0.703000, 64456.941527
0.704000, 64306.247230
0.705000, 64155.552932
0.706000, 64003.592258
0.707000, 63851.631585
0.708000, 63698.410535
0.709000, 63545.189485
0.710000, 63390.714107
0.711000, 63236.238729
0.712000, 63080.515122
0.713000, 62924.791515
0.714000, 62767.825827
0.715000, 62610.860139
0.716000, 62452.658565
0.717000, 62294.456992
0.718000, 62135.025780
0.719000, 61975.594567
0.720000, 61814.940010
0.721000, 61654.285452
0.722000, 61492.413892
0.723000, 61330.542331
0.724000, 61167.460158
0.725000, 61004.377986
0.726000, 60840.091639
0.727000, 60675.805292
0.728000, 60510.321256
0.729000, 60344.837221
0.730000, 60178.162030
0.731000, 60011.486839
0.732000, 59843.627073
0.733000, 59675.767306
0.734000, 59506.729592
0.735000, 59337.691877
0.736000, 59167.482887
0.737000, 58997.273897
0.738000, 58825.900351
0.739000, 58654.526805
0.740000, 58481.995469
0.741000, 58309.464133
0.742000, 58135.781819
0.743000, 57962.099504
0.744000, 57787.273067
0.745000, 57612.446630
0.746000, 57436.482973
0.747000, 57260.519315
0.748000, 57083.425384
0.749000, 56906.331453
0.750000, 56728.114240
0.751000, 56549.897027
0.752000, 56370.563567
0.753000, 56191.230107
0.754000, 56010.787480
0.755000, 55830.344854
0.756000, 55648.800184
0.757000, 55467.255514
0.758000, 55284.615968
0.759000, 55101.976422
0.760000, 54918.249211
0.761000, 54734.521999
0.762000, 54549.714374
0.763000, 54364.906750
0.764000, 54179.026009
0.765000, 53993.145268
0.766000, 53806.198748
0.767000, 53619.252229
0.768000, 53431.247311
0.769000, 53243.242393
0.770000, 53054.186500
0.771000, 52865.130606
0.772000, 52675.031200
0.773000, 52484.931794
0.774000, 52293.796380
0.775000, 52102.660966
0.776000, 51910.497091
0.777000, 51718.333215
0.778000, 51525.148464
0.779000, 51331.963712
0.780000, 51137.765712
0.781000, 50943.567712
0.782000, 50748.364129
0.783000, 50553.160546
0.784000, 50356.959087
0.785000, 50160.757629
0.786000, 49963.566039
0.787000, 49766.374450
0.788000, 49568.200515
0.789000, 49370.026580
0.790000, 49170.878124
0.791000, 48971.729667
0.792000, 48771.614550
0.793000, 48571.499433
0.794000, 48370.425556
0.795000, 48169.351679
0.796000, 47967.326981
0.797000, 47765.302282
0.798000, 47562.334738
0.799000, 47359.367193
0.800000, 47155.464815
0.801000, 46951.562437
0.802000, 46746.733275
0.803000, 46541.904113
0.804000, 46336.156254
0.805000, 46130.408395
0.806000, 45923.749962
0.807000, 45717.091528
0.808000, 45509.530678
0.809000, 45301.969828
0.810000, 45093.514755
0.811000, 44885.059683
0.812000, 44675.718619
0.813000, 44466.377554
0.814000, 44256.158761
0.815000, 44045.939968
0.816000, 43834.851746
0.817000, 43623.763523
0.818000, 43411.814205
0.819000, 43199.864888
0.820000, 42987.062841
0.821000, 42774.260795
0.822000, 42560.614421
0.823000, 42346.968048
0.824000, 42132.485781
0.825000, 41918.003515
0.826000, 41702.693823
0.827000, 41487.384131
0.828000, 41271.255514
0.829000, 41055.126896
0.830000, 40838.187886
0.831000, 40621.248876
0.832000, 40403.508036
0.833000, 40185.767197
0.834000, 39967.233126
0.835000, 39748.699054
0.836000, 39529.380377
0.837000, 39310.061700
0.838000, 39089.967076
0.839000, 38869.872452
0.840000, 38649.010570
0.841000, 38428.148688
0.842000, 38206.528267
0.843000, 37984.907846
0.844000, 37762.537636
0.845000, 37540.167425
0.846000, 37317.056204
0.847000, 37093.944983
0.848000, 36870.101559
0.849000, 36646.258136
0.850000, 36421.691346
0.851000, 36197.124556
0.852000, 35971.843267
0.853000, 35746.561977
0.854000, 35520.575080
0.855000, 35294.588184
0.856000, 35067.904603
0.857000, 34841.221021
0.858000, 34613.849704
0.859000, 34386.478387
0.860000, 34158.428310
0.861000, 33930.378233
0.862000, 33701.658400
0.863000, 33472.938567
0.864000, 33243.558006
0.865000, 33014.177445
0.866000, 32784.145213
0.867000, 32554.112981
0.868000, 32323.438159
0.869000, 32092.763336
0.870000, 31861.455030
0.871000, 31630.146724
0.872000, 31398.214065
0.873000, 31166.281407
0.874000, 30933.733553
0.875000, 30701.185699
0.876000, 30468.031830
0.877000, 30234.877961
0.878000, 30001.127282
0.879000, 29767.376602
0.880000, 29533.038340
0.881000, 29298.700078
0.882000, 29063.783484
0.883000, 28828.866891
0.884000, 28593.381240
0.885000, 28357.895590
0.886000, 28121.850179
0.887000, 27885.804767
0.888000, 27649.208914
0.889000, 27412.613061
0.890000, 27175.476107
0.891000, 26938.339152
0.892000, 26700.670458
0.893000, 26463.001764
0.894000, 26224.810712
0.895000, 25986.619661
0.896000, 25747.915656
0.897000, 25509.211651
0.898000, 25270.004116
0.899000, 25030.796581
0.900000, 24791.094960
0.901000, 24551.393338
0.902000, 24311.207093
0.903000, 24071.020848
0.904000, 23830.359462
0.905000, 23589.698076
0.906000, 23348.571049
0.907000, 23107.444022
0.908000, 22865.860874
0.909000, 22624.277727
0.910000, 22382.247995
0.911000, 22140.218263
0.912000, 21897.751502
0.913000, 21655.284742
0.914000, 21412.390524
0.915000, 21169.496307
0.916000, 20926.184221
0.917000, 20682.872136
0.918000, 20439.151789
0.919000, 20195.431441
0.920000, 19951.312453
0.921000, 19707.193465
0.922000, 19462.685474
0.923000, 19218.177483
0.924000, 18973.290142
0.925000, 18728.402801
0.926000, 18483.145776
0.927000, 18237.888752
0.928000, 17992.271728
0.929000, 17746.654704
0.930000, 17500.687375
0.931000, 17254.720047
0.932000, 17008.412126
0.933000, 16762.104204
0.934000, 16515.465413
0.935000, 16268.826622
0.936000, 16021.866698
0.937000, 15774.906774
0.938000, 15527.635467
0.939000, 15280.364160
0.940000, 15032.791232
0.941000, 14785.218304
0.942000, 14537.353528
0.943000, 14289.488752
0.944000, 14041.341914
0.945000, 13793.195076
0.946000, 13544.775972
0.947000, 13296.356868
0.948000, 13047.675305
0.949000, 12798.993742
0.950000, 12550.059538
0.951000, 12301.125334
0.952000, 12051.948317
0.953000, 11802.771299
0.954000, 11553.361305
0.955000, 11303.951311
0.956000, 11054.318187
0.957000, 10804.685062
0.958000, 10554.838662
0.959000, 10304.992263
0.960000, 10054.942451
0.961000, 9804.892640
0.962000, 9554.649288
0.963000, 9304.405937
0.964000, 9053.978924
0.965000, 8803.551911
0.966000, 8552.951124
0.967000, 8302.350337
0.968000, 8051.585668
0.969000, 7800.821000
0.970000, 7549.902350
0.971000, 7298.983700
0.972000, 7047.920974
0.973000, 6796.858248
0.974000, 6545.661358
0.975000, 6294.464469
0.976000, 6043.143331
0.977000, 5791.822194
0.978000, 5540.386731
0.979000, 5288.951269
0.980000, 5037.411406
0.981000, 4785.871544
0.982000, 4534.237213
0.983000, 4282.602882
0.984000, 4030.884016
0.985000, 3779.165149
0.986000, 3527.371686
0.987000, 3275.578222
0.988000, 3023.720102
0.989000, 2771.861981
0.990000, 2519.949146
0.991000, 2268.036311
0.992000, 2016.078707
0.993000, 1764.121103
0.994000, 1512.128677
0.995000, 1260.136251
0.996000, 1008.118950
0.997000, 756.101650
0.998000, 504.069425
0.999000, 252.037200
1.000000, 0.000000
