0.000000, 0.000000
0.001000, 1814.383143
0.002000, 3628.730472
0.003000, 5443.077801
0.004000, 7257.317689
0.005000, 9071.557576
0.006000, 10885.618399
0.007000, 12699.679221
0.008000, 14513.489363
0.009000, 16327.299504
0.010000, 18140.787359
0.011000, 19954.275214
0.012000, 21767.369189
0.013000, 23580.463163
0.014000, 25393.091679
0.015000, 27205.720196
0.016000, 29017.811695
0.017000, 30829.903193
0.018000, 32641.386136
0.019000, 34452.869079
0.020000, 36263.671952
0.021000, 38074.474824
0.022000, 39884.526139
0.023000, 41694.577455
0.024000, 43503.805755
0.025000, 45313.034054
0.026000, 47121.367914
0.027000, 48929.701773
0.028000, 50737.069802
0.029000, 52544.437831
0.030000, 54350.768678
0.031000, 56157.099525
0.032000, 57962.321878
0.033000, 59767.544232
0.034000, 61571.586826
0.035000, 63375.629419
0.036000, 65178.421032
0.037000, 66981.212645
0.038000, 68782.682106
0.039000, 70584.151567
0.040000, 72384.227757
0.041000, 74184.303948
0.042000, 75982.915803
0.043000, 77781.527659
0.044000, 79578.604174
0.045000, 81375.680689
0.046000, 83171.150918
0.047000, 84966.621146
0.048000, 86760.414207
0.049000, 88554.207267
0.050000, 90346.252343
0.051000, 92138.297419
0.052000, 93928.523764
0.053000, 95718.750109
0.054000, 97507.087048
0.055000, 99295.423987
0.056000, 101081.800919
0.057000, 102868.177851
0.058000, 104652.524253
0.059000, 106436.870656
0.060000, 108219.116085
0.061000, 110001.361515
0.062000, 111781.435612
0.063000, 113561.509709
0.064000, 115339.342199
0.065000, 117117.174689
0.066000, 118892.695386
0.067000, 120668.216083
0.068000, 122441.354893
0.069000, 124214.493703
0.070000, 125985.180626
0.071000, 127755.867548
0.072000, 129524.032678
0.073000, 131292.197809
0.074000, 133057.771344
0.075000, 134823.344880
0.076000, 136586.257117
0.077000, 138349.169355
0.078000, 140109.350699
0.079000, 141869.532042
0.080000, 143626.913003
0.081000, 145384.293963
0.082000, 147138.805162
0.083000, 148893.316361
0.084000, 150644.888534
0.085000, 152396.460706
0.086000, 154145.024703
0.087000, 155893.588700
0.088000, 157639.075490
0.089000, 159384.562281
0.090000, 161126.902957
0.091000, 162869.243633
0.092000, 164608.369410
0.093000, 166347.495186
0.094000, 168083.337406
0.095000, 169819.179625
0.096000, 171551.669759
0.097000, 173284.159893
0.098000, 175013.229547
0.099000, 176742.299200
0.100000, 178467.880111
0.101000, 180193.461023
0.102000, 181915.485070
0.103000, 183637.509117
0.104000, 185355.908317
0.105000, 187074.307516
0.106000, 188789.014029
0.107000, 190503.720542
0.108000, 192214.666675
0.109000, 193925.612808
0.110000, 195632.731015
0.111000, 197339.849222
0.112000, 199043.072109
0.113000, 200746.294997
0.114000, 202445.555324
0.115000, 204144.815652
0.116000, 205840.046335
0.117000, 207535.277019
0.118000, 209226.411134
0.119000, 210917.545248
0.120000, 212604.516032
0.121000, 214291.486815
0.122000, 215974.227667
0.123000, 217656.968520
0.124000, 219335.413010
0.125000, 221013.857501
0.126000, 222687.939367
0.127000, 224362.021233
0.128000, 226031.674385
0.129000, 227701.327536
0.130000, 229366.486059
0.131000, 231031.644582
0.132000, 232692.242737
0.133000, 234352.840893
0.134000, 236008.813124
0.135000, 237664.785356
0.136000, 239316.066288
0.137000, 240967.347219
0.138000, 242613.871662
0.139000, 244260.396105
0.140000, 245902.099057
0.141000, 247543.802008
0.142000, 249180.618657
0.143000, 250817.435306
0.144000, 252449.301034
0.145000, 254081.166761
0.146000, 255708.017144
0.147000, 257334.867527
0.148000, 258956.638340
0.149000, 260578.409152
0.150000, 262195.036371
0.151000, 263811.663589
0.152000, 265423.083390
0.153000, 267034.503192
0.154000, 268640.651961
0.155000, 270246.800731
0.156000, 271847.615059
0.157000, 273448.429388
0.158000, 275043.846079
0.159000, 276639.262770
0.160000, 278229.218839
0.161000, 279819.174907
0.162000, 281403.607585
0.163000, 282988.040263
0.164000, 284566.886999
0.165000, 286145.733735
0.166000, 287718.932199
0.167000, 289292.130664
0.168000, 290859.618749
0.169000, 292427.106834
0.170000, 293988.822659
0.171000, 295550.538484
0.172000, 297106.420394
0.173000, 298662.302304
0.174000, 300212.288875
0.175000, 301762.275447
0.176000, 303306.305490
0.177000, 304850.335533
0.178000, 306388.348091
0.179000, 307926.360649
0.180000, 309458.295005
0.181000, 310990.229360
0.182000, 312516.025035
0.183000, 314041.820710
0.184000, 315561.417468
0.185000, 317081.014226
0.186000, 318594.352076
0.187000, 320107.689926
0.188000, 321614.709124
0.189000, 323121.728323
0.190000, 324622.369375
0.191000, 326123.010427
0.192000, 327617.214090
0.193000, 329111.417754
0.194000, 330599.125039
0.195000, 332086.832325
0.196000, 333567.984500
0.197000, 335049.136676
0.198000, 336523.675269
0.199000, 337998.213861
0.200000, 339466.080659
0.201000, 340933.947456
0.202000, 342395.084509
0.203000, 343856.221562
0.204000, 345310.571188
0.205000, 346764.920813
0.206000, 348212.425596
0.207000, 349659.930379
0.208000, 351100.533175
0.209000, 352541.135970
0.210000, 353974.779905
0.211000, 355408.423840
0.212000, 356835.052317
0.213000, 358261.680794
0.214000, 359681.237493
0.215000, 361100.794191
0.216000, 362513.223069
0.217000, 363925.651946
0.218000, 365330.897243
0.219000, 366736.142540
0.220000, 368134.148780
0.221000, 369532.155019
0.222000, 370922.867010
0.223000, 372313.579001
0.224000, 373696.941841
0.225000, 375080.304681
0.226000, 376456.263756
0.227000, 377832.222832
0.228000, 379200.723823
0.229000, 380569.224814
0.230000, 381930.213695
0.231000, 383291.202575
0.232000, 384644.625615
0.233000, 385998.048655
0.234000, 387343.852424
0.235000, 388689.656194
0.236000, 390027.787562
0.237000, 391365.918930
0.238000, 392696.325070
0.239000, 394026.731210
0.240000, 395349.359600
0.241000, 396671.987989
0.242000, 397986.786413
0.243000, 399301.584838
0.244000, 400608.501390
0.245000, 401915.417943
0.246000, 403214.401030
0.247000, 404513.384116
0.248000, 405804.382455
0.249000, 407095.380793
0.250000, 408378.343418
0.251000, 409661.306042
0.252000, 410936.182303
0.253000, 412211.058564
0.254000, 413477.798131
0.255000, 414744.537699
0.256000, 416003.090564
0.257000, 417261.643430
0.258000, 418511.959908
0.259000, 419762.276385
0.260000, 421004.307115
0.261000, 422246.337845
0.262000, 423480.033794
0.263000, 424713.729742
0.264000, 425939.042206
0.265000, 427164.354669
0.266000, 428381.235273
0.267000, 429598.115878
0.268000, 430806.516583
0.269000, 432014.917289
0.270000, 433214.790390
0.271000, 434414.663491
0.272000, 435605.961618
0.273000, 436797.259746
0.274000, 437979.935869
0.275000, 439162.611993
0.276000, 440336.619422
0.277000, 441510.626852
0.278000, 442675.919239
0.279000, 443841.211627
0.280000, 444997.742969
0.281000, 446154.274311
0.282000, 447301.998950
0.283000, 448449.723589
0.284000, 449588.596214
0.285000, 450727.468839
0.286000, 451857.444490
0.287000, 452987.420141
0.288000, 454108.454208
0.289000, 455229.488275
0.290000, 456341.536501
0.291000, 457453.584728
0.292000, 458556.603213
0.293000, 459659.621697
0.294000, 460753.566894
0.295000, 461847.512091
0.296000, 462932.340814
0.297000, 464017.169536
0.298000, 465092.838957
0.299000, 466168.508378
0.300000, 467234.976032
0.301000, 468301.443686
0.302000, 469358.667470
0.303000, 470415.891254
0.304000, 471463.829431
0.305000, 472511.767608
0.306000, 473550.378808
0.307000, 474588.990007
0.308000, 475618.233226
0.309000, 476647.476445
0.310000, 477667.311051
0.311000, 478687.145657
0.312000, 479697.531388
0.313000, 480707.917120
0.314000, 481708.814089
0.315000, 482709.711057
0.316000, 483701.079750
0.317000, 484692.448442
0.318000, 485674.249721
0.319000, 486656.050999
0.320000, 487628.246104
0.321000, 488600.441208
0.322000, 489562.991758
0.323000, 490525.542308
0.324000, 491478.410304
0.325000, 492431.278300
0.326000, 493374.426124
0.327000, 494317.573948
0.328000, 495250.964367
0.329000, 496184.354785
0.330000, 497107.950949
0.331000, 498031.547113
0.332000, 498945.312561
0.333000, 499859.078009
0.334000, 500762.976666
0.335000, 501666.875323
0.336000, 502560.871506
0.337000, 503454.867689
0.338000, 504338.926104
0.339000, 505222.984518
0.340000, 506097.070264
0.341000, 506971.156009
0.342000, 507835.234578
0.343000, 508699.313147
0.344000, 509553.350427
0.345000, 510407.387707
0.346000, 511251.349983
0.347000, 512095.312258
0.348000, 512929.166210
0.349000, 513763.020162
0.350000, 514586.732872
0.351000, 515410.445582
0.352000, 516223.984531
0.353000, 517037.523480
0.354000, 517840.856551
0.355000, 518644.189622
0.356000, 519437.285101
0.357000, 520230.380580
0.358000, 521013.207156
0.359000, 521796.033732
0.360000, 522568.560502
0.361000, 523341.087271
0.362000, 524103.283736
0.363000, 524865.480200
0.364000, 525617.316269
0.365000, 526369.152338
0.366000, 527110.598331
0.367000, 527852.044324
0.368000, 528583.070969
0.369000, 529314.097614
0.370000, 530034.676053
0.371000, 530755.254491
0.372000, 531465.356275
0.373000, 532175.458059
0.374000, 532875.055155
0.375000, 533574.652250
0.376000, 534263.717040
0.377000, 534952.781829
0.378000, 535631.287108
0.379000, 536309.792387
0.380000, 536977.711370
0.381000, 537645.630353
0.382000, 538302.936672
0.383000, 538960.242990
0.384000, 539606.910695
0.385000, 540253.578400
0.386000, 540889.581962
0.387000, 541525.585524
0.388000, 542150.899834
0.389000, 542776.214144
0.390000, 543390.814517
0.391000, 544005.414889
0.392000, 544609.277061
0.393000, 545213.139232
0.394000, 545806.239363
0.395000, 546399.339493
0.396000, 546981.654169
0.397000, 547563.968845
0.398000, 548135.475076
0.399000, 548706.981308
0.400000, 549267.656534
0.401000, 549828.331759
0.402000, 550378.153844
0.403000, 550927.975929
0.404000, 551466.923168
0.405000, 552005.870406
0.406000, 552533.921521
0.407000, 553061.972637
0.408000, 553579.106782
0.409000, 554096.240927
0.410000, 554602.437687
0.411000, 555108.634447
0.412000, 555603.873838
0.413000, 556099.113229
0.414000, 556583.375699
0.415000, 557067.638170
0.416000, 557540.904602
0.417000, 558014.171034
0.418000, 558476.422744
0.419000, 558938.674454
0.420000, 559389.893193
0.421000, 559841.111932
0.422000, 560281.279887
0.423000, 560721.447842
0.424000, 561150.547636
0.425000, 561579.647429
0.426000, 561997.662122
0.427000, 562415.676814
0.428000, 562822.589902
0.429000, 563229.502990
0.430000, 563625.298410
0.431000, 564021.093830
0.432000, 564405.755957
0.433000, 564790.418083
0.434000, 565163.931731
0.435000, 565537.445378
0.436000, 565899.795800
0.437000, 566262.146222
0.438000, 566613.319114
0.439000, 566964.492007
0.440000, 567304.473505
0.441000, 567644.455004
0.442000, 567973.231687
0.443000, 568302.008370
0.444000, 568619.567258
0.445000, 568937.126146
0.446000, 569243.454702
0.447000, 569549.783258
0.448000, 569844.869389
0.449000, 570139.955520
0.450000, 570423.787576
0.451000, 570707.619633
0.452000, 570980.186409
0.453000, 571252.753186
0.454000, 571514.043922
0.455000, 571775.334659
0.456000, 572025.339039
0.457000, 572275.343420
0.458000, 572514.051575
0.459000, 572752.759731
0.460000, 572980.162237
0.461000, 573207.564743
0.462000, 573423.652623
0.463000, 573639.740503
0.464000, 573844.505225
0.465000, 574049.269947
0.466000, 574242.703429
0.467000, 574436.136910
0.468000, 574618.231514
0.469000, 574800.326117
0.470000, 574971.074655
0.471000, 575141.823192
0.472000, 575301.218922
0.473000, 575460.614652
0.474000, 575608.651283
0.475000, 575756.687913
0.476000, 575893.359599
0.477000, 576030.031285
0.478000, 576155.332632
0.479000, 576280.633978
0.480000, 576394.560038
0.481000, 576508.486099
0.482000, 576611.032375
0.483000, 576713.578651
0.484000, 576804.741095
0.485000, 576895.903539
0.486000, 576975.678552
0.487000, 577055.453565
0.488000, 577123.837997
0.489000, 577192.222429
0.490000, 577249.213581
0.491000, 577306.204732
0.492000, 577351.800354
0.493000, 577397.395975
0.494000, 577431.594267
0.495000, 577465.792558
0.496000, 577488.592169
0.497000, 577511.391780
0.498000, 577522.791810
0.499000, 577534.191841
0.500000, 577534.191841
0.501000, 577534.191841
0.502000, 577522.791810
0.503000, 577511.391780
0.504000, 577488.592169
0.505000, 577465.792558
0.506000, 577431.594267
0.507000, 577397.395975
0.508000, 577351.800354
0.509000, 577306.204732
0.510000, 577249.213581
0.511000, 577192.222429
0.512000, 577123.837997
0.513000, 577055.453565
0.514000, 576975.678552
0.515000, 576895.903539
0.516000, 576804.741095
0.517000, 576713.578651
0.518000, 576611.032375
0.519000, 576508.486099
0.520000, 576394.560038
0.521000, 576280.633978
0.522000, 576155.332632
0.523000, 576030.031285
0.524000, 575893.359599
0.525000, 575756.687913
0.526000, 575608.651283
0.527000, 575460.614652
0.528000, 575301.218922
0.529000, 575141.823192
0.530000, 574971.074655
0.531000, 574800.326117
0.532000, 574618.231514
0.533000, 574436.136910
0.534000, 574242.703429
0.535000, 574049.269947
0.536000, 573844.505225
0.537000, 573639.740503
0.538000, 573423.652623
0.539000, 573207.564743
0.540000, 572980.162237
0.541000, 572752.759731
0.542000, 572514.051575
0.543000, 572275.343420
0.544000, 572025.339039
0.545000, 571775.334659
0.546000, 571514.043922
0.547000, 571252.753186
0.548000, 570980.186409
0.549000, 570707.619633
0.550000, 570423.787576
0.551000, 570139.955520
0.552000, 569844.869389
0.553000, 569549.783258
0.554000, 569243.454702
0.555000, 568937.126146
0.556000, 568619.567258
0.557000, 568302.008370
0.558000, 567973.231687
0.559000, 567644.455004
0.560000, 567304.473505
0.561000, 566964.492007
0.562000, 566613.319114
0.563000, 566262.146222
0.564000, 565899.795800
0.565000, 565537.445378
0.566000, 565163.931731
0.567000, 564790.418083
0.568000, 564405.755957
0.569000, 564021.093830
0.570000, 563625.298410
0.571000, 563229.502990
0.572000, 562822.589902
0.573000, 562415.676814
0.574000, 561997.662122
0.575000, 561579.647429
0.576000, 561150.547636
0.577000, 560721.447842
0.578000, 560281.279887
0.579000, 559841.111932
0.580000, 559389.893193
0.581000, 558938.674454
0.582000, 558476.422744
0.583000, 558014.171034
0.584000, 557540.904602
0.585000, 557067.638170
0.586000, 556583.375699
0.587000, 556099.113229
0.588000, 555603.873838
0.589000, 555108.634447
0.590000, 554602.437687
0.591000, 554096.240927
0.592000, 553579.106782
0.593000, 553061.972637
0.594000, 552533.921521
0.595000, 552005.870406
0.596000, 551466.923168
0.597000, 550927.975929
0.598000, 550378.153844
0.599000, 549828.331759
0.600000, 549267.656534
0.601000, 548706.981308
0.602000, 548135.475076
0.603000, 547563.968845
0.604000, 546981.654169
0.605000, 546399.339493
0.606000, 545806.239363
0.607000, 545213.139232
0.608000, 544609.277061
0.609000, 544005.414889
0.610000, 543390.814517
0.611000, 542776.214144
0.612000, 542150.899834
0.613000, 541525.585524
0.614000, 540889.581962
0.615000, 540253.578400
0.616000, 539606.910695
0.617000, 538960.242990
0.618000, 538302.936672
0.619000, 537645.630353
0.620000, 536977.711370
0.621000, 536309.792387
0.622000, 535631.287108
0.623000, 534952.781829
0.624000, 534263.717040
0.625000, 533574.652250
0.626000, 532875.055155
0.627000, 532175.458059
0.628000, 531465.356275
0.629000, 530755.254491
0.630000, 530034.676053
0.631000, 529314.097614
0.632000, 528583.070969
0.633000, 527852.044324
0.634000, 527110.598331
0.635000, 526369.152338
0.636000, 525617.316269
0.637000, 524865.480200
0.638000, 524103.283736
0.639000, 523341.087271
0.640000, 522568.560502
0.641000, 521796.033732
0.642000, 521013.207156
0.643000, 520230.380580
0.644000, 519437.285101
0.645000, 518644.189622
0.646000, 517840.856551
0.647000, 517037.523480
0.648000, 516223.984531
0.649000, 515410.445582
0.650000, 514586.732872
0.651000, 513763.020162
0.652000, 512929.166210
0.653000, 512095.312258
0.654000, 511251.349983
0.655000, 510407.387707
0.656000, 509553.350427
0.657000, 508699.313147
0.658000, 507835.234578
0.659000, 506971.156009
0.660000, 506097.070264
0.661000, 505222.984518
0.662000, 504338.926104
0.663000, 503454.867689
0.664000, 502560.871506
0.665000, 501666.875323
0.666000, 500762.976666
0.667000, 499859.078009
0.668000, 498945.312561
0.669000, 498031.547113
0.670000, 497107.950949
0.671000, 496184.354785
0.672000, 495250.964367
0.673000, 494317.573948
0.674000, 493374.426124
0.675000, 492431.278300
0.676000, 491478.410304
0.677000, 490525.542308
0.678000, 489562.991758
0.679000, 488600.441208
0.680000, 487628.246104
0.681000, 486656.050999
0.682000, 485674.249721
0.683000, 484692.448442
0.684000, 483701.079750
0.685000, 482709.711057
0.686000, 481708.814089
0.687000, 480707.917120
0.688000, 479697.531388
0.689000, 478687.145657
0.690000, 477667.311051
0.691000, 476647.476445
0.692000, 475618.233226
0.693000, 474588.990007
0.694000, 473550.378808
0.695000, 472511.767608
0.696000, 471463.829431
0.697000, 470415.891254
0.698000, 469358.667470
0.699000, 468301.443686
0.700000, 467234.976032
0.701000, 466168.508378
0.702000, 465092.838957
0.703000, 464017.169536
0.704000, 462932.340814
0.705000, 461847.512091
0.706000, 460753.566894
0.707000, 459659.621697
0.708000, 458556.603213
0.709000, 457453.584728
0.710000, 456341.536501
0.711000, 455229.488275
0.712000, 454108.454208
0.713000, 452987.420141
0.714000, 451857.444490
0.715000, 450727.468839
0.716000, 449588.596214
0.717000, 448449.723589
0.718000, 447301.998950
0.719000, 446154.274311
0.720000, 444997.742969
0.721000, 443841.211627
0.722000, 442675.919239
0.723000, 441510.626852
0.724000, 440336.619422
0.725000, 439162.611993
0.726000, 437979.935869
0.727000, 436797.259746
0.728000, 435605.961618
0.729000, 434414.663491
0.730000, 433214.790390
0.731000, 432014.917289
0.732000, 430806.516583
0.733000, 429598.115878
0.734000, 428381.235273
0.735000, 427164.354669
0.736000, 425939.042206
0.737000, 424713.729742
0.738000, 423480.033794
0.739000, 422246.337845
0.740000, 421004.307115
0.741000, 419762.276385
0.742000, 418511.959908
0.743000, 417261.643430
0.744000, 416003.090564
0.745000, 414744.537699
0.746000, 413477.798131
0.747000, 412211.058564
0.748000, 410936.182303
0.749000, 409661.306042
0.750000, 408378.343418
0.751000, 407095.380793
0.752000, 405804.382455
0.753000, 404513.384116
0.754000, 403214.401030
0.755000, 401915.417943
0.756000, 400608.501390
0.757000, 399301.584838
0.758000, 397986.786413
0.759000, 396671.987989
0.760000, 395349.359600
0.761000, 394026.731210
0.762000, 392696.325070
0.763000, 391365.918930
0.764000, 390027.787562
0.765000, 388689.656194
0.766000, 387343.852424
0.767000, 385998.048655
0.768000, 384644.625615
0.769000, 383291.202575
0.770000, 381930.213695
0.771000, 380569.224814
0.772000, 379200.723823
0.773000, 377832.222832
0.774000, 376456.263756
0.775000, 375080.304681
0.776000, 373696.941841
0.777000, 372313.579001
0.778000, 370922.867010
0.779000, 369532.155019
0.780000, 368134.148780
0.781000, 366736.142540
0.782000, 365330.897243
0.783000, 363925.651946
0.784000, 362513.223069
0.785000, 361100.794191
0.786000, 359681.237493
0.787000, 358261.680794
0.788000, 356835.052317
0.789000, 355408.423840
0.790000, 353974.779905
0.791000, 352541.135970
0.792000, 351100.533175
0.793000, 349659.930379
0.794000, 348212.425596
0.795000, 346764.920813
0.796000, 345310.571188
0.797000, 343856.221562
0.798000, 342395.084509
0.799000, 340933.947456
0.800000, 339466.080659
0.801000, 337998.213861
0.802000, 336523.675269
0.803000, 335049.136676
0.804000, 333567.984500
0.805000, 332086.832325
0.806000, 330599.125039
0.807000, 329111.417754
0.808000, 327617.214090
0.809000, 326123.010427
0.810000, 324622.369375
0.811000, 323121.728323
0.812000, 321614.709124
0.813000, 320107.689926
0.814000, 318594.352076
0.815000, 317081.014226
0.816000, 315561.417468
0.817000, 314041.820710
0.818000, 312516.025035
0.819000, 310990.229360
0.820000, 309458.295005
0.821000, 307926.360649
0.822000, 306388.348091
0.823000, 304850.335533
0.824000, 303306.305490
0.825000, 301762.275447
0.826000, 300212.288875
0.827000, 298662.302304
0.828000, 297106.420394
0.829000, 295550.538484
0.830000, 293988.822659
0.831000, 292427.106834
0.832000, 290859.618749
0.833000, 289292.130664
0.834000, 287718.932199
0.835000, 286145.733735
0.836000, 284566.886999
0.837000, 282988.040263
0.838000, 281403.607585
0.839000, 279819.174907
0.840000, 278229.218839
0.841000, 276639.262770
0.842000, 275043.846079
0.843000, 273448.429388
0.844000, 271847.615059
0.845000, 270246.800731
0.846000, 268640.651961
0.847000, 267034.503192
0.848000, 265423.083390
0.849000, 263811.663589
0.850000, 262195.036371
0.851000, 260578.409152
0.852000, 258956.638340
0.853000, 257334.867527
0.854000, 255708.017144
0.855000, 254081.166761
0.856000, 252449.301034
0.857000, 250817.435306
0.858000, 249180.618657
0.859000, 247543.802008
0.860000, 245902.099057
0.861000, 244260.396105
0.862000, 242613.871662
0.863000, 240967.347219
0.864000, 239316.066288
0.865000, 237664.785356
0.866000, 236008.813124
0.867000, 234352.840893
0.868000, 232692.242737
0.869000, 231031.644582
0.870000, 229366.486059
0.871000, 227701.327536
0.872000, 226031.674385
0.873000, 224362.021233
0.874000, 222687.939367
0.875000, 221013.857501
0.876000, 219335.413010
0.877000, 217656.968520
0.878000, 215974.227667
0.879000, 214291.486815
0.880000, 212604.516032
0.881000, 210917.545248
0.882000, 209226.411134
0.883000, 207535.277019
0.884000, 205840.046335
0.885000, 204144.815652
0.886000, 202445.555324
0.887000, 200746.294997
0.888000, 199043.072109
0.889000, 197339.849222
0.890000, 195632.731015
0.891000, 193925.612808
0.892000, 192214.666675
0.893000, 190503.720542
0.894000, 188789.014029
0.895000, 187074.307516
0.896000, 185355.908317
0.897000, 183637.509117
0.898000, 181915.485070
0.899000, 180193.461023
0.900000, 178467.880111
0.901000, 176742.299200
0.902000, 175013.229547
0.903000, 173284.159893
0.904000, 171551.669759
0.905000, 169819.179625
0.906000, 168083.337406
0.907000, 166347.495186
0.908000, 164608.369410
0.909000, 162869.243633
0.910000, 161126.902957
0.911000, 159384.562281
0.912000, 157639.075490
0.913000, 155893.588700
0.914000, 154145.024703
0.915000, 152396.460706
0.916000, 150644.888534
0.917000, 148893.316361
0.918000, 147138.805162
0.919000, 145384.293963
0.920000, 143626.913003
0.921000, 141869.532042
0.922000, 140109.350699
0.923000, 138349.169355
0.924000, 136586.257117
0.925000, 134823.344880
0.926000, 133057.771344
0.927000, 131292.197809
0.928000, 129524.032678
0.929000, 127755.867548
0.930000, 125985.180626
0.931000, 124214.493703
0.932000, 122441.354893
0.933000, 120668.216083
0.934000, 118892.695386
0.935000, 117117.174689
0.936000, 115339.342199
0.937000, 113561.509709
0.938000, 111781.435612
0.939000, 110001.361515
0.940000, 108219.116085
0.941000, 106436.870656
0.942000, 104652.524253
0.943000, 102868.177851
0.944000, 101081.800919
0.945000, 99295.423987
0.946000, 97507.087048
0.947000, 95718.750109
0.948000, 93928.523764
0.949000, 92138.297419
0.950000, 90346.252343
0.951000, 88554.207267
0.952000, 86760.414207
0.953000, 84966.621146
0.954000, 83171.150918
0.955000, 81375.680689
0.956000, 79578.604174
0.957000, 77781.527659
0.958000, 75982.915803
0.959000, 74184.303948
0.960000, 72384.227757
0.961000, 70584.151567
0.962000, 68782.682106
0.963000, 66981.212645
0.964000, 65178.421032
0.965000, 63375.629419
0.966000, 61571.586826
0.967000, 59767.544232
0.968000, 57962.321878
0.969000, 56157.099525
0.970000, 54350.768678
0.971000, 52544.437831
0.972000, 50737.069802
0.973000, 48929.701773
0.974000, 47121.367914
0.975000, 45313.034054
0.976000, 43503.805755
0.977000, 41694.577455
0.978000, 39884.526139
0.979000, 38074.474824
0.980000, 36263.671952
0.981000, 34452.869079
0.982000, 32641.386136
0.983000, 30829.903193
0.984000, 29017.811695
0.985000, 27205.720196
0.986000, 25393.091679
0.987000, 23580.463163
0.988000, 21767.369189
0.989000, 19954.275214
0.990000, 18140.787359
0.991000, 16327.299504
0.992000, 14513.489363
0.993000, 12699.679221
0.994000, 10885.618399
0.995000, 9071.557576
0.996000, 7257.317689
0.997000, 5443.077801
0.998000, 3628.730472
0.999000, 1814.383143
1.000000, 0.000000
