0.000000, 0.000000
0.001000, 4868.118939
0.002000, 9736.141785
0.003000, 14604.164632
0.004000, 19471.899204
0.005000, 24339.633777
0.006000, 29206.887906
0.007000, 34074.142035
0.008000, 38940.723570
0.009000, 43807.305105
0.010000, 48673.021921
0.011000, 53538.738737
0.012000, 58403.398744
0.013000, 63268.058752
0.014000, 68131.469902
0.015000, 72994.881051
0.016000, 77856.851345
0.017000, 82718.821638
0.018000, 87579.159133
0.019000, 92439.496628
0.020000, 97298.009446
0.021000, 102156.522264
0.022000, 107013.018600
0.023000, 111869.514936
0.024000, 116723.803063
0.025000, 121578.091191
0.026000, 126429.979471
0.027000, 131281.867751
0.028000, 136131.164639
0.029000, 140980.461528
0.030000, 145826.975582
0.031000, 150673.489637
0.032000, 155517.029526
0.033000, 160360.569415
0.034000, 165200.943924
0.035000, 170041.318433
0.036000, 174878.336471
0.037000, 179715.354510
0.038000, 184548.825121
0.039000, 189382.295733
0.040000, 194212.028100
0.041000, 199041.760467
0.042000, 203867.563920
0.043000, 208693.367373
0.044000, 213515.051398
0.045000, 218336.735423
0.046000, 223154.109667
0.047000, 227971.483911
0.048000, 232784.358194
0.049000, 237597.232477
0.050000, 242405.416793
0.051000, 247213.601110
0.052000, 252016.905642
0.053000, 256820.210173
0.054000, 261618.445294
0.055000, 266416.680415
0.056000, 271209.656698
0.057000, 276002.632982
0.058000, 280790.161209
0.059000, 285577.689437
0.060000, 290359.580606
0.061000, 295141.471775
0.062000, 299917.537103
0.063000, 304693.602432
0.064000, 309463.653370
0.065000, 314233.704308
0.066000, 318997.552542
0.067000, 323761.400775
0.068000, 328518.858236
0.069000, 333276.315697
0.070000, 338027.194568
0.071000, 342778.073440
0.072000, 347522.186166
0.073000, 352266.298892
0.074000, 357003.458182
0.075000, 361740.617473
0.076000, 366470.636314
0.077000, 371200.655154
0.078000, 375923.346812
0.079000, 380646.038469
0.080000, 385361.216500
0.081000, 390076.394531
0.082000, 394783.872787
0.083000, 399491.351044
0.084000, 404190.943683
0.085000, 408890.536322
0.086000, 413582.057812
0.087000, 418273.579303
0.088000, 422956.844430
0.089000, 427640.109558
0.090000, 432314.933436
0.091000, 436989.757315
0.092000, 441655.955389
0.093000, 446322.153464
0.094000, 450979.541521
0.095000, 455636.929578
0.096000, 460285.323752
0.097000, 464933.717927
0.098000, 469572.934708
0.099000, 474212.151488
0.100000, 478842.007727
0.101000, 483471.863966
0.102000, 488092.176885
0.103000, 492712.489803
0.104000, 497323.076999
0.105000, 501933.664194
0.106000, 506534.343649
0.107000, 511135.023104
0.108000, 515725.613191
0.109000, 520316.203278
0.110000, 524896.522768
0.111000, 529476.842259
0.112000, 534046.710330
0.113000, 538616.578401
0.114000, 543175.814642
0.115000, 547735.050883
0.116000, 552283.475303
0.117000, 556831.899723
0.118000, 561369.332758
0.119000, 565906.765793
0.120000, 570433.028312
0.121000, 574959.290832
0.122000, 579474.204148
0.123000, 583989.117464
0.124000, 588492.503334
0.125000, 592995.889205
0.126000, 597487.569844
0.127000, 601979.250484
0.128000, 606459.048568
0.129000, 610938.846652
0.130000, 615406.585327
0.131000, 619874.324002
0.132000, 624329.826888
0.133000, 628785.329774
0.134000, 633228.420976
0.135000, 637671.512178
0.136000, 642102.016290
0.137000, 646532.520402
0.138000, 650950.262516
0.139000, 655368.004630
0.140000, 659772.810341
0.141000, 664177.616051
0.142000, 668569.311464
0.143000, 672961.006877
0.144000, 677339.418616
0.145000, 681717.830355
0.146000, 686082.785568
0.147000, 690447.740780
0.148000, 694799.067146
0.149000, 699150.393511
0.150000, 703487.919246
0.151000, 707825.444981
0.152000, 712148.998848
0.153000, 716472.552715
0.154000, 720781.964027
0.155000, 725091.375339
0.156000, 729386.473968
0.157000, 733681.572597
0.158000, 737962.188980
0.159000, 742242.805363
0.160000, 746508.770508
0.161000, 750774.735653
0.162000, 755025.881148
0.163000, 759277.026643
0.164000, 763513.184660
0.165000, 767749.342676
0.166000, 771970.345978
0.167000, 776191.349280
0.168000, 780397.031229
0.169000, 784602.713178
0.170000, 788792.907741
0.171000, 792983.102304
0.172000, 797157.644060
0.173000, 801332.185815
0.174000, 805490.909960
0.175000, 809649.634104
0.176000, 813792.376458
0.177000, 817935.118811
0.178000, 822061.715826
0.179000, 826188.312841
0.180000, 830298.601606
0.181000, 834408.890370
0.182000, 838502.708618
0.183000, 842596.526866
0.184000, 846673.712979
0.185000, 850750.899093
0.186000, 854811.292112
0.187000, 858871.685131
0.188000, 862915.124759
0.189000, 866958.564386
0.190000, 870984.890994
0.191000, 875011.217602
0.192000, 879020.272237
0.193000, 883029.326872
0.194000, 887020.951265
0.195000, 891012.575657
0.196000, 894986.612224
0.197000, 898960.648791
0.198000, 902916.940644
0.199000, 906873.232498
0.200000, 910811.623450
0.201000, 914750.014402
0.202000, 918670.348972
0.203000, 922590.683542
0.204000, 926492.806962
0.205000, 930394.930382
0.206000, 934278.688603
0.207000, 938162.446823
0.208000, 942027.686520
0.209000, 945892.926217
0.210000, 949739.494798
0.211000, 953586.063378
0.212000, 957413.808986
0.213000, 961241.554594
0.214000, 965050.326116
0.215000, 968859.097639
0.216000, 972648.744712
0.217000, 976438.391786
0.218000, 980208.764802
0.219000, 983979.137817
0.220000, 987730.087927
0.221000, 991481.038037
0.222000, 995212.417160
0.223000, 998943.796283
0.224000, 1002655.457111
0.225000, 1006367.117938
0.226000, 1010058.913941
0.227000, 1013750.709943
0.228000, 1017422.495374
0.229000, 1021094.280805
0.230000, 1024745.910710
0.231000, 1028397.540614
0.232000, 1032028.870832
0.233000, 1035660.201049
0.234000, 1039271.088221
0.235000, 1042881.975392
0.236000, 1046472.276966
0.237000, 1050062.578541
0.238000, 1053632.152779
0.239000, 1057201.727017
0.240000, 1060750.432998
0.241000, 1064299.138979
0.242000, 1067826.836606
0.243000, 1071354.534233
0.244000, 1074861.084239
0.245000, 1078367.634245
0.246000, 1081852.898197
0.247000, 1085338.162149
0.248000, 1088802.002455
0.249000, 1092265.842761
0.250000, 1095708.122674
0.251000, 1099150.402588
0.252000, 1102570.986213
0.253000, 1105991.569839
0.254000, 1109390.322137
0.255000, 1112789.074436
0.256000, 1116165.861231
0.257000, 1119542.648026
0.258000, 1122897.336008
0.259000, 1126252.023989
0.260000, 1129584.480720
0.261000, 1132916.937451
0.262000, 1136227.031372
0.263000, 1139537.125292
0.264000, 1142824.725726
0.265000, 1146112.326159
0.266000, 1149377.303316
0.267000, 1152642.280473
0.268000, 1155884.505459
0.269000, 1159126.730444
0.270000, 1162346.075260
0.271000, 1165565.420076
0.272000, 1168761.757629
0.273000, 1171958.095182
0.274000, 1175131.299285
0.275000, 1178304.503388
0.276000, 1181454.448769
0.277000, 1184604.394150
0.278000, 1187730.956454
0.279000, 1190857.518759
0.280000, 1193960.574556
0.281000, 1197063.630352
0.282000, 1200143.057138
0.283000, 1203222.483923
0.284000, 1206278.160127
0.285000, 1209333.836330
0.286000, 1212365.641319
0.287000, 1215397.446309
0.288000, 1218405.260393
0.289000, 1221413.074477
0.290000, 1224396.778912
0.291000, 1227380.483348
0.292000, 1230339.960344
0.293000, 1233299.437340
0.294000, 1236234.570060
0.295000, 1239169.702781
0.296000, 1242080.375353
0.297000, 1244991.047924
0.298000, 1247877.145439
0.299000, 1250763.242953
0.300000, 1253624.651472
0.301000, 1256486.059990
0.302000, 1259322.666550
0.303000, 1262159.273110
0.304000, 1264970.965726
0.305000, 1267782.658342
0.306000, 1270569.326014
0.307000, 1273355.993686
0.308000, 1276117.526400
0.309000, 1278879.059115
0.310000, 1281615.347852
0.311000, 1284351.636589
0.312000, 1287062.573324
0.313000, 1289773.510059
0.314000, 1292458.987770
0.315000, 1295144.465480
0.316000, 1297804.378148
0.317000, 1300464.290815
0.318000, 1303098.533431
0.319000, 1305732.776046
0.320000, 1308341.244615
0.321000, 1310949.713184
0.322000, 1313532.304727
0.323000, 1316114.896271
0.324000, 1318671.508833
0.325000, 1321228.121396
0.326000, 1323758.654046
0.327000, 1326289.186696
0.328000, 1328793.539534
0.329000, 1331297.892371
0.330000, 1333775.966528
0.331000, 1336254.040685
0.332000, 1338705.738330
0.333000, 1341157.435976
0.334000, 1343582.660323
0.335000, 1346007.884669
0.336000, 1348406.539972
0.337000, 1350805.195275
0.338000, 1353177.186840
0.339000, 1355549.178405
0.340000, 1357894.412590
0.341000, 1360239.646775
0.342000, 1362558.030994
0.343000, 1364876.415212
0.344000, 1367167.857939
0.345000, 1369459.300666
0.346000, 1371723.711439
0.347000, 1373988.122211
0.348000, 1376225.411635
0.349000, 1378462.701058
0.350000, 1380672.780808
0.351000, 1382882.860558
0.352000, 1385065.643384
0.353000, 1387248.426210
0.354000, 1389403.825940
0.355000, 1391559.225670
0.356000, 1393687.157212
0.357000, 1395815.088754
0.358000, 1397915.468102
0.359000, 1400015.847449
0.360000, 1402088.591682
0.361000, 1404161.335915
0.362000, 1406206.363205
0.363000, 1408251.390496
0.364000, 1410268.620110
0.365000, 1412285.849723
0.366000, 1414275.202023
0.367000, 1416264.554323
0.368000, 1418225.950774
0.369000, 1420187.347224
0.370000, 1422120.710392
0.371000, 1424054.073560
0.372000, 1425959.327120
0.373000, 1427864.580679
0.374000, 1429741.649415
0.375000, 1431618.718150
0.376000, 1433467.527958
0.377000, 1435316.337765
0.378000, 1437136.815657
0.379000, 1438957.293549
0.380000, 1440749.367655
0.381000, 1442541.441762
0.382000, 1444305.041336
0.383000, 1446068.640910
0.384000, 1447803.696327
0.385000, 1449538.751743
0.386000, 1451245.194506
0.387000, 1452951.637269
0.388000, 1454629.400011
0.389000, 1456307.162752
0.390000, 1457956.179237
0.391000, 1459605.195722
0.392000, 1461225.400850
0.393000, 1462845.605978
0.394000, 1464436.935786
0.395000, 1466028.265594
0.396000, 1467590.657259
0.397000, 1469153.048924
0.398000, 1470686.440766
0.399000, 1472219.832608
0.400000, 1473724.164091
0.401000, 1475228.495573
0.402000, 1476703.707309
0.403000, 1478178.919044
0.404000, 1479624.952793
0.405000, 1481070.986542
0.406000, 1482487.785217
0.407000, 1483904.583893
0.408000, 1485292.091563
0.409000, 1486679.599232
0.410000, 1488037.761119
0.411000, 1489395.923006
0.412000, 1490724.685493
0.413000, 1492053.447980
0.414000, 1493352.758609
0.415000, 1494652.069238
0.416000, 1495921.876715
0.417000, 1497191.684192
0.418000, 1498431.938386
0.419000, 1499672.192581
0.420000, 1500882.844531
0.421000, 1502093.496480
0.422000, 1503274.498390
0.423000, 1504455.500300
0.424000, 1505606.805547
0.425000, 1506758.110793
0.426000, 1507879.673925
0.427000, 1509001.237056
0.428000, 1510093.013795
0.429000, 1511184.790534
0.430000, 1512246.737778
0.431000, 1513308.685023
0.432000, 1514340.760850
0.433000, 1515372.836677
0.434000, 1516375.000342
0.435000, 1517377.164006
0.436000, 1518349.375945
0.437000, 1519321.587883
0.438000, 1520263.809714
0.439000, 1521206.031545
0.440000, 1522118.226072
0.441000, 1523030.420598
0.442000, 1523912.551808
0.443000, 1524794.683018
0.444000, 1525646.716086
0.445000, 1526498.749154
0.446000, 1527320.650444
0.447000, 1528142.551733
0.448000, 1528934.288797
0.449000, 1529726.025861
0.450000, 1530487.567443
0.451000, 1531249.109025
0.452000, 1531980.425061
0.453000, 1532711.741096
0.454000, 1533412.802714
0.455000, 1534113.864332
0.456000, 1534784.643856
0.457000, 1535455.423380
0.458000, 1536095.894328
0.459000, 1536736.365276
0.460000, 1537346.502364
0.461000, 1537956.639452
0.462000, 1538536.418593
0.463000, 1539116.197733
0.464000, 1539665.596038
0.465000, 1540214.994342
0.466000, 1540733.990122
0.467000, 1541252.985901
0.468000, 1541741.558666
0.469000, 1542230.131430
0.470000, 1542688.261893
0.471000, 1543146.392355
0.472000, 1543574.062429
0.473000, 1544001.732503
0.474000, 1544398.925304
0.475000, 1544796.118105
0.476000, 1545162.817954
0.477000, 1545529.517803
0.478000, 1545865.710222
0.479000, 1546201.902641
0.480000, 1546507.574358
0.481000, 1546813.246075
0.482000, 1547088.385024
0.483000, 1547363.523972
0.484000, 1547608.119289
0.485000, 1547852.714606
0.486000, 1548066.756635
0.487000, 1548280.798664
0.488000, 1548464.278957
0.489000, 1548647.759249
0.490000, 1548800.670560
0.491000, 1548953.581871
0.492000, 1549075.918164
0.493000, 1549198.254458
0.494000, 1549290.010904
0.495000, 1549381.767351
0.496000, 1549442.940327
0.497000, 1549504.113304
0.498000, 1549534.700396
0.499000, 1549565.287489
0.500000, 1549565.287489
0.501000, 1549565.287489
0.502000, 1549534.700396
0.503000, 1549504.113304
0.504000, 1549442.940327
0.505000, 1549381.767351
0.506000, 1549290.010904
0.507000, 1549198.254458
0.508000, 1549075.918164
0.509000, 1548953.581871
0.510000, 1548800.670560
0.511000, 1548647.759249
0.512000, 1548464.278957
0.513000, 1548280.798664
0.514000, 1548066.756635
0.515000, 1547852.714606
0.516000, 1547608.119289
0.517000, 1547363.523972
0.518000, 1547088.385024
0.519000, 1546813.246075
0.520000, 1546507.574358
0.521000, 1546201.902641
0.522000, 1545865.710222
0.523000, 1545529.517803
0.524000, 1545162.817954
0.525000, 1544796.118105
0.526000, 1544398.925304
0.527000, 1544001.732503
0.528000, 1543574.062429
0.529000, 1543146.392355
0.530000, 1542688.261893
0.531000, 1542230.131430
0.532000, 1541741.558666
0.533000, 1541252.985901
0.534000, 1540733.990122
0.535000, 1540214.994342
0.536000, 1539665.596038
0.537000, 1539116.197733
0.538000, 1538536.418593
0.539000, 1537956.639452
0.540000, 1537346.502364
0.541000, 1536736.365276
0.542000, 1536095.894328
0.543000, 1535455.423380
0.544000, 1534784.643856
0.545000, 1534113.864332
0.546000, 1533412.802714
0.547000, 1532711.741096
0.548000, 1531980.425061
0.549000, 1531249.109025
0.550000, 1530487.567443
0.551000, 1529726.025861
0.552000, 1528934.288797
0.553000, 1528142.551733
0.554000, 1527320.650444
0.555000, 1526498.749154
0.556000, 1525646.716086
0.557000, 1524794.683018
0.558000, 1523912.551808
0.559000, 1523030.420598
0.560000, 1522118.226072
0.561000, 1521206.031545
0.562000, 1520263.809714
0.563000, 1519321.587883
0.564000, 1518349.375945
0.565000, 1517377.164006
0.566000, 1516375.000342
0.567000, 1515372.836677
0.568000, 1514340.760850
0.569000, 1513308.685023
0.570000, 1512246.737778
0.571000, 1511184.790534
0.572000, 1510093.013795
0.573000, 1509001.237056
0.574000, 1507879.673925
0.575000, 1506758.110793
0.576000, 1505606.805547
0.577000, 1504455.500300
0.578000, 1503274.498390
0.579000, 1502093.496480
0.580000, 1500882.844531
0.581000, 1499672.192581
0.582000, 1498431.938386
0.583000, 1497191.684192
0.584000, 1495921.876715
0.585000, 1494652.069238
0.586000, 1493352.758609
0.587000, 1492053.447980
0.588000, 1490724.685493
0.589000, 1489395.923006
0.590000, 1488037.761119
0.591000, 1486679.599232
0.592000, 1485292.091563
0.593000, 1483904.583893
0.594000, 1482487.785217
0.595000, 1481070.986542
0.596000, 1479624.952793
0.597000, 1478178.919044
0.598000, 1476703.707309
0.599000, 1475228.495573
0.600000, 1473724.164091
0.601000, 1472219.832608
0.602000, 1470686.440766
0.603000, 1469153.048924
0.604000, 1467590.657259
0.605000, 1466028.265594
0.606000, 1464436.935786
0.607000, 1462845.605978
0.608000, 1461225.400850
0.609000, 1459605.195722
0.610000, 1457956.179237
0.611000, 1456307.162752
0.612000, 1454629.400011
0.613000, 1452951.637269
0.614000, 1451245.194506
0.615000, 1449538.751743
0.616000, 1447803.696327
0.617000, 1446068.640910
0.618000, 1444305.041336
0.619000, 1442541.441762
0.620000, 1440749.367655
0.621000, 1438957.293549
0.622000, 1437136.815657
0.623000, 1435316.337765
0.624000, 1433467.527958
0.625000, 1431618.718150
0.626000, 1429741.649415
0.627000, 1427864.580679
0.628000, 1425959.327120
0.629000, 1424054.073560
0.630000, 1422120.710392
0.631000, 1420187.347224
0.632000, 1418225.950774
0.633000, 1416264.554323
0.634000, 1414275.202023
0.635000, 1412285.849723
0.636000, 1410268.620110
0.637000, 1408251.390496
0.638000, 1406206.363205
0.639000, 1404161.335915
0.640000, 1402088.591682
0.641000, 1400015.847449
0.642000, 1397915.468102
0.643000, 1395815.088754
0.644000, 1393687.157212
0.645000, 1391559.225670
0.646000, 1389403.825940
0.647000, 1387248.426210
0.648000, 1385065.643384
0.649000, 1382882.860558
0.650000, 1380672.780808
0.651000, 1378462.701058
0.652000, 1376225.411635
0.653000, 1373988.122211
0.654000, 1371723.711439
0.655000, 1369459.300666
0.656000, 1367167.857939
0.657000, 1364876.415212
0.658000, 1362558.030994
0.659000, 1360239.646775
0.660000, 1357894.412590
0.661000, 1355549.178405
0.662000, 1353177.186840
0.663000, 1350805.195275
0.664000, 1348406.539972
0.665000, 1346007.884669
0.666000, 1343582.660323
0.667000, 1341157.435976
0.668000, 1338705.738330
0.669000, 1336254.040685
0.670000, 1333775.966528
0.671000, 1331297.892371
0.672000, 1328793.539534
0.673000, 1326289.186696
0.674000, 1323758.654046
0.675000, 1321228.121396
0.676000, 1318671.508833
0.677000, 1316114.896271
0.678000, 1313532.304727
0.679000, 1310949.713184
0.680000, 1308341.244615
0.681000, 1305732.776046
0.682000, 1303098.533431
0.683000, 1300464.290815
0.684000, 1297804.378148
0.685000, 1295144.465480
0.686000, 1292458.987770
0.687000, 1289773.510059
0.688000, 1287062.573324
0.689000, 1284351.636589
0.690000, 1281615.347852
0.691000, 1278879.059115
0.692000, 1276117.526400
0.693000, 1273355.993686
0.694000, 1270569.326014
0.695000, 1267782.658342
0.696000, 1264970.965726
0.697000, 1262159.273110
0.698000, 1259322.666550
0.699000, 1256486.059990
0.700000, 1253624.651472
0.701000, 1250763.242953
0.702000, 1247877.145439
0.703000, 1244991.047924
0.704000, 1242080.375353
0.705000, 1239169.702781
0.706000, 1236234.570060
0.707000, 1233299.437340
0.708000, 1230339.960344
0.709000, 1227380.483348
0.710000, 1224396.778912
0.711000, 1221413.074477
0.712000, 1218405.260393
0.713000, 1215397.446309
0.714000, 1212365.641319
0.715000, 1209333.836330
0.716000, 1206278.160127
0.717000, 1203222.483923
0.718000, 1200143.057138
0.719000, 1197063.630352
0.720000, 1193960.574556
0.721000, 1190857.518759
0.722000, 1187730.956454
0.723000, 1184604.394150
0.724000, 1181454.448769
0.725000, 1178304.503388
0.726000, 1175131.299285
0.727000, 1171958.095182
0.728000, 1168761.757629
0.729000, 1165565.420076
0.730000, 1162346.075260
0.731000, 1159126.730444
0.732000, 1155884.505459
0.733000, 1152642.280473
0.734000, 1149377.303316
0.735000, 1146112.326159
0.736000, 1142824.725726
0.737000, 1139537.125292
0.738000, 1136227.031372
0.739000, 1132916.937451
0.740000, 1129584.480720
0.741000, 1126252.023989
0.742000, 1122897.336008
0.743000, 1119542.648026
0.744000, 1116165.861231
0.745000, 1112789.074436
0.746000, 1109390.322137
0.747000, 1105991.569839
0.748000, 1102570.986213
0.749000, 1099150.402588
0.750000, 1095708.122674
0.751000, 1092265.842761
0.752000, 1088802.002455
0.753000, 1085338.162149
0.754000, 1081852.898197
0.755000, 1078367.634245
0.756000, 1074861.084239
0.757000, 1071354.534233
0.758000, 1067826.836606
0.759000, 1064299.138979
0.760000, 1060750.432998
0.761000, 1057201.727017
0.762000, 1053632.152779
0.763000, 1050062.578541
0.764000, 1046472.276966
0.765000, 1042881.975392
0.766000, 1039271.088221
0.767000, 1035660.201049
0.768000, 1032028.870832
0.769000, 1028397.540614
0.770000, 1024745.910710
0.771000, 1021094.280805
0.772000, 1017422.495374
0.773000, 1013750.709943
0.774000, 1010058.913941
0.775000, 1006367.117938
0.776000, 1002655.457111
0.777000, 998943.796283
0.778000, 995212.417160
0.779000, 991481.038037
0.780000, 987730.087927
0.781000, 983979.137817
0.782000, 980208.764802
0.783000, 976438.391786
0.784000, 972648.744712
0.785000, 968859.097639
0.786000, 965050.326116
0.787000, 961241.554594
0.788000, 957413.808986
0.789000, 953586.063378
0.790000, 949739.494798
0.791000, 945892.926217
0.792000, 942027.686520
0.793000, 938162.446823
0.794000, 934278.688603
0.795000, 930394.930382
0.796000, 926492.806962
0.797000, 922590.683542
0.798000, 918670.348972
0.799000, 914750.014402
0.800000, 910811.623450
0.801000, 906873.232498
0.802000, 902916.940644
0.803000, 898960.648791
0.804000, 894986.612224
0.805000, 891012.575657
0.806000, 887020.951265
0.807000, 883029.326872
0.808000, 879020.272237
0.809000, 875011.217602
0.810000, 870984.890994
0.811000, 866958.564386
0.812000, 862915.124759
0.813000, 858871.685131
0.814000, 854811.292112
0.815000, 850750.899093
0.816000, 846673.712979
0.817000, 842596.526866
0.818000, 838502.708618
0.819000, 834408.890370
0.820000, 830298.601606
0.821000, 826188.312841
0.822000, 822061.715826
0.823000, 817935.118811
0.824000, 813792.376458
0.825000, 809649.634104
0.826000, 805490.909960
0.827000, 801332.185815
0.828000, 797157.644060
0.829000, 792983.102304
0.830000, 788792.907741
0.831000, 784602.713178
0.832000, 780397.031229
0.833000, 776191.349280
0.834000, 771970.345978
0.835000, 767749.342676
0.836000, 763513.184660
0.837000, 759277.026643
0.838000, 755025.881148
0.839000, 750774.735653
0.840000, 746508.770508
0.841000, 742242.805363
0.842000, 737962.188980
0.843000, 733681.572597
0.844000, 729386.473968
0.845000, 725091.375339
0.846000, 720781.964027
0.847000, 716472.552715
0.848000, 712148.998848
0.849000, 707825.444981
0.850000, 703487.919246
0.851000, 699150.393511
0.852000, 694799.067146
0.853000, 690447.740780
0.854000, 686082.785568
0.855000, 681717.830355
0.856000, 677339.418616
0.857000, 672961.006877
0.858000, 668569.311464
0.859000, 664177.616051
0.860000, 659772.810341
0.861000, 655368.004630
0.862000, 650950.262516
0.863000, 646532.520402
0.864000, 642102.016290
0.865000, 637671.512178
0.866000, 633228.420976
0.867000, 628785.329774
0.868000, 624329.826888
0.869000, 619874.324002
0.870000, 615406.585327
0.871000, 610938.846652
0.872000, 606459.048568
0.873000, 601979.250484
0.874000, 597487.569844
0.875000, 592995.889205
0.876000, 588492.503334
0.877000, 583989.117464
0.878000, 579474.204148
0.879000, 574959.290832
0.880000, 570433.028312
0.881000, 565906.765793
0.882000, 561369.332758
0.883000, 556831.899723
0.884000, 552283.475303
0.885000, 547735.050883
0.886000, 543175.814642
0.887000, 538616.578401
0.888000, 534046.710330
0.889000, 529476.842259
0.890000, 524896.522768
0.891000, 520316.203278
0.892000, 515725.613191
0.893000, 511135.023104
0.894000, 506534.343649
0.895000, 501933.664194
0.896000, 497323.076999
0.897000, 492712.489803
0.898000, 488092.176885
0.899000, 483471.863966
0.900000, 478842.007727
0.901000, 474212.151488
0.902000, 469572.934708
0.903000, 464933.717927
0.904000, 460285.323752
0.905000, 455636.929578
0.906000, 450979.541521
0.907000, 446322.153464
0.908000, 441655.955389
0.909000, 436989.757315
0.910000, 432314.933436
0.911000, 427640.109558
0.912000, 422956.844430
0.913000, 418273.579303
0.914000, 413582.057812
0.915000, 408890.536322
0.916000, 404190.943683
0.917000, 399491.351044
0.918000, 394783.872787
0.919000, 390076.394531
0.920000, 385361.216500
0.921000, 380646.038469
0.922000, 375923.346812
0.923000, 371200.655154
0.924000, 366470.636314
0.925000, 361740.617473
0.926000, 357003.458182
0.927000, 352266.298892
0.928000, 347522.186166
0.929000, 342778.073440
0.930000, 338027.194568
0.931000, 333276.315697
0.932000, 328518.858236
0.933000, 323761.400775
0.934000, 318997.552542
0.935000, 314233.704308
0.936000, 309463.653370
0.937000, 304693.602432
0.938000, 299917.537103
0.939000, 295141.471775
0.940000, 290359.580606
0.941000, 285577.689437
0.942000, 280790.161209
0.943000, 276002.632982
0.944000, 271209.656698
0.945000, 266416.680415
0.946000, 261618.445294
0.947000, 256820.210173
0.948000, 252016.905642
0.949000, 247213.601110
0.950000, 242405.416793
0.951000, 237597.232477
0.952000, 232784.358194
0.953000, 227971.483911
0.954000, 223154.109667
0.955000, 218336.735423
0.956000, 213515.051398
0.957000, 208693.367373
0.958000, 203867.563920
0.959000, 199041.760467
0.960000, 194212.028100
0.961000, 189382.295733
0.962000, 184548.825121
0.963000, 179715.354510
0.964000, 174878.336471
0.965000, 170041.318433
0.966000, 165200.943924
0.967000, 160360.569415
0.968000, 155517.029526
0.969000, 150673.489637
0.970000, 145826.975582
0.971000, 140980.461528
0.972000, 136131.164639
0.973000, 131281.867751
0.974000, 126429.979471
0.975000, 121578.091191
0.976000, 116723.803063
0.977000, 111869.514936
0.978000, 107013.018600
0.979000, 102156.522264
0.980000, 97298.009446
0.981000, 92439.496628
0.982000, 87579.159133
0.983000, 82718.821638
0.984000, 77856.851345
0.985000, 72994.881051
0.986000, 68131.469902
0.987000, 63268.058752
0.988000, 58403.398744
0.989000, 53538.738737
0.990000, 48673.021921
0.991000, 43807.305105
0.992000, 38940.723570
0.993000, 34074.142035
0.994000, 29206.887906
0.995000, 24339.633777
0.996000, 19471.899204
0.997000, 14604.164632
0.998000, 9736.141785
0.999000, 4868.118939
1.000000, 0.000000
