0.000000, 0.000000
0.001000, 3280.260310
0.002000, 6560.455871
0.003000, 9840.651432
0.004000, 13120.652747
0.005000, 16400.654062
0.006000, 19680.331642
0.007000, 22960.009222
0.008000, 26239.233591
0.009000, 29518.457960
0.010000, 32797.099661
0.011000, 36075.741361
0.012000, 39353.670956
0.013000, 42631.600552
0.014000, 45908.688637
0.015000, 49185.776721
0.016000, 52461.893920
0.017000, 55738.011120
0.018000, 59013.028098
0.019000, 62288.045077
0.020000, 65561.832543
0.021000, 68835.620009
0.022000, 72108.048719
0.023000, 75380.477429
0.024000, 78651.418193
0.025000, 81922.358957
0.026000, 85191.682643
0.027000, 88461.006330
0.028000, 91728.583872
0.029000, 94996.161414
0.030000, 98261.863813
0.031000, 101527.566212
0.032000, 104791.264544
0.033000, 108054.962876
0.034000, 111316.528295
0.035000, 114578.093714
0.036000, 117837.397460
0.037000, 121096.701206
0.038000, 124353.614607
0.039000, 127610.528008
0.040000, 130864.922486
0.041000, 134119.316964
0.042000, 137371.064042
0.043000, 140622.811119
0.044000, 143871.782423
0.045000, 147120.753727
0.046000, 150366.820993
0.047000, 153612.888259
0.048000, 156855.923338
0.049000, 160098.958417
0.050000, 163338.833280
0.051000, 166578.708143
0.052000, 169815.294885
0.053000, 173051.881626
0.054000, 176285.052472
0.055000, 179518.223318
0.056000, 182747.850627
0.057000, 185977.477937
0.058000, 189203.434210
0.059000, 192429.390484
0.060000, 195651.548366
0.061000, 198873.706248
0.062000, 202091.938533
0.063000, 205310.170819
0.064000, 208524.350457
0.065000, 211738.530095
0.066000, 214948.530196
0.067000, 218158.530297
0.068000, 221364.224136
0.069000, 224569.917974
0.070000, 227771.178995
0.071000, 230972.440015
0.072000, 234169.141838
0.073000, 237365.843660
0.074000, 240557.860084
0.075000, 243749.876507
0.076000, 246937.081517
0.077000, 250124.286527
0.078000, 253306.554298
0.079000, 256488.822068
0.080000, 259666.026969
0.081000, 262843.231870
0.082000, 266015.248471
0.083000, 269187.265071
0.084000, 272353.968145
0.085000, 275520.671220
0.086000, 278681.935752
0.087000, 281843.200284
0.088000, 284998.901473
0.089000, 288154.602661
0.090000, 291304.615925
0.091000, 294454.629188
0.092000, 297598.830170
0.093000, 300743.031151
0.094000, 303881.295722
0.095000, 307019.560293
0.096000, 310151.764561
0.097000, 313283.968829
0.098000, 316409.989140
0.099000, 319536.009451
0.100000, 322655.722394
0.101000, 325775.435338
0.102000, 328888.717753
0.103000, 332002.000168
0.104000, 335108.729148
0.105000, 338215.458128
0.106000, 341315.511024
0.107000, 344415.563921
0.108000, 347508.818349
0.109000, 350602.072777
0.110000, 353688.406620
0.111000, 356774.740464
0.112000, 359854.031879
0.113000, 362933.323294
0.114000, 366005.450717
0.115000, 369077.578139
0.116000, 372142.420286
0.117000, 375207.262433
0.118000, 378264.698309
0.119000, 381322.134186
0.120000, 384372.043090
0.121000, 387421.951995
0.122000, 390464.213521
0.123000, 393506.475048
0.124000, 396540.969094
0.125000, 399575.463139
0.126000, 402602.069907
0.127000, 405628.676676
0.128000, 408647.276681
0.129000, 411665.876686
0.130000, 414676.350760
0.131000, 417686.824833
0.132000, 420689.054126
0.133000, 423691.283419
0.134000, 426685.149409
0.135000, 429679.015399
0.136000, 432664.399893
0.137000, 435649.784387
0.138000, 438626.569527
0.139000, 441603.354667
0.140000, 444571.422935
0.141000, 447539.491203
0.142000, 450498.725425
0.143000, 453457.959647
0.144000, 456408.242996
0.145000, 459358.526346
0.146000, 462299.742352
0.147000, 465240.958357
0.148000, 468172.990905
0.149000, 471105.023452
0.150000, 474027.756790
0.151000, 476950.490128
0.152000, 479863.808871
0.153000, 482777.127614
0.154000, 485680.916751
0.155000, 488584.705887
0.156000, 491478.850779
0.157000, 494372.995671
0.158000, 497257.382064
0.159000, 500141.768457
0.160000, 503016.282479
0.161000, 505890.796501
0.162000, 508755.324673
0.163000, 511619.852844
0.164000, 514474.282077
0.165000, 517328.711310
0.166000, 520172.928918
0.167000, 523017.146525
0.168000, 525851.040222
0.169000, 528684.933919
0.170000, 531508.391827
0.171000, 534331.849736
0.172000, 537144.760391
0.173000, 539957.671047
0.174000, 542759.923400
0.175000, 545562.175754
0.176000, 548353.659177
0.177000, 551145.142600
0.178000, 553925.746890
0.179000, 556706.351179
0.180000, 559475.966562
0.181000, 562245.581945
0.182000, 565004.099082
0.183000, 567762.616219
0.184000, 570509.926207
0.185000, 573257.236196
0.186000, 575993.230578
0.187000, 578729.224959
0.188000, 581453.795721
0.189000, 584178.366484
0.190000, 586891.406065
0.191000, 589604.445646
0.192000, 592305.846941
0.193000, 595007.248235
0.194000, 597696.904596
0.195000, 600386.560956
0.196000, 603064.366200
0.197000, 605742.171444
0.198000, 608408.019857
0.199000, 611073.868269
0.200000, 613727.654606
0.201000, 616381.440943
0.202000, 619023.060438
0.203000, 621664.679933
0.204000, 624294.028300
0.205000, 626923.376667
0.206000, 629540.350103
0.207000, 632157.323539
0.208000, 634761.818730
0.209000, 637366.313922
0.210000, 639958.228048
0.211000, 642550.142174
0.212000, 645129.372911
0.213000, 647708.603647
0.214000, 650275.049170
0.215000, 652841.494694
0.216000, 655395.053685
0.217000, 657948.612676
0.218000, 660489.184324
0.219000, 663029.755973
0.220000, 665557.239982
0.221000, 668084.723991
0.222000, 670599.020580
0.223000, 673113.317168
0.224000, 675614.327076
0.225000, 678115.336984
0.226000, 680602.961476
0.227000, 683090.585967
0.228000, 685564.726836
0.229000, 688038.867704
0.230000, 690499.427274
0.231000, 692959.986844
0.232000, 695406.867978
0.233000, 697853.749111
0.234000, 700286.855209
0.235000, 702719.961306
0.236000, 705139.196314
0.237000, 707558.431321
0.238000, 709963.699731
0.239000, 712368.968140
0.240000, 714760.174996
0.241000, 717151.381853
0.242000, 719528.432754
0.243000, 721905.483656
0.244000, 724268.284762
0.245000, 726631.085867
0.246000, 728979.543897
0.247000, 731328.001928
0.248000, 733662.024169
0.249000, 735996.046410
0.250000, 738315.540720
0.251000, 740635.035030
0.252000, 742939.909838
0.253000, 745244.784646
0.254000, 747534.948960
0.255000, 749825.113274
0.256000, 752100.476682
0.257000, 754375.840090
0.258000, 756636.312766
0.259000, 758896.785441
0.260000, 761142.278143
0.261000, 763387.770845
0.262000, 765618.194926
0.263000, 767848.619007
0.264000, 770063.886414
0.265000, 772279.153821
0.266000, 774479.177099
0.267000, 776679.200376
0.268000, 778863.892671
0.269000, 781048.584966
0.270000, 783217.860031
0.271000, 785387.135096
0.272000, 787540.907291
0.273000, 789694.679486
0.274000, 791832.863784
0.275000, 793971.048082
0.276000, 796093.560071
0.277000, 798216.072061
0.278000, 800322.827948
0.279000, 802429.583836
0.280000, 804520.500450
0.281000, 806611.417065
0.282000, 808686.411860
0.283000, 810761.406656
0.284000, 812820.397716
0.285000, 814879.388775
0.286000, 816922.294814
0.287000, 818965.200852
0.288000, 820991.941218
0.289000, 823018.681584
0.290000, 825029.176266
0.291000, 827039.670949
0.292000, 829033.840576
0.293000, 831028.010203
0.294000, 833005.776048
0.295000, 834983.541894
0.296000, 836944.825879
0.297000, 838906.109865
0.298000, 840850.834562
0.299000, 842795.559259
0.300000, 844723.647893
0.301000, 846651.736527
0.302000, 848563.112981
0.303000, 850474.489434
0.304000, 852369.078250
0.305000, 854263.667065
0.306000, 856141.393447
0.307000, 858019.119829
0.308000, 859879.909649
0.309000, 861740.699468
0.310000, 863584.479263
0.311000, 865428.259059
0.312000, 867254.956041
0.313000, 869081.653024
0.314000, 870891.195079
0.315000, 872700.737134
0.316000, 874493.052823
0.317000, 876285.368513
0.318000, 878060.387079
0.319000, 879835.405646
0.320000, 881593.057015
0.321000, 883350.708383
0.322000, 885090.923166
0.323000, 886831.137948
0.324000, 888553.847442
0.325000, 890276.556937
0.326000, 891981.693135
0.327000, 893686.829333
0.328000, 895374.324917
0.329000, 897061.820502
0.330000, 898731.608855
0.331000, 900401.397207
0.332000, 902053.412407
0.333000, 903705.427607
0.334000, 905339.604435
0.335000, 906973.781263
0.336000, 908590.055206
0.337000, 910206.329148
0.338000, 911804.636397
0.339000, 913402.943645
0.340000, 914983.221102
0.341000, 916563.498559
0.342000, 918125.683836
0.343000, 919687.869114
0.344000, 921231.900541
0.345000, 922775.931968
0.346000, 924301.748587
0.347000, 925827.565207
0.348000, 927335.106783
0.349000, 928842.648360
0.350000, 930331.855377
0.351000, 931821.062395
0.352000, 933291.876063
0.353000, 934762.689730
0.354000, 936215.051983
0.355000, 937667.414235
0.356000, 939101.267735
0.357000, 940535.121236
0.358000, 941950.409378
0.359000, 943365.697521
0.360000, 944762.364432
0.361000, 946159.031343
0.362000, 947537.021885
0.363000, 948915.012427
0.364000, 950274.272199
0.365000, 951633.531971
0.366000, 952974.007311
0.367000, 954314.482652
0.368000, 955636.120642
0.369000, 956957.758632
0.370000, 958260.507095
0.371000, 959563.255558
0.372000, 960847.063064
0.373000, 962130.870570
0.374000, 963395.686436
0.375000, 964660.502302
0.376000, 965906.276596
0.377000, 967152.050890
0.378000, 968378.734430
0.379000, 969605.417970
0.380000, 970812.962330
0.381000, 972020.506689
0.382000, 973208.864196
0.383000, 974397.221703
0.384000, 975566.345443
0.385000, 976735.469183
0.386000, 977885.313001
0.387000, 979035.156819
0.388000, 980165.675321
0.389000, 981296.193823
0.390000, 982407.342379
0.391000, 983518.490934
0.392000, 984610.225677
0.393000, 985701.960419
0.394000, 986774.238249
0.395000, 987846.516078
0.396000, 988899.294664
0.397000, 989952.073249
0.398000, 990985.311027
0.399000, 992018.548806
0.400000, 993032.204988
0.401000, 994045.861170
0.402000, 995039.895738
0.403000, 996033.930305
0.404000, 997008.304016
0.405000, 997982.677727
0.406000, 998937.352113
0.407000, 999892.026500
0.408000, 1000826.963875
0.409000, 1001761.901249
0.410000, 1002677.064701
0.411000, 1003592.228153
0.412000, 1004487.581554
0.413000, 1005382.934955
0.414000, 1006258.442957
0.415000, 1007133.950960
0.416000, 1007989.579000
0.417000, 1008845.207040
0.418000, 1009680.921340
0.419000, 1010516.635640
0.420000, 1011332.403206
0.421000, 1012148.170773
0.422000, 1012943.959401
0.423000, 1013739.748029
0.424000, 1014515.526303
0.425000, 1015291.304576
0.426000, 1016047.041868
0.427000, 1016802.779161
0.428000, 1017538.445636
0.429000, 1018274.112112
0.430000, 1018989.678729
0.431000, 1019705.245346
0.432000, 1020400.683854
0.433000, 1021096.122362
0.434000, 1021771.405307
0.435000, 1022446.688252
0.436000, 1023101.788975
0.437000, 1023756.889698
0.438000, 1024391.782336
0.439000, 1025026.674974
0.440000, 1025641.334463
0.441000, 1026255.993952
0.442000, 1026850.396027
0.443000, 1027444.798101
0.444000, 1028018.919295
0.445000, 1028593.040489
0.446000, 1029146.858137
0.447000, 1029700.675784
0.448000, 1030234.168022
0.449000, 1030767.660260
0.450000, 1031280.806027
0.451000, 1031793.951794
0.452000, 1032286.730832
0.453000, 1032779.509869
0.454000, 1033251.902724
0.455000, 1033724.295578
0.456000, 1034176.283599
0.457000, 1034628.271621
0.458000, 1035059.836967
0.459000, 1035491.402312
0.460000, 1035902.527944
0.461000, 1036313.653575
0.462000, 1036704.323263
0.463000, 1037094.992950
0.464000, 1037465.191270
0.465000, 1037835.389590
0.466000, 1038185.101928
0.467000, 1038534.814266
0.468000, 1038864.026816
0.469000, 1039193.239366
0.470000, 1039501.939131
0.471000, 1039810.638896
0.472000, 1040098.813689
0.473000, 1040386.988483
0.474000, 1040654.626928
0.475000, 1040922.265372
0.476000, 1041169.356903
0.477000, 1041416.448433
0.478000, 1041642.983295
0.479000, 1041869.518156
0.480000, 1042075.487405
0.481000, 1042281.456654
0.482000, 1042466.852160
0.483000, 1042652.247665
0.484000, 1042817.062108
0.485000, 1042981.876551
0.486000, 1043126.103424
0.487000, 1043270.330298
0.488000, 1043393.963908
0.489000, 1043517.597518
0.490000, 1043620.632985
0.491000, 1043723.668451
0.492000, 1043806.101706
0.493000, 1043888.534960
0.494000, 1043950.362749
0.495000, 1044012.190538
0.496000, 1044053.410420
0.497000, 1044094.630301
0.498000, 1044115.240649
0.499000, 1044135.850997
0.500000, 1044135.850997
0.501000, 1044135.850997
0.502000, 1044115.240649
0.503000, 1044094.630301
0.504000, 1044053.410420
0.505000, 1044012.190538
0.506000, 1043950.362749
0.507000, 1043888.534960
0.508000, 1043806.101706
0.509000, 1043723.668451
0.510000, 1043620.632985
0.511000, 1043517.597518
0.512000, 1043393.963908
0.513000, 1043270.330298
0.514000, 1043126.103424
0.515000, 1042981.876551
0.516000, 1042817.062108
0.517000, 1042652.247665
0.518000, 1042466.852160
0.519000, 1042281.456654
0.520000, 1042075.487405
0.521000, 1041869.518156
0.522000, 1041642.983295
0.523000, 1041416.448433
0.524000, 1041169.356903
0.525000, 1040922.265372
0.526000, 1040654.626928
0.527000, 1040386.988483
0.528000, 1040098.813689
0.529000, 1039810.638896
0.530000, 1039501.939131
0.531000, 1039193.239366
0.532000, 1038864.026816
0.533000, 1038534.814266
0.534000, 1038185.101928
0.535000, 1037835.389590
0.536000, 1037465.191270
0.537000, 1037094.992950
0.538000, 1036704.323263
0.539000, 1036313.653575
0.540000, 1035902.527944
0.541000, 1035491.402312
0.542000, 1035059.836967
0.543000, 1034628.271621
0.544000, 1034176.283599
0.545000, 1033724.295578
0.546000, 1033251.902724
0.547000, 1032779.509869
0.548000, 1032286.730832
0.549000, 1031793.951794
0.550000, 1031280.806027
0.551000, 1030767.660260
0.552000, 1030234.168022
0.553000, 1029700.675784
0.554000, 1029146.858137
0.555000, 1028593.040489
0.556000, 1028018.919295
0.557000, 1027444.798101
0.558000, 1026850.396027
0.559000, 1026255.993952
0.560000, 1025641.334463
0.561000, 1025026.674974
0.562000, 1024391.782336
0.563000, 1023756.889698
0.564000, 1023101.788975
0.565000, 1022446.688252
0.566000, 1021771.405307
0.567000, 1021096.122362
0.568000, 1020400.683854
0.569000, 1019705.245346
0.570000, 1018989.678729
0.571000, 1018274.112112
0.572000, 1017538.445636
0.573000, 1016802.779161
0.574000, 1016047.041868
0.575000, 1015291.304576
0.576000, 1014515.526303
0.577000, 1013739.748029
0.578000, 1012943.959401
0.579000, 1012148.170773
0.580000, 1011332.403206
0.581000, 1010516.635640
0.582000, 1009680.921340
0.583000, 1008845.207040
0.584000, 1007989.579000
0.585000, 1007133.950960
0.586000, 1006258.442957
0.587000, 1005382.934955
0.588000, 1004487.581554
0.589000, 1003592.228153
0.590000, 1002677.064701
0.591000, 1001761.901249
0.592000, 1000826.963875
0.593000, 999892.026500
0.594000, 998937.352113
0.595000, 997982.677727
0.596000, 997008.304016
0.597000, 996033.930305
0.598000, 995039.895738
0.599000, 994045.861170
0.600000, 993032.204988
0.601000, 992018.548806
0.602000, 990985.311027
0.603000, 989952.073249
0.604000, 988899.294664
0.605000, 987846.516078
0.606000, 986774.238249
0.607000, 985701.960419
0.608000, 984610.225677
0.609000, 983518.490934
0.610000, 982407.342379
0.611000, 981296.193823
0.612000, 980165.675321
0.613000, 979035.156819
0.614000, 977885.313001
0.615000, 976735.469183
0.616000, 975566.345443
0.617000, 974397.221703
0.618000, 973208.864196
0.619000, 972020.506689
0.620000, 970812.962330
0.621000, 969605.417970
0.622000, 968378.734430
0.623000, 967152.050890
0.624000, 965906.276596
0.625000, 964660.502302
0.626000, 963395.686436
0.627000, 962130.870570
0.628000, 960847.063064
0.629000, 959563.255558
0.630000, 958260.507095
0.631000, 956957.758632
0.632000, 955636.120642
0.633000, 954314.482652
0.634000, 952974.007311
0.635000, 951633.531971
0.636000, 950274.272199
0.637000, 948915.012427
0.638000, 947537.021885
0.639000, 946159.031343
0.640000, 944762.364432
0.641000, 943365.697521
0.642000, 941950.409378
0.643000, 940535.121236
0.644000, 939101.267735
0.645000, 937667.414235
0.646000, 936215.051983
0.647000, 934762.689730
0.648000, 933291.876063
0.649000, 931821.062395
0.650000, 930331.855377
0.651000, 928842.648360
0.652000, 927335.106783
0.653000, 925827.565207
0.654000, 924301.748587
0.655000, 922775.931968
0.656000, 921231.900541
0.657000, 919687.869114
0.658000, 918125.683836
0.659000, 916563.498559
0.660000, 914983.221102
0.661000, 913402.943645
0.662000, 911804.636397
0.663000, 910206.329148
0.664000, 908590.055206
0.665000, 906973.781263
0.666000, 905339.604435
0.667000, 903705.427607
0.668000, 902053.412407
0.669000, 900401.397207
0.670000, 898731.608855
0.671000, 897061.820502
0.672000, 895374.324917
0.673000, 893686.829333
0.674000, 891981.693135
0.675000, 890276.556937
0.676000, 888553.847442
0.677000, 886831.137948
0.678000, 885090.923166
0.679000, 883350.708383
0.680000, 881593.057015
0.681000, 879835.405646
0.682000, 878060.387079
0.683000, 876285.368513
0.684000, 874493.052823
0.685000, 872700.737134
0.686000, 870891.195079
0.687000, 869081.653024
0.688000, 867254.956041
0.689000, 865428.259059
0.690000, 863584.479263
0.691000, 861740.699468
0.692000, 859879.909649
0.693000, 858019.119829
0.694000, 856141.393447
0.695000, 854263.667065
0.696000, 852369.078250
0.697000, 850474.489434
0.698000, 848563.112981
0.699000, 846651.736527
0.700000, 844723.647893
0.701000, 842795.559259
0.702000, 840850.834562
0.703000, 838906.109865
0.704000, 836944.825879
0.705000, 834983.541894
0.706000, 833005.776048
0.707000, 831028.010203
0.708000, 829033.840576
0.709000, 827039.670949
0.710000, 825029.176266
0.711000, 823018.681584
0.712000, 820991.941218
0.713000, 818965.200852
0.714000, 816922.294814
0.715000, 814879.388775
0.716000, 812820.397716
0.717000, 810761.406656
0.718000, 808686.411860
0.719000, 806611.417065
0.720000, 804520.500450
0.721000, 802429.583836
0.722000, 800322.827948
0.723000, 798216.072061
0.724000, 796093.560071
0.725000, 793971.048082
0.726000, 791832.863784
0.727000, 789694.679486
0.728000, 787540.907291
0.729000, 785387.135096
0.730000, 783217.860031
0.731000, 781048.584966
0.732000, 778863.892671
0.733000, 776679.200376
0.734000, 774479.177099
0.735000, 772279.153821
0.736000, 770063.886414
0.737000, 767848.619007
0.738000, 765618.194926
0.739000, 763387.770845
0.740000, 761142.278143
0.741000, 758896.785441
0.742000, 756636.312766
0.743000, 754375.840090
0.744000, 752100.476682
0.745000, 749825.113274
0.746000, 747534.948960
0.747000, 745244.784646
0.748000, 742939.909838
0.749000, 740635.035030
0.750000, 738315.540720
0.751000, 735996.046410
0.752000, 733662.024169
0.753000, 731328.001928
0.754000, 728979.543897
0.755000, 726631.085867
0.756000, 724268.284762
0.757000, 721905.483656
0.758000, 719528.432754
0.759000, 717151.381853
0.760000, 714760.174996
0.761000, 712368.968140
0.762000, 709963.699731
0.763000, 707558.431321
0.764000, 705139.196314
0.765000, 702719.961306
0.766000, 700286.855209
0.767000, 697853.749111
0.768000, 695406.867978
0.769000, 692959.986844
0.770000, 690499.427274
0.771000, 688038.867704
0.772000, 685564.726836
0.773000, 683090.585967
0.774000, 680602.961476
0.775000, 678115.336984
0.776000, 675614.327076
0.777000, 673113.317168
0.778000, 670599.020580
0.779000, 668084.723991
0.780000, 665557.239982
0.781000, 663029.755973
0.782000, 660489.184324
0.783000, 657948.612676
0.784000, 655395.053685
0.785000, 652841.494694
0.786000, 650275.049170
0.787000, 647708.603647
0.788000, 645129.372911
0.789000, 642550.142174
0.790000, 639958.228048
0.791000, 637366.313922
0.792000, 634761.818730
0.793000, 632157.323539
0.794000, 629540.350103
0.795000, 626923.376667
0.796000, 624294.028300
0.797000, 621664.679933
0.798000, 619023.060438
0.799000, 616381.440943
0.800000, 613727.654606
0.801000, 611073.868269
0.802000, 608408.019857
0.803000, 605742.171444
0.804000, 603064.366200
0.805000, 600386.560956
0.806000, 597696.904596
0.807000, 595007.248235
0.808000, 592305.846941
0.809000, 589604.445646
0.810000, 586891.406065
0.811000, 584178.366484
0.812000, 581453.795721
0.813000, 578729.224959
0.814000, 575993.230578
0.815000, 573257.236196
0.816000, 570509.926207
0.817000, 567762.616219
0.818000, 565004.099082
0.819000, 562245.581945
0.820000, 559475.966562
0.821000, 556706.351179
0.822000, 553925.746890
0.823000, 551145.142600
0.824000, 548353.659177
0.825000, 545562.175754
0.826000, 542759.923400
0.827000, 539957.671047
0.828000, 537144.760391
0.829000, 534331.849736
0.830000, 531508.391827
0.831000, 528684.933919
0.832000, 525851.040222
0.833000, 523017.146525
0.834000, 520172.928918
0.835000, 517328.711310
0.836000, 514474.282077
0.837000, 511619.852844
0.838000, 508755.324673
0.839000, 505890.796501
0.840000, 503016.282479
0.841000, 500141.768457
0.842000, 497257.382064
0.843000, 494372.995671
0.844000, 491478.850779
0.845000, 488584.705887
0.846000, 485680.916751
0.847000, 482777.127614
0.848000, 479863.808871
0.849000, 476950.490128
0.850000, 474027.756790
0.851000, 471105.023452
0.852000, 468172.990905
0.853000, 465240.958357
0.854000, 462299.742352
0.855000, 459358.526346
0.856000, 456408.242996
0.857000, 453457.959647
0.858000, 450498.725425
0.859000, 447539.491203
0.860000, 444571.422935
0.861000, 441603.354667
0.862000, 438626.569527
0.863000, 435649.784387
0.864000, 432664.399893
0.865000, 429679.015399
0.866000, 426685.149409
0.867000, 423691.283419
0.868000, 420689.054126
0.869000, 417686.824833
0.870000, 414676.350760
0.871000, 411665.876686
0.872000, 408647.276681
0.873000, 405628.676676
0.874000, 402602.069907
0.875000, 399575.463139
0.876000, 396540.969094
0.877000, 393506.475048
0.878000, 390464.213521
0.879000, 387421.951995
0.880000, 384372.043090
0.881000, 381322.134186
0.882000, 378264.698309
0.883000, 375207.262433
0.884000, 372142.420286
0.885000, 369077.578139
0.886000, 366005.450717
0.887000, 362933.323294
0.888000, 359854.031879
0.889000, 356774.740464
0.890000, 353688.406620
0.891000, 350602.072777
0.892000, 347508.818349
0.893000, 344415.563921
0.894000, 341315.511024
0.895000, 338215.458128
0.896000, 335108.729148
0.897000, 332002.000168
0.898000, 328888.717753
0.899000, 325775.435338
0.900000, 322655.722394
0.901000, 319536.009451
0.902000, 316409.989140
0.903000, 313283.968829
0.904000, 310151.764561
0.905000, 307019.560293
0.906000, 303881.295722
0.907000, 300743.031151
0.908000, 297598.830170
0.909000, 294454.629188
0.910000, 291304.615925
0.911000, 288154.602661
0.912000, 284998.901473
0.913000, 281843.200284
0.914000, 278681.935752
0.915000, 275520.671220
0.916000, 272353.968145
0.917000, 269187.265071
0.918000, 266015.248471
0.919000, 262843.231870
0.920000, 259666.026969
0.921000, 256488.822068
0.922000, 253306.554298
0.923000, 250124.286527
0.924000, 246937.081517
0.925000, 243749.876507
0.926000, 240557.860084
0.927000, 237365.843660
0.928000, 234169.141838
0.929000, 230972.440015
0.930000, 227771.178995
0.931000, 224569.917974
0.932000, 221364.224136
0.933000, 218158.530297
0.934000, 214948.530196
0.935000, 211738.530095
0.936000, 208524.350457
0.937000, 205310.170819
0.938000, 202091.938533
0.939000, 198873.706248
0.940000, 195651.548366
0.941000, 192429.390484
0.942000, 189203.434210
0.943000, 185977.477937
0.944000, 182747.850627
0.945000, 179518.223318
0.946000, 176285.052472
0.947000, 173051.881626
0.948000, 169815.294885
0.949000, 166578.708143
0.950000, 163338.833280
0.951000, 160098.958417
0.952000, 156855.923338
0.953000, 153612.888259
0.954000, 150366.820993
0.955000, 147120.753727
0.956000, 143871.782423
0.957000, 140622.811119
0.958000, 137371.064042
0.959000, 134119.316964
0.960000, 130864.922486
0.961000, 127610.528008
0.962000, 124353.614607
0.963000, 121096.701206
0.964000, 117837.397460
0.965000, 114578.093714
0.966000, 111316.528295
0.967000, 108054.962876
0.968000, 104791.264544
0.969000, 101527.566212
0.970000, 98261.863813
0.971000, 94996.161414
0.972000, 91728.583872
0.973000, 88461.006330
0.974000, 85191.682643
0.975000, 81922.358957
0.976000, 78651.418193
0.977000, 75380.477429
0.978000, 72108.048719
0.979000, 68835.620009
0.980000, 65561.832543
0.981000, 62288.045077
0.982000, 59013.028098
0.983000, 55738.011120
0.984000, 52461.893920
0.985000, 49185.776721
0.986000, 45908.688637
0.987000, 42631.600552
0.988000, 39353.670956
0.989000, 36075.741361
0.990000, 32797.099661
0.991000, 29518.457960
0.992000, 26239.233591
0.993000, 22960.009222
0.994000, 19680.331642
0.995000, 16400.654062
0.996000, 13120.652747
0.997000, 9840.651432
0.998000, 6560.455871
0.999000, 3280.260310
1.000000, 0.000000
