0.000000, 0.000000
0.001000, 3.992174
0.002000, 7.984270
0.003000, 11.976365
0.004000, 15.968225
0.005000, 19.960084
0.006000, 23.951549
0.007000, 27.943014
0.008000, 31.933927
0.009000, 35.924841
0.010000, 39.915045
0.011000, 43.905250
0.012000, 47.894588
0.013000, 51.883926
0.014000, 55.872239
0.015000, 59.860553
0.016000, 63.847685
0.017000, 67.834817
0.018000, 71.820610
0.019000, 75.806403
0.020000, 79.790700
0.021000, 83.774996
0.022000, 87.757639
0.023000, 91.740282
0.024000, 95.721115
0.025000, 99.701947
0.026000, 103.680811
0.027000, 107.659675
0.028000, 111.636414
0.029000, 115.613153
0.030000, 119.587610
0.031000, 123.562067
0.032000, 127.534085
0.033000, 131.506103
0.034000, 135.475525
0.035000, 139.444947
0.036000, 143.411617
0.037000, 147.378286
0.038000, 151.342047
0.039000, 155.305807
0.040000, 159.266502
0.041000, 163.227197
0.042000, 167.184670
0.043000, 171.142143
0.044000, 175.096237
0.045000, 179.050332
0.046000, 183.000892
0.047000, 186.951453
0.048000, 190.898323
0.049000, 194.845193
0.050000, 198.788217
0.051000, 202.731241
0.052000, 206.670263
0.053000, 210.609286
0.054000, 214.544151
0.055000, 218.479016
0.056000, 222.409568
0.057000, 226.340121
0.058000, 230.266205
0.059000, 234.192290
0.060000, 238.113752
0.061000, 242.035214
0.062000, 245.951898
0.063000, 249.868583
0.064000, 253.780335
0.065000, 257.692087
0.066000, 261.598753
0.067000, 265.505418
0.068000, 269.406843
0.069000, 273.308268
0.070000, 277.204298
0.071000, 281.100327
0.072000, 284.990809
0.073000, 288.881290
0.074000, 292.766069
0.075000, 296.650848
0.076000, 300.529771
0.077000, 304.408694
0.078000, 308.281609
0.079000, 312.154523
0.080000, 316.021276
0.081000, 319.888029
0.082000, 323.748467
0.083000, 327.608906
0.084000, 331.462878
0.085000, 335.316849
0.086000, 339.164202
0.087000, 343.011555
0.088000, 346.852137
0.089000, 350.692720
0.090000, 354.526379
0.091000, 358.360039
0.092000, 362.186625
0.093000, 366.013211
0.094000, 369.832573
0.095000, 373.651934
0.096000, 377.463920
0.097000, 381.275905
0.098000, 385.080365
0.099000, 388.884825
0.100000, 392.681608
0.101000, 396.478392
0.102000, 400.267349
0.103000, 404.056306
0.104000, 407.837288
0.105000, 411.618269
0.106000, 415.391126
0.107000, 419.163982
0.108000, 422.928565
0.109000, 426.693148
0.110000, 430.449308
0.111000, 434.205468
0.112000, 437.953057
0.113000, 441.700646
0.114000, 445.439517
0.115000, 449.178387
0.116000, 452.908391
0.117000, 456.638395
0.118000, 460.359385
0.119000, 464.080376
0.120000, 467.792206
0.121000, 471.504035
0.122000, 475.206558
0.123000, 478.909081
0.124000, 482.602150
0.125000, 486.295220
0.126000, 489.978690
0.127000, 493.662161
0.128000, 497.335887
0.129000, 501.009613
0.130000, 504.673449
0.131000, 508.337286
0.132000, 511.991088
0.133000, 515.644890
0.134000, 519.288514
0.135000, 522.932138
0.136000, 526.565440
0.137000, 530.198742
0.138000, 533.821578
0.139000, 537.444414
0.140000, 541.056641
0.141000, 544.668868
0.142000, 548.270344
0.143000, 551.871820
0.144000, 555.462403
0.145000, 559.052985
0.146000, 562.632533
0.147000, 566.212080
0.148000, 569.780451
0.149000, 573.348822
0.150000, 576.905875
0.151000, 580.462928
0.152000, 584.008524
0.153000, 587.554120
0.154000, 591.088117
0.155000, 594.622115
0.156000, 598.144375
0.157000, 601.666636
0.158000, 605.177020
0.159000, 608.687404
0.160000, 612.185773
0.161000, 615.684142
0.162000, 619.170358
0.163000, 622.656574
0.164000, 626.130499
0.165000, 629.604424
0.166000, 633.065922
0.167000, 636.527419
0.168000, 639.976352
0.169000, 643.425285
0.170000, 646.861517
0.171000, 650.297749
0.172000, 653.721145
0.173000, 657.144541
0.174000, 660.554966
0.175000, 663.965390
0.176000, 667.362708
0.177000, 670.760027
0.178000, 674.144105
0.179000, 677.528183
0.180000, 680.898887
0.181000, 684.269591
0.182000, 687.626789
0.183000, 690.983986
0.184000, 694.327544
0.185000, 697.671102
0.186000, 701.000889
0.187000, 704.330675
0.188000, 707.646559
0.189000, 710.962442
0.190000, 714.264292
0.191000, 717.566142
0.192000, 720.853828
0.193000, 724.141513
0.194000, 727.414905
0.195000, 730.688297
0.196000, 733.947266
0.197000, 737.206234
0.198000, 740.450651
0.199000, 743.695068
0.200000, 746.924805
0.201000, 750.154542
0.202000, 753.369471
0.203000, 756.584401
0.204000, 759.784396
0.205000, 762.984391
0.206000, 766.169325
0.207000, 769.354260
0.208000, 772.524008
0.209000, 775.693756
0.210000, 778.848193
0.211000, 782.002629
0.212000, 785.141630
0.213000, 788.280630
0.214000, 791.404071
0.215000, 794.527511
0.216000, 797.635268
0.217000, 800.743026
0.218000, 803.834977
0.219000, 806.926928
0.220000, 810.002951
0.221000, 813.078974
0.222000, 816.138948
0.223000, 819.198922
0.224000, 822.242725
0.225000, 825.286529
0.226000, 828.314042
0.227000, 831.341555
0.228000, 834.352658
0.229000, 837.363761
0.230000, 840.358335
0.231000, 843.352909
0.232000, 846.330836
0.233000, 849.308763
0.234000, 852.269926
0.235000, 855.231088
0.236000, 858.175369
0.237000, 861.119650
0.238000, 864.046933
0.239000, 866.974216
0.240000, 869.884386
0.241000, 872.794556
0.242000, 875.687498
0.243000, 878.580439
0.244000, 881.456038
0.245000, 884.331638
0.246000, 887.189781
0.247000, 890.047924
0.248000, 892.888499
0.249000, 895.729073
0.250000, 898.551967
0.251000, 901.374860
0.252000, 904.179961
0.253000, 906.985063
0.254000, 909.772261
0.255000, 912.559459
0.256000, 915.328644
0.257000, 918.097829
0.258000, 920.848891
0.259000, 923.599953
0.260000, 926.332785
0.261000, 929.065616
0.262000, 931.780109
0.263000, 934.494601
0.264000, 937.190647
0.265000, 939.886694
0.266000, 942.564187
0.267000, 945.241681
0.268000, 947.900517
0.269000, 950.559352
0.270000, 953.199424
0.271000, 955.839497
0.272000, 958.460701
0.273000, 961.081906
0.274000, 963.684140
0.275000, 966.286374
0.276000, 968.869534
0.277000, 971.452694
0.278000, 974.016679
0.279000, 976.580664
0.280000, 979.125371
0.281000, 981.670079
0.282000, 984.195409
0.283000, 986.720740
0.284000, 989.226593
0.285000, 991.732446
0.286000, 994.218724
0.287000, 996.705001
0.288000, 999.171604
0.289000, 1001.638208
0.290000, 1004.085040
0.291000, 1006.531871
0.292000, 1008.958835
0.293000, 1011.385799
0.294000, 1013.792799
0.295000, 1016.199798
0.296000, 1018.586739
0.297000, 1020.973680
0.298000, 1023.340468
0.299000, 1025.707256
0.300000, 1028.053797
0.301000, 1030.400338
0.302000, 1032.726540
0.303000, 1035.052742
0.304000, 1037.358513
0.305000, 1039.664284
0.306000, 1041.949533
0.307000, 1044.234782
0.308000, 1046.499418
0.309000, 1048.764055
0.310000, 1051.007990
0.311000, 1053.251925
0.312000, 1055.475069
0.313000, 1057.698214
0.314000, 1059.900480
0.315000, 1062.102747
0.316000, 1064.284048
0.317000, 1066.465350
0.318000, 1068.625600
0.319000, 1070.785850
0.320000, 1072.924964
0.321000, 1075.064078
0.322000, 1077.181971
0.323000, 1079.299865
0.324000, 1081.396453
0.325000, 1083.493042
0.326000, 1085.568243
0.327000, 1087.643445
0.328000, 1089.697177
0.329000, 1091.750909
0.330000, 1093.783092
0.331000, 1095.815274
0.332000, 1097.825825
0.333000, 1099.836377
0.334000, 1101.825219
0.335000, 1103.814060
0.336000, 1105.781114
0.337000, 1107.748167
0.338000, 1109.693355
0.339000, 1111.638542
0.340000, 1113.561787
0.341000, 1115.485032
0.342000, 1117.386257
0.343000, 1119.287483
0.344000, 1121.166616
0.345000, 1123.045748
0.346000, 1124.902712
0.347000, 1126.759676
0.348000, 1128.594399
0.349000, 1130.429122
0.350000, 1132.241531
0.351000, 1134.053940
0.352000, 1135.843964
0.353000, 1137.633988
0.354000, 1139.401556
0.355000, 1141.169124
0.356000, 1142.914167
0.357000, 1144.659209
0.358000, 1146.381657
0.359000, 1148.104105
0.360000, 1149.803890
0.361000, 1151.503675
0.362000, 1153.180730
0.363000, 1154.857786
0.364000, 1156.512045
0.365000, 1158.166305
0.366000, 1159.797703
0.367000, 1161.429102
0.368000, 1163.037574
0.369000, 1164.646047
0.370000, 1166.231531
0.371000, 1167.817014
0.372000, 1169.379446
0.373000, 1170.941878
0.374000, 1172.481197
0.375000, 1174.020515
0.376000, 1175.536660
0.377000, 1177.052804
0.378000, 1178.545714
0.379000, 1180.038625
0.380000, 1181.508242
0.381000, 1182.977859
0.382000, 1184.424126
0.383000, 1185.870392
0.384000, 1187.293251
0.385000, 1188.716109
0.386000, 1190.115503
0.387000, 1191.514897
0.388000, 1192.890772
0.389000, 1194.266646
0.390000, 1195.618947
0.391000, 1196.971248
0.392000, 1198.299922
0.393000, 1199.628595
0.394000, 1200.933589
0.395000, 1202.238583
0.396000, 1203.519846
0.397000, 1204.801109
0.398000, 1206.058590
0.399000, 1207.316071
0.400000, 1208.549721
0.401000, 1209.783371
0.402000, 1210.993140
0.403000, 1212.202910
0.404000, 1213.388752
0.405000, 1214.574594
0.406000, 1215.736461
0.407000, 1216.898328
0.408000, 1218.036174
0.409000, 1219.174021
0.410000, 1220.287802
0.411000, 1221.401583
0.412000, 1222.491255
0.413000, 1223.580927
0.414000, 1224.646446
0.415000, 1225.711965
0.416000, 1226.753290
0.417000, 1227.794615
0.418000, 1228.811704
0.419000, 1229.828793
0.420000, 1230.821606
0.421000, 1231.814420
0.422000, 1232.782918
0.423000, 1233.751417
0.424000, 1234.695562
0.425000, 1235.639707
0.426000, 1236.559462
0.427000, 1237.479217
0.428000, 1238.374545
0.429000, 1239.269873
0.430000, 1240.140738
0.431000, 1241.011604
0.432000, 1241.857974
0.433000, 1242.704343
0.434000, 1243.526182
0.435000, 1244.348022
0.436000, 1245.145299
0.437000, 1245.942576
0.438000, 1246.715259
0.439000, 1247.487942
0.440000, 1248.236001
0.441000, 1248.984060
0.442000, 1249.707465
0.443000, 1250.430870
0.444000, 1251.129593
0.445000, 1251.828315
0.446000, 1252.502328
0.447000, 1253.176340
0.448000, 1253.825616
0.449000, 1254.474892
0.450000, 1255.099406
0.451000, 1255.723919
0.452000, 1256.323646
0.453000, 1256.923373
0.454000, 1257.498289
0.455000, 1258.073205
0.456000, 1258.623288
0.457000, 1259.173371
0.458000, 1259.698599
0.459000, 1260.223827
0.460000, 1260.724179
0.461000, 1261.224531
0.462000, 1261.699988
0.463000, 1262.175444
0.464000, 1262.625987
0.465000, 1263.076529
0.466000, 1263.502139
0.467000, 1263.927750
0.468000, 1264.328411
0.469000, 1264.729072
0.470000, 1265.104769
0.471000, 1265.480466
0.472000, 1265.831183
0.473000, 1266.181901
0.474000, 1266.507625
0.475000, 1266.833348
0.476000, 1267.134066
0.477000, 1267.434784
0.478000, 1267.710484
0.479000, 1267.986183
0.480000, 1268.236854
0.481000, 1268.487525
0.482000, 1268.713157
0.483000, 1268.938788
0.484000, 1269.139372
0.485000, 1269.339957
0.486000, 1269.515485
0.487000, 1269.691013
0.488000, 1269.841479
0.489000, 1269.991945
0.490000, 1270.117342
0.491000, 1270.242739
0.492000, 1270.343063
0.493000, 1270.443387
0.494000, 1270.518633
0.495000, 1270.593879
0.496000, 1270.644045
0.497000, 1270.694211
0.498000, 1270.719294
0.499000, 1270.744378
0.500000, 1270.744378
0.501000, 1270.744378
0.502000, 1270.719294
0.503000, 1270.694211
0.504000, 1270.644045
0.505000, 1270.593879
0.506000, 1270.518633
0.507000, 1270.443387
0.508000, 1270.343063
0.509000, 1270.242739
0.510000, 1270.117342
0.511000, 1269.991945
0.512000, 1269.841479
0.513000, 1269.691013
0.514000, 1269.515485
0.515000, 1269.339957
0.516000, 1269.139372
0.517000, 1268.938788
0.518000, 1268.713157
0.519000, 1268.487525
0.520000, 1268.236854
0.521000, 1267.986183
0.522000, 1267.710484
0.523000, 1267.434784
0.524000, 1267.134066
0.525000, 1266.833348
0.526000, 1266.507625
0.527000, 1266.181901
0.528000, 1265.831183
0.529000, 1265.480466
0.530000, 1265.104769
0.531000, 1264.729072
0.532000, 1264.328411
0.533000, 1263.927750
0.534000, 1263.502139
0.535000, 1263.076529
0.536000, 1262.625987
0.537000, 1262.175444
0.538000, 1261.699988
0.539000, 1261.224531
0.540000, 1260.724179
0.541000, 1260.223827
0.542000, 1259.698599
0.543000, 1259.173371
0.544000, 1258.623288
0.545000, 1258.073205
0.546000, 1257.498289
0.547000, 1256.923373
0.548000, 1256.323646
0.549000, 1255.723919
0.550000, 1255.099406
0.551000, 1254.474892
0.552000, 1253.825616
0.553000, 1253.176340
0.554000, 1252.502328
0.555000, 1251.828315
0.556000, 1251.129593
0.557000, 1250.430870
0.558000, 1249.707465
0.559000, 1248.984060
0.560000, 1248.236001
0.561000, 1247.487942
0.562000, 1246.715259
0.563000, 1245.942576
0.564000, 1245.145299
0.565000, 1244.348022
0.566000, 1243.526182
0.567000, 1242.704343
0.568000, 1241.857974
0.569000, 1241.011604
0.570000, 1240.140738
0.571000, 1239.269873
0.572000, 1238.374545
0.573000, 1237.479217
0.574000, 1236.559462
0.575000, 1235.639707
0.576000, 1234.695562
0.577000, 1233.751417
0.578000, 1232.782918
0.579000, 1231.814420
0.580000, 1230.821606
0.581000, 1229.828793
0.582000, 1228.811704
0.583000, 1227.794615
0.584000, 1226.753290
0.585000, 1225.711965
0.586000, 1224.646446
0.587000, 1223.580927
0.588000, 1222.491255
0.589000, 1221.401583
0.590000, 1220.287802
0.591000, 1219.174021
0.592000, 1218.036174
0.593000, 1216.898328
0.594000, 1215.736461
0.595000, 1214.574594
0.596000, 1213.388752
0.597000, 1212.202910
0.598000, 1210.993140
0.599000, 1209.783371
0.600000, 1208.549721
0.601000, 1207.316071
0.602000, 1206.058590
0.603000, 1204.801109
0.604000, 1203.519846
0.605000, 1202.238583
0.606000, 1200.933589
0.607000, 1199.628595
0.608000, 1198.299922
0.609000, 1196.971248
0.610000, 1195.618947
0.611000, 1194.266646
0.612000, 1192.890772
0.613000, 1191.514897
0.614000, 1190.115503
0.615000, 1188.716109
0.616000, 1187.293251
0.617000, 1185.870392
0.618000, 1184.424126
0.619000, 1182.977859
0.620000, 1181.508242
0.621000, 1180.038625
0.622000, 1178.545714
0.623000, 1177.052804
0.624000, 1175.536660
0.625000, 1174.020515
0.626000, 1172.481197
0.627000, 1170.941878
0.628000, 1169.379446
0.629000, 1167.817014
0.630000, 1166.231531
0.631000, 1164.646047
0.632000, 1163.037574
0.633000, 1161.429102
0.634000, 1159.797703
0.635000, 1158.166305
0.636000, 1156.512045
0.637000, 1154.857786
0.638000, 1153.180730
0.639000, 1151.503675
0.640000, 1149.803890
0.641000, 1148.104105
0.642000, 1146.381657
0.643000, 1144.659209
0.644000, 1142.914167
0.645000, 1141.169124
0.646000, 1139.401556
0.647000, 1137.633988
0.648000, 1135.843964
0.649000, 1134.053940
0.650000, 1132.241531
0.651000, 1130.429122
0.652000, 1128.594399
0.653000, 1126.759676
0.654000, 1124.902712
0.655000, 1123.045748
0.656000, 1121.166616
0.657000, 1119.287483
0.658000, 1117.386257
0.659000, 1115.485032
0.660000, 1113.561787
0.661000, 1111.638542
0.662000, 1109.693355
0.663000, 1107.748167
0.664000, 1105.781114
0.665000, 1103.814060
0.666000, 1101.825219
0.667000, 1099.836377
0.668000, 1097.825825
0.669000, 1095.815274
0.670000, 1093.783092
0.671000, 1091.750909
0.672000, 1089.697177
0.673000, 1087.643445
0.674000, 1085.568243
0.675000, 1083.493042
0.676000, 1081.396453
0.677000, 1079.299865
0.678000, 1077.181971
0.679000, 1075.064078
0.680000, 1072.924964
0.681000, 1070.785850
0.682000, 1068.625600
0.683000, 1066.465350
0.684000, 1064.284048
0.685000, 1062.102747
0.686000, 1059.900480
0.687000, 1057.698214
0.688000, 1055.475069
0.689000, 1053.251925
0.690000, 1051.007990
0.691000, 1048.764055
0.692000, 1046.499418
0.693000, 1044.234782
0.694000, 1041.949533
0.695000, 1039.664284
0.696000, 1037.358513
0.697000, 1035.052742
0.698000, 1032.726540
0.699000, 1030.400338
0.700000, 1028.053797
0.701000, 1025.707256
0.702000, 1023.340468
0.703000, 1020.973680
0.704000, 1018.586739
0.705000, 1016.199798
0.706000, 1013.792799
0.707000, 1011.385799
0.708000, 1008.958835
0.709000, 1006.531871
0.710000, 1004.085040
0.711000, 1001.638208
0.712000, 999.171604
0.713000, 996.705001
0.714000, 994.218724
0.715000, 991.732446
0.716000, 989.226593
0.717000, 986.720740
0.718000, 984.195409
0.719000, 981.670079
0.720000, 979.125371
0.721000, 976.580664
0.722000, 974.016679
0.723000, 971.452694
0.724000, 968.869534
0.725000, 966.286374
0.726000, 963.684140
0.727000, 961.081906
0.728000, 958.460701
0.729000, 955.839497
0.730000, 953.199424
0.731000, 950.559352
0.732000, 947.900517
0.733000, 945.241681
0.734000, 942.564187
0.735000, 939.886694
0.736000, 937.190647
0.737000, 934.494601
0.738000, 931.780109
0.739000, 929.065616
0.740000, 926.332785
0.741000, 923.599953
0.742000, 920.848891
0.743000, 918.097829
0.744000, 915.328644
0.745000, 912.559459
0.746000, 909.772261
0.747000, 906.985063
0.748000, 904.179961
0.749000, 901.374860
0.750000, 898.551967
0.751000, 895.729073
0.752000, 892.888499
0.753000, 890.047924
0.754000, 887.189781
0.755000, 884.331638
0.756000, 881.456038
0.757000, 878.580439
0.758000, 875.687498
0.759000, 872.794556
0.760000, 869.884386
0.761000, 866.974216
0.762000, 864.046933
0.763000, 861.119650
0.764000, 858.175369
0.765000, 855.231088
0.766000, 852.269926
0.767000, 849.308763
0.768000, 846.330836
0.769000, 843.352909
0.770000, 840.358335
0.771000, 837.363761
0.772000, 834.352658
0.773000, 831.341555
0.774000, 828.314042
0.775000, 825.286529
0.776000, 822.242725
0.777000, 819.198922
0.778000, 816.138948
0.779000, 813.078974
0.780000, 810.002951
0.781000, 806.926928
0.782000, 803.834977
0.783000, 800.743026
0.784000, 797.635268
0.785000, 794.527511
0.786000, 791.404071
0.787000, 788.280630
0.788000, 785.141630
0.789000, 782.002629
0.790000, 778.848193
0.791000, 775.693756
0.792000, 772.524008
0.793000, 769.354260
0.794000, 766.169325
0.795000, 762.984391
0.796000, 759.784396
0.797000, 756.584401
0.798000, 753.369471
0.799000, 750.154542
0.800000, 746.924805
0.801000, 743.695068
0.802000, 740.450651
0.803000, 737.206234
0.804000, 733.947266
0.805000, 730.688297
0.806000, 727.414905
0.807000, 724.141513
0.808000, 720.853828
0.809000, 717.566142
0.810000, 714.264292
0.811000, 710.962442
0.812000, 707.646559
0.813000, 704.330675
0.814000, 701.000889
0.815000, 697.671102
0.816000, 694.327544
0.817000, 690.983986
0.818000, 687.626789
0.819000, 684.269591
0.820000, 680.898887
0.821000, 677.528183
0.822000, 674.144105
0.823000, 670.760027
0.824000, 667.362708
0.825000, 663.965390
0.826000, 660.554966
0.827000, 657.144541
0.828000, 653.721145
0.829000, 650.297749
0.830000, 646.861517
0.831000, 643.425285
0.832000, 639.976352
0.833000, 636.527419
0.834000, 633.065922
0.835000, 629.604424
0.836000, 626.130499
0.837000, 622.656574
0.838000, 619.170358
0.839000, 615.684142
0.840000, 612.185773
0.841000, 608.687404
0.842000, 605.177020
0.843000, 601.666636
0.844000, 598.144375
0.845000, 594.622115
0.846000, 591.088117
0.847000, 587.554120
0.848000, 584.008524
0.849000, 580.462928
0.850000, 576.905875
0.851000, 573.348822
0.852000, 569.780451
0.853000, 566.212080
0.854000, 562.632533
0.855000, 559.052985
0.856000, 555.462403
0.857000, 551.871820
0.858000, 548.270344
0.859000, 544.668868
0.860000, 541.056641
0.861000, 537.444414
0.862000, 533.821578
0.863000, 530.198742
0.864000, 526.565440
0.865000, 522.932138
0.866000, 519.288514
0.867000, 515.644890
0.868000, 511.991088
0.869000, 508.337286
0.870000, 504.673449
0.871000, 501.009613
0.872000, 497.335887
0.873000, 493.662161
0.874000, 489.978690
0.875000, 486.295220
0.876000, 482.602150
0.877000, 478.909081
0.878000, 475.206558
0.879000, 471.504035
0.880000, 467.792206
0.881000, 464.080376
0.882000, 460.359385
0.883000, 456.638395
0.884000, 452.908391
0.885000, 449.178387
0.886000, 445.439517
0.887000, 441.700646
0.888000, 437.953057
0.889000, 434.205468
0.890000, 430.449308
0.891000, 426.693148
0.892000, 422.928565
0.893000, 419.163982
0.894000, 415.391126
0.895000, 411.618269
0.896000, 407.837288
0.897000, 404.056306
0.898000, 400.267349
0.899000, 396.478392
0.900000, 392.681608
0.901000, 388.884825
0.902000, 385.080365
0.903000, 381.275905
0.904000, 377.463920
0.905000, 373.651934
0.906000, 369.832573
0.907000, 366.013211
0.908000, 362.186625
0.909000, 358.360039
0.910000, 354.526379
0.911000, 350.692720
0.912000, 346.852137
0.913000, 343.011555
0.914000, 339.164202
0.915000, 335.316849
0.916000, 331.462878
0.917000, 327.608906
0.918000, 323.748467
0.919000, 319.888029
0.920000, 316.021276
0.921000, 312.154523
0.922000, 308.281609
0.923000, 304.408694
0.924000, 300.529771
0.925000, 296.650848
0.926000, 292.766069
0.927000, 288.881290
0.928000, 284.990809
0.929000, 281.100327
0.930000, 277.204298
0.931000, 273.308268
0.932000, 269.406843
0.933000, 265.505418
0.934000, 261.598753
0.935000, 257.692087
0.936000, 253.780335
0.937000, 249.868583
0.938000, 245.951898
0.939000, 242.035214
0.940000, 238.113752
0.941000, 234.192290
0.942000, 230.266205
0.943000, 226.340121
0.944000, 222.409568
0.945000, 218.479016
0.946000, 214.544151
0.947000, 210.609286
0.948000, 206.670263
0.949000, 202.731241
0.950000, 198.788217
0.951000, 194.845193
0.952000, 190.898323
0.953000, 186.951453
0.954000, 183.000892
0.955000, 179.050332
0.956000, 175.096237
0.957000, 171.142143
0.958000, 167.184670
0.959000, 163.227197
0.960000, 159.266502
0.961000, 155.305807
0.962000, 151.342047
0.963000, 147.378286
0.964000, 143.411617
0.965000, 139.444947
0.966000, 135.475525
0.967000, 131.506103
0.968000, 127.534085
0.969000, 123.562067
0.970000, 119.587610
0.971000, 115.613153
0.972000, 111.636414
0.973000, 107.659675
0.974000, 103.680811
0.975000, 99.701947
0.976000, 95.721115
0.977000, 91.740282
0.978000, 87.757639
0.979000, 83.774996
0.980000, 79.790700
0.981000, 75.806403
0.982000, 71.820610
0.983000, 67.834817
0.984000, 63.847685
0.985000, 59.860553
0.986000, 55.872239
0.987000, 51.883926
0.988000, 47.894588
0.989000, 43.905250
0.990000, 39.915045
0.991000, 35.924841
0.992000, 31.933927
0.993000, 27.943014
0.994000, 23.951549
0.995000, 19.960084
0.996000, 15.968225
0.997000, 11.976365
0.998000, 7.984270
0.999000, 3.992174
1.000000, 0.000000
