0.000000, 0.000000
0.001000, 28767.299905
0.002000, 57534.031969
0.003000, 86300.764032
0.004000, 115065.792593
0.005000, 143830.821153
0.006000, 172593.010616
0.007000, 201355.200079
0.008000, 230113.414963
0.009000, 258871.629847
0.010000, 287624.734826
0.011000, 316377.839805
0.012000, 345124.699757
0.013000, 373871.559709
0.014000, 402611.039756
0.015000, 431350.519803
0.016000, 460081.485361
0.017000, 488812.450918
0.018000, 517533.767736
0.019000, 546255.084554
0.020000, 574965.618764
0.021000, 603676.152974
0.022000, 632374.771134
0.023000, 661073.389294
0.024000, 689758.958431
0.025000, 718444.527568
0.026000, 747115.915225
0.027000, 775787.302883
0.028000, 804443.377163
0.029000, 833099.451443
0.030000, 861739.081053
0.031000, 890378.710663
0.032000, 919000.764960
0.033000, 947622.819256
0.034000, 976226.168290
0.035000, 1004829.517323
0.036000, 1033413.031882
0.037000, 1061996.546441
0.038000, 1090559.098098
0.039000, 1119121.649754
0.040000, 1147662.110908
0.041000, 1176202.572061
0.042000, 1204719.815982
0.043000, 1233237.059904
0.044000, 1261729.960781
0.045000, 1290222.861659
0.046000, 1318690.294642
0.047000, 1347157.727625
0.048000, 1375598.568868
0.049000, 1404039.410111
0.050000, 1432452.536818
0.051000, 1460865.663525
0.052000, 1489249.953994
0.053000, 1517634.244464
0.054000, 1545988.578132
0.055000, 1574342.911801
0.056000, 1602666.169289
0.057000, 1630989.426776
0.058000, 1659280.489929
0.059000, 1687571.553081
0.060000, 1715829.305016
0.061000, 1744087.056951
0.062000, 1772310.382101
0.063000, 1800533.707250
0.064000, 1828721.491406
0.065000, 1856909.275562
0.066000, 1885060.405918
0.067000, 1913211.536275
0.068000, 1941324.901473
0.069000, 1969438.266672
0.070000, 1997512.756845
0.071000, 2025587.247019
0.072000, 2053621.753834
0.073000, 2081656.260649
0.074000, 2109649.677352
0.075000, 2137643.094055
0.076000, 2165594.315513
0.077000, 2193545.536972
0.078000, 2221453.459719
0.079000, 2249361.382466
0.080000, 2277224.904746
0.081000, 2305088.427025
0.082000, 2332906.448833
0.083000, 2360724.470640
0.084000, 2388495.893768
0.085000, 2416267.316895
0.086000, 2443991.044974
0.087000, 2471714.773054
0.088000, 2499389.711599
0.089000, 2527064.650145
0.090000, 2554689.706598
0.091000, 2582314.763051
0.092000, 2609888.846822
0.093000, 2637462.930592
0.094000, 2664984.953103
0.095000, 2692506.975613
0.096000, 2719975.850341
0.097000, 2747444.725068
0.098000, 2774859.367589
0.099000, 2802274.010110
0.100000, 2829633.338142
0.101000, 2856992.666173
0.102000, 2884295.599615
0.103000, 2911598.533057
0.104000, 2938843.994036
0.105000, 2966089.455016
0.106000, 2993276.367929
0.107000, 3020463.280842
0.108000, 3047590.572396
0.109000, 3074717.863950
0.110000, 3101784.463206
0.111000, 3128851.062462
0.112000, 3155855.900876
0.113000, 3182860.739291
0.114000, 3209802.750759
0.115000, 3236744.762228
0.116000, 3263622.883125
0.117000, 3290501.004023
0.118000, 3317314.173249
0.119000, 3344127.342474
0.120000, 3370874.501488
0.121000, 3397621.660503
0.122000, 3424301.753375
0.123000, 3450981.846246
0.124000, 3477593.819691
0.125000, 3504205.793136
0.126000, 3530748.596558
0.127000, 3557291.399980
0.128000, 3583763.985516
0.129000, 3610236.571052
0.130000, 3636637.893608
0.131000, 3663039.216165
0.132000, 3689368.233463
0.133000, 3715697.250762
0.134000, 3741952.923378
0.135000, 3768208.595994
0.136000, 3794389.887398
0.137000, 3820571.178802
0.138000, 3846677.055403
0.139000, 3872782.932003
0.140000, 3898812.363184
0.141000, 3924841.794364
0.142000, 3950793.752528
0.143000, 3976745.710692
0.144000, 4002619.171301
0.145000, 4028492.631909
0.146000, 4054286.573521
0.147000, 4080080.515134
0.148000, 4105793.919451
0.149000, 4131507.323767
0.150000, 4157139.175666
0.151000, 4182771.027565
0.152000, 4208320.315145
0.153000, 4233869.602725
0.154000, 4259335.317343
0.155000, 4284801.031962
0.156000, 4310182.168277
0.157000, 4335563.304592
0.158000, 4360858.860599
0.159000, 4386154.416605
0.160000, 4411363.393679
0.161000, 4436572.370753
0.162000, 4461693.773687
0.163000, 4486815.176620
0.164000, 4511848.013664
0.165000, 4536880.850707
0.166000, 4561824.133607
0.167000, 4586767.416506
0.168000, 4611620.160544
0.169000, 4636472.904582
0.170000, 4661234.128614
0.171000, 4685995.352646
0.172000, 4710664.079141
0.173000, 4735332.805637
0.174000, 4759908.060717
0.175000, 4784483.315797
0.176000, 4808964.129272
0.177000, 4833444.942748
0.178000, 4857830.348159
0.179000, 4882215.753569
0.180000, 4906504.788220
0.181000, 4930793.822872
0.182000, 4954985.527875
0.183000, 4979177.232877
0.184000, 5003270.653184
0.185000, 5027364.073491
0.186000, 5051358.257936
0.187000, 5075352.442380
0.188000, 5099246.443713
0.189000, 5123140.445045
0.190000, 5146933.319971
0.191000, 5170726.194897
0.192000, 5194417.004115
0.193000, 5218107.813333
0.194000, 5241695.621570
0.195000, 5265283.429807
0.196000, 5288767.305857
0.197000, 5312251.181906
0.198000, 5335630.198666
0.199000, 5359009.215426
0.200000, 5382282.449931
0.201000, 5405555.684437
0.202000, 5428722.217901
0.203000, 5451888.751366
0.204000, 5474947.669214
0.205000, 5498006.587062
0.206000, 5520956.978967
0.207000, 5543907.370872
0.208000, 5566748.330792
0.209000, 5589589.290712
0.210000, 5612319.916924
0.211000, 5635050.543137
0.212000, 5657669.938277
0.213000, 5680289.333416
0.214000, 5702796.604507
0.215000, 5725303.875598
0.216000, 5747698.134092
0.217000, 5770092.392587
0.218000, 5792372.754397
0.219000, 5814653.116207
0.220000, 5836818.701743
0.221000, 5858984.287279
0.222000, 5881034.221481
0.223000, 5903084.155684
0.224000, 5925017.568059
0.225000, 5946950.980433
0.226000, 5968767.005087
0.227000, 5990583.029741
0.228000, 6012280.805415
0.229000, 6033978.581089
0.230000, 6055557.251191
0.231000, 6077135.921293
0.232000, 6098594.633936
0.233000, 6120053.346578
0.234000, 6141391.254606
0.235000, 6162729.162635
0.236000, 6183945.423666
0.237000, 6205161.684698
0.238000, 6226255.461150
0.239000, 6247349.237602
0.240000, 6268319.696728
0.241000, 6289290.155855
0.242000, 6310136.469778
0.243000, 6330982.783702
0.244000, 6351704.129445
0.245000, 6372425.475189
0.246000, 6393021.034709
0.247000, 6413616.594229
0.248000, 6434085.554449
0.249000, 6454554.514669
0.250000, 6474896.067508
0.251000, 6495237.620348
0.252000, 6515450.962757
0.253000, 6535664.305167
0.254000, 6555748.639159
0.255000, 6575832.973150
0.256000, 6595787.505829
0.257000, 6615742.038508
0.258000, 6635565.982103
0.259000, 6655389.925697
0.260000, 6675082.497593
0.261000, 6694775.069489
0.262000, 6714335.492256
0.263000, 6733895.915023
0.264000, 6753323.416451
0.265000, 6772750.917878
0.266000, 6792044.731000
0.267000, 6811338.544123
0.268000, 6830497.907254
0.269000, 6849657.270385
0.270000, 6868681.427145
0.271000, 6887705.583906
0.272000, 6906593.783255
0.273000, 6925481.982605
0.274000, 6944233.478869
0.275000, 6962984.975133
0.276000, 6981599.028035
0.277000, 7000213.080937
0.278000, 7018688.955626
0.279000, 7037164.830315
0.280000, 7055501.797395
0.281000, 7073838.764475
0.282000, 7092036.100034
0.283000, 7110233.435593
0.284000, 7128290.421231
0.285000, 7146347.406869
0.286000, 7164263.329728
0.287000, 7182179.252587
0.288000, 7199953.405376
0.289000, 7217727.558165
0.290000, 7235359.239192
0.291000, 7252990.920218
0.292000, 7270479.433414
0.293000, 7287967.946609
0.294000, 7305312.601556
0.295000, 7322657.256504
0.296000, 7339857.368467
0.297000, 7357057.480429
0.298000, 7374112.370376
0.299000, 7391167.260322
0.300000, 7408076.254955
0.301000, 7424985.249587
0.302000, 7441747.681368
0.303000, 7458510.113149
0.304000, 7475125.320325
0.305000, 7491740.527502
0.306000, 7508207.854134
0.307000, 7524675.180767
0.308000, 7540993.976753
0.309000, 7557312.772740
0.310000, 7573482.393842
0.311000, 7589652.014945
0.312000, 7605671.822814
0.313000, 7621691.630684
0.314000, 7637560.992886
0.315000, 7653430.355087
0.316000, 7669148.645127
0.317000, 7684866.935166
0.318000, 7700433.532511
0.319000, 7716000.129856
0.320000, 7731414.419964
0.321000, 7746828.710073
0.322000, 7762090.084415
0.323000, 7777351.458757
0.324000, 7792459.314840
0.325000, 7807567.170923
0.326000, 7822520.912314
0.327000, 7837474.653705
0.328000, 7852273.690056
0.329000, 7867072.726408
0.330000, 7881716.473479
0.331000, 7896360.220550
0.332000, 7910848.100231
0.333000, 7925335.979912
0.334000, 7939667.420245
0.335000, 7953998.860579
0.336000, 7968173.295785
0.337000, 7982347.730991
0.338000, 7996364.601487
0.339000, 8010381.471982
0.340000, 8024240.224406
0.341000, 8038098.976829
0.342000, 8051799.064060
0.343000, 8065499.151292
0.344000, 8079040.032475
0.345000, 8092580.913658
0.346000, 8105962.054222
0.347000, 8119343.194787
0.348000, 8132564.066468
0.349000, 8145784.938149
0.350000, 8158845.019009
0.351000, 8171905.099869
0.352000, 8184803.874319
0.353000, 8197702.648769
0.354000, 8210439.607587
0.355000, 8223176.566404
0.356000, 8235751.206757
0.357000, 8248325.847110
0.358000, 8260737.672572
0.359000, 8273149.498034
0.360000, 8285398.018608
0.361000, 8297646.539182
0.362000, 8309731.271317
0.363000, 8321816.003452
0.364000, 8333736.470064
0.365000, 8345656.936676
0.366000, 8357412.667165
0.367000, 8369168.397654
0.368000, 8380758.927924
0.369000, 8392349.458194
0.370000, 8403774.330671
0.371000, 8415199.203147
0.372000, 8426457.966796
0.373000, 8437716.730445
0.374000, 8448808.940790
0.375000, 8459901.151134
0.376000, 8470826.370273
0.377000, 8481751.589412
0.378000, 8492509.386035
0.379000, 8503267.182659
0.380000, 8513857.132069
0.381000, 8524447.081478
0.382000, 8534868.765601
0.383000, 8545290.449723
0.384000, 8555543.457128
0.385000, 8565796.464533
0.386000, 8575880.390449
0.387000, 8585964.316365
0.388000, 8595878.762696
0.389000, 8605793.209027
0.390000, 8615537.784368
0.391000, 8625282.359709
0.392000, 8634856.679361
0.393000, 8644430.999013
0.394000, 8653834.684997
0.395000, 8663238.370982
0.396000, 8672471.052058
0.397000, 8681703.733134
0.398000, 8690765.044811
0.399000, 8699826.356488
0.400000, 8708715.941041
0.401000, 8717605.525594
0.402000, 8726323.032077
0.403000, 8735040.538561
0.404000, 8743585.622822
0.405000, 8752130.707084
0.406000, 8760503.031778
0.407000, 8768875.356473
0.408000, 8777074.591075
0.409000, 8785273.825677
0.410000, 8793299.646496
0.411000, 8801325.467314
0.412000, 8809177.557503
0.413000, 8817029.647692
0.414000, 8824707.697264
0.415000, 8832385.746836
0.416000, 8839889.452675
0.417000, 8847393.158514
0.418000, 8854722.224387
0.419000, 8862051.290260
0.420000, 8869205.426828
0.421000, 8876359.563395
0.422000, 8883338.488224
0.423000, 8890317.413053
0.424000, 8897120.850628
0.425000, 8903924.288203
0.426000, 8910551.969935
0.427000, 8917179.651667
0.428000, 8923631.315907
0.429000, 8930082.980148
0.430000, 8936358.372195
0.431000, 8942633.764243
0.432000, 8948732.636356
0.433000, 8954831.508469
0.434000, 8960753.619875
0.435000, 8966675.731281
0.436000, 8972420.848184
0.437000, 8978165.965088
0.438000, 8983733.860682
0.439000, 8989301.756276
0.440000, 8994692.210749
0.441000, 9000082.665222
0.442000, 9005295.465769
0.443000, 9010508.266316
0.444000, 9015543.207144
0.445000, 9020578.147972
0.446000, 9025435.030310
0.447000, 9030291.912648
0.448000, 9034970.544755
0.449000, 9039649.176862
0.450000, 9044149.374033
0.451000, 9048649.571205
0.452000, 9052971.155780
0.453000, 9057292.740356
0.454000, 9061435.541727
0.455000, 9065578.343099
0.456000, 9069542.197715
0.457000, 9073506.052331
0.458000, 9077290.803706
0.459000, 9081075.555081
0.460000, 9084681.053799
0.461000, 9088286.552517
0.462000, 9091712.656239
0.463000, 9095138.759961
0.464000, 9098385.333431
0.465000, 9101631.906901
0.466000, 9104698.821950
0.467000, 9107765.736998
0.468000, 9110652.872548
0.469000, 9113540.008098
0.470000, 9116247.250171
0.471000, 9118954.492244
0.472000, 9121481.733962
0.473000, 9124008.975680
0.474000, 9126356.117273
0.475000, 9128703.258865
0.476000, 9130870.207671
0.477000, 9133037.156476
0.478000, 9135023.826947
0.479000, 9137010.497419
0.480000, 9138816.811125
0.481000, 9140623.124832
0.482000, 9142249.010463
0.483000, 9143874.896095
0.484000, 9145320.289465
0.485000, 9146765.682834
0.486000, 9148030.526880
0.487000, 9149295.370926
0.488000, 9150379.615714
0.489000, 9151463.860503
0.490000, 9152367.463229
0.491000, 9153271.065956
0.492000, 9153993.990948
0.493000, 9154716.915941
0.494000, 9155259.134659
0.495000, 9155801.353377
0.496000, 9156162.844415
0.497000, 9156524.335453
0.498000, 9156705.084539
0.499000, 9156885.833626
0.500000, 9156885.833626
0.501000, 9156885.833626
0.502000, 9156705.084539
0.503000, 9156524.335453
0.504000, 9156162.844415
0.505000, 9155801.353377
0.506000, 9155259.134659
0.507000, 9154716.915941
0.508000, 9153993.990948
0.509000, 9153271.065956
0.510000, 9152367.463229
0.511000, 9151463.860503
0.512000, 9150379.615714
0.513000, 9149295.370926
0.514000, 9148030.526880
0.515000, 9146765.682834
0.516000, 9145320.289465
0.517000, 9143874.896095
0.518000, 9142249.010463
0.519000, 9140623.124832
0.520000, 9138816.811125
0.521000, 9137010.497419
0.522000, 9135023.826947
0.523000, 9133037.156476
0.524000, 9130870.207671
0.525000, 9128703.258865
0.526000, 9126356.117273
0.527000, 9124008.975680
0.528000, 9121481.733962
0.529000, 9118954.492244
0.530000, 9116247.250171
0.531000, 9113540.008098
0.532000, 9110652.872548
0.533000, 9107765.736998
0.534000, 9104698.821950
0.535000, 9101631.906901
0.536000, 9098385.333431
0.537000, 9095138.759961
0.538000, 9091712.656239
0.539000, 9088286.552517
0.540000, 9084681.053799
0.541000, 9081075.555081
0.542000, 9077290.803706
0.543000, 9073506.052331
0.544000, 9069542.197715
0.545000, 9065578.343099
0.546000, 9061435.541727
0.547000, 9057292.740356
0.548000, 9052971.155780
0.549000, 9048649.571205
0.550000, 9044149.374033
0.551000, 9039649.176862
0.552000, 9034970.544755
0.553000, 9030291.912648
0.554000, 9025435.030310
0.555000, 9020578.147972
0.556000, 9015543.207144
0.557000, 9010508.266316
0.558000, 9005295.465769
0.559000, 9000082.665222
0.560000, 8994692.210749
0.561000, 8989301.756276
0.562000, 8983733.860682
0.563000, 8978165.965088
0.564000, 8972420.848184
0.565000, 8966675.731281
0.566000, 8960753.619875
0.567000, 8954831.508469
0.568000, 8948732.636356
0.569000, 8942633.764243
0.570000, 8936358.372195
0.571000, 8930082.980148
0.572000, 8923631.315907
0.573000, 8917179.651667
0.574000, 8910551.969935
0.575000, 8903924.288203
0.576000, 8897120.850628
0.577000, 8890317.413053
0.578000, 8883338.488224
0.579000, 8876359.563395
0.580000, 8869205.426828
0.581000, 8862051.290260
0.582000, 8854722.224387
0.583000, 8847393.158514
0.584000, 8839889.452675
0.585000, 8832385.746836
0.586000, 8824707.697264
0.587000, 8817029.647692
0.588000, 8809177.557503
0.589000, 8801325.467314
0.590000, 8793299.646496
0.591000, 8785273.825677
0.592000, 8777074.591075
0.593000, 8768875.356473
0.594000, 8760503.031778
0.595000, 8752130.707084
0.596000, 8743585.622822
0.597000, 8735040.538561
0.598000, 8726323.032077
0.599000, 8717605.525594
0.600000, 8708715.941041
0.601000, 8699826.356488
0.602000, 8690765.044811
0.603000, 8681703.733134
0.604000, 8672471.052058
0.605000, 8663238.370982
0.606000, 8653834.684997
0.607000, 8644430.999013
0.608000, 8634856.679361
0.609000, 8625282.359709
0.610000, 8615537.784368
0.611000, 8605793.209027
0.612000, 8595878.762696
0.613000, 8585964.316365
0.614000, 8575880.390449
0.615000, 8565796.464533
0.616000, 8555543.457128
0.617000, 8545290.449723
0.618000, 8534868.765601
0.619000, 8524447.081478
0.620000, 8513857.132069
0.621000, 8503267.182659
0.622000, 8492509.386035
0.623000, 8481751.589412
0.624000, 8470826.370273
0.625000, 8459901.151134
0.626000, 8448808.940790
0.627000, 8437716.730445
0.628000, 8426457.966796
0.629000, 8415199.203147
0.630000, 8403774.330671
0.631000, 8392349.458194
0.632000, 8380758.927924
0.633000, 8369168.397654
0.634000, 8357412.667165
0.635000, 8345656.936676
0.636000, 8333736.470064
0.637000, 8321816.003452
0.638000, 8309731.271317
0.639000, 8297646.539182
0.640000, 8285398.018608
0.641000, 8273149.498034
0.642000, 8260737.672572
0.643000, 8248325.847110
0.644000, 8235751.206757
0.645000, 8223176.566404
0.646000, 8210439.607587
0.647000, 8197702.648769
0.648000, 8184803.874319
0.649000, 8171905.099869
0.650000, 8158845.019009
0.651000, 8145784.938149
0.652000, 8132564.066468
0.653000, 8119343.194787
0.654000, 8105962.054222
0.655000, 8092580.913658
0.656000, 8079040.032475
0.657000, 8065499.151292
0.658000, 8051799.064060
0.659000, 8038098.976829
0.660000, 8024240.224406
0.661000, 8010381.471982
0.662000, 7996364.601487
0.663000, 7982347.730991
0.664000, 7968173.295785
0.665000, 7953998.860579
0.666000, 7939667.420245
0.667000, 7925335.979912
0.668000, 7910848.100231
0.669000, 7896360.220550
0.670000, 7881716.473479
0.671000, 7867072.726408
0.672000, 7852273.690056
0.673000, 7837474.653705
0.674000, 7822520.912314
0.675000, 7807567.170923
0.676000, 7792459.314840
0.677000, 7777351.458757
0.678000, 7762090.084415
0.679000, 7746828.710073
0.680000, 7731414.419964
0.681000, 7716000.129856
0.682000, 7700433.532511
0.683000, 7684866.935166
0.684000, 7669148.645127
0.685000, 7653430.355087
0.686000, 7637560.992886
0.687000, 7621691.630684
0.688000, 7605671.822814
0.689000, 7589652.014945
0.690000, 7573482.393842
0.691000, 7557312.772740
0.692000, 7540993.976753
0.693000, 7524675.180767
0.694000, 7508207.854134
0.695000, 7491740.527502
0.696000, 7475125.320325
0.697000, 7458510.113149
0.698000, 7441747.681368
0.699000, 7424985.249587
0.700000, 7408076.254955
0.701000, 7391167.260322
0.702000, 7374112.370376
0.703000, 7357057.480429
0.704000, 7339857.368467
0.705000, 7322657.256504
0.706000, 7305312.601556
0.707000, 7287967.946609
0.708000, 7270479.433414
0.709000, 7252990.920218
0.710000, 7235359.239192
0.711000, 7217727.558165
0.712000, 7199953.405376
0.713000, 7182179.252587
0.714000, 7164263.329728
0.715000, 7146347.406869
0.716000, 7128290.421231
0.717000, 7110233.435593
0.718000, 7092036.100034
0.719000, 7073838.764475
0.720000, 7055501.797395
0.721000, 7037164.830315
0.722000, 7018688.955626
0.723000, 7000213.080937
0.724000, 6981599.028035
0.725000, 6962984.975133
0.726000, 6944233.478869
0.727000, 6925481.982605
0.728000, 6906593.783255
0.729000, 6887705.583906
0.730000, 6868681.427145
0.731000, 6849657.270385
0.732000, 6830497.907254
0.733000, 6811338.544123
0.734000, 6792044.731000
0.735000, 6772750.917878
0.736000, 6753323.416451
0.737000, 6733895.915023
0.738000, 6714335.492256
0.739000, 6694775.069489
0.740000, 6675082.497593
0.741000, 6655389.925697
0.742000, 6635565.982103
0.743000, 6615742.038508
0.744000, 6595787.505829
0.745000, 6575832.973150
0.746000, 6555748.639159
0.747000, 6535664.305167
0.748000, 6515450.962757
0.749000, 6495237.620348
0.750000, 6474896.067508
0.751000, 6454554.514669
0.752000, 6434085.554449
0.753000, 6413616.594229
0.754000, 6393021.034709
0.755000, 6372425.475189
0.756000, 6351704.129445
0.757000, 6330982.783702
0.758000, 6310136.469778
0.759000, 6289290.155855
0.760000, 6268319.696728
0.761000, 6247349.237602
0.762000, 6226255.461150
0.763000, 6205161.684698
0.764000, 6183945.423666
0.765000, 6162729.162635
0.766000, 6141391.254606
0.767000, 6120053.346578
0.768000, 6098594.633936
0.769000, 6077135.921293
0.770000, 6055557.251191
0.771000, 6033978.581089
0.772000, 6012280.805415
0.773000, 5990583.029741
0.774000, 5968767.005087
0.775000, 5946950.980433
0.776000, 5925017.568059
0.777000, 5903084.155684
0.778000, 5881034.221481
0.779000, 5858984.287279
0.780000, 5836818.701743
0.781000, 5814653.116207
0.782000, 5792372.754397
0.783000, 5770092.392587
0.784000, 5747698.134092
0.785000, 5725303.875598
0.786000, 5702796.604507
0.787000, 5680289.333416
0.788000, 5657669.938277
0.789000, 5635050.543137
0.790000, 5612319.916924
0.791000, 5589589.290712
0.792000, 5566748.330792
0.793000, 5543907.370872
0.794000, 5520956.978967
0.795000, 5498006.587062
0.796000, 5474947.669214
0.797000, 5451888.751366
0.798000, 5428722.217901
0.799000, 5405555.684437
0.800000, 5382282.449931
0.801000, 5359009.215426
0.802000, 5335630.198666
0.803000, 5312251.181906
0.804000, 5288767.305857
0.805000, 5265283.429807
0.806000, 5241695.621570
0.807000, 5218107.813333
0.808000, 5194417.004115
0.809000, 5170726.194897
0.810000, 5146933.319971
0.811000, 5123140.445045
0.812000, 5099246.443713
0.813000, 5075352.442380
0.814000, 5051358.257936
0.815000, 5027364.073491
0.816000, 5003270.653184
0.817000, 4979177.232877
0.818000, 4954985.527875
0.819000, 4930793.822872
0.820000, 4906504.788220
0.821000, 4882215.753569
0.822000, 4857830.348159
0.823000, 4833444.942748
0.824000, 4808964.129272
0.825000, 4784483.315797
0.826000, 4759908.060717
0.827000, 4735332.805637
0.828000, 4710664.079141
0.829000, 4685995.352646
0.830000, 4661234.128614
0.831000, 4636472.904582
0.832000, 4611620.160544
0.833000, 4586767.416506
0.834000, 4561824.133607
0.835000, 4536880.850707
0.836000, 4511848.013664
0.837000, 4486815.176620
0.838000, 4461693.773687
0.839000, 4436572.370753
0.840000, 4411363.393679
0.841000, 4386154.416605
0.842000, 4360858.860599
0.843000, 4335563.304592
0.844000, 4310182.168277
0.845000, 4284801.031962
0.846000, 4259335.317343
0.847000, 4233869.602725
0.848000, 4208320.315145
0.849000, 4182771.027565
0.850000, 4157139.175666
0.851000, 4131507.323767
0.852000, 4105793.919451
0.853000, 4080080.515134
0.854000, 4054286.573521
0.855000, 4028492.631909
0.856000, 4002619.171301
0.857000, 3976745.710692
0.858000, 3950793.752528
0.859000, 3924841.794364
0.860000, 3898812.363184
0.861000, 3872782.932003
0.862000, 3846677.055403
0.863000, 3820571.178802
0.864000, 3794389.887398
0.865000, 3768208.595994
0.866000, 3741952.923378
0.867000, 3715697.250762
0.868000, 3689368.233463
0.869000, 3663039.216165
0.870000, 3636637.893608
0.871000, 3610236.571052
0.872000, 3583763.985516
0.873000, 3557291.399980
0.874000, 3530748.596558
0.875000, 3504205.793136
0.876000, 3477593.819691
0.877000, 3450981.846246
0.878000, 3424301.753375
0.879000, 3397621.660503
0.880000, 3370874.501488
0.881000, 3344127.342474
0.882000, 3317314.173249
0.883000, 3290501.004023
0.884000, 3263622.883125
0.885000, 3236744.762228
0.886000, 3209802.750759
0.887000, 3182860.739291
0.888000, 3155855.900876
0.889000, 3128851.062462
0.890000, 3101784.463206
0.891000, 3074717.863950
0.892000, 3047590.572396
0.893000, 3020463.280842
0.894000, 2993276.367929
0.895000, 2966089.455016
0.896000, 2938843.994036
0.897000, 2911598.533057
0.898000, 2884295.599615
0.899000, 2856992.666173
0.900000, 2829633.338142
0.901000, 2802274.010110
0.902000, 2774859.367589
0.903000, 2747444.725068
0.904000, 2719975.850341
0.905000, 2692506.975613
0.906000, 2664984.953103
0.907000, 2637462.930592
0.908000, 2609888.846822
0.909000, 2582314.763051
0.910000, 2554689.706598
0.911000, 2527064.650145
0.912000, 2499389.711599
0.913000, 2471714.773054
0.914000, 2443991.044974
0.915000, 2416267.316895
0.916000, 2388495.893768
0.917000, 2360724.470640
0.918000, 2332906.448833
0.919000, 2305088.427025
0.920000, 2277224.904746
0.921000, 2249361.382466
0.922000, 2221453.459719
0.923000, 2193545.536972
0.924000, 2165594.315513
0.925000, 2137643.094055
0.926000, 2109649.677352
0.927000, 2081656.260649
0.928000, 2053621.753834
0.929000, 2025587.247019
0.930000, 1997512.756845
0.931000, 1969438.266672
0.932000, 1941324.901473
0.933000, 1913211.536275
0.934000, 1885060.405918
0.935000, 1856909.275562
0.936000, 1828721.491406
0.937000, 1800533.707250
0.938000, 1772310.382101
0.939000, 1744087.056951
0.940000, 1715829.305016
0.941000, 1687571.553081
0.942000, 1659280.489929
0.943000, 1630989.426776
0.944000, 1602666.169289
0.945000, 1574342.911801
0.946000, 1545988.578132
0.947000, 1517634.244464
0.948000, 1489249.953994
0.949000, 1460865.663525
0.950000, 1432452.536818
0.951000, 1404039.410111
0.952000, 1375598.568868
0.953000, 1347157.727625
0.954000, 1318690.294642
0.955000, 1290222.861659
0.956000, 1261729.960781
0.957000, 1233237.059904
0.958000, 1204719.815982
0.959000, 1176202.572061
0.960000, 1147662.110908
0.961000, 1119121.649754
0.962000, 1090559.098098
0.963000, 1061996.546441
0.964000, 1033413.031882
0.965000, 1004829.517323
0.966000, 976226.168290
0.967000, 947622.819256
0.968000, 919000.764960
0.969000, 890378.710663
0.970000, 861739.081053
0.971000, 833099.451443
0.972000, 804443.377163
0.973000, 775787.302883
0.974000, 747115.915225
0.975000, 718444.527568
0.976000, 689758.958431
0.977000, 661073.389294
0.978000, 632374.771134
0.979000, 603676.152974
0.980000, 574965.618764
0.981000, 546255.084554
0.982000, 517533.767736
0.983000, 488812.450918
0.984000, 460081.485361
0.985000, 431350.519803
0.986000, 402611.039756
0.987000, 373871.559709
0.988000, 345124.699757
0.989000, 316377.839805
0.990000, 287624.734826
0.991000, 258871.629847
0.992000, 230113.414963
0.993000, 201355.200079
0.994000, 172593.010616
0.995000, 143830.821153
0.996000, 115065.792593
0.997000, 86300.764032
0.998000, 57534.031969
0.999000, 28767.299905
1.000000, 0.000000
