0.000000, 0.000000
0.001000, 15.896245
0.002000, 31.792176
0.003000, 47.688107
0.004000, 63.583097
0.005000, 79.478087
0.006000, 95.371508
0.007000, 111.264929
0.008000, 127.156154
0.009000, 143.047379
0.010000, 158.935780
0.011000, 174.824181
0.012000, 190.709132
0.013000, 206.594082
0.014000, 222.474954
0.015000, 238.355826
0.016000, 254.231994
0.017000, 270.108161
0.018000, 285.978997
0.019000, 301.849832
0.020000, 317.714710
0.021000, 333.579587
0.022000, 349.437880
0.023000, 365.296173
0.024000, 381.147255
0.025000, 396.998337
0.026000, 412.841583
0.027000, 428.684829
0.028000, 444.519613
0.029000, 460.354397
0.030000, 476.180093
0.031000, 492.005790
0.032000, 507.821775
0.033000, 523.637761
0.034000, 539.443410
0.035000, 555.249059
0.036000, 571.043747
0.037000, 586.838436
0.038000, 602.621541
0.039000, 618.404646
0.040000, 634.175545
0.041000, 649.946443
0.042000, 665.704512
0.043000, 681.462581
0.044000, 697.207199
0.045000, 712.951816
0.046000, 728.682361
0.047000, 744.412905
0.048000, 760.128755
0.049000, 775.844606
0.050000, 791.545142
0.051000, 807.245677
0.052000, 822.930279
0.053000, 838.614880
0.054000, 854.282928
0.055000, 869.950976
0.056000, 885.601852
0.057000, 901.252728
0.058000, 916.885814
0.059000, 932.518900
0.060000, 948.133579
0.061000, 963.748258
0.062000, 979.343913
0.063000, 994.939568
0.064000, 1010.515584
0.065000, 1026.091600
0.066000, 1041.647362
0.067000, 1057.203124
0.068000, 1072.738017
0.069000, 1088.272911
0.070000, 1103.786323
0.071000, 1119.299734
0.072000, 1134.791052
0.073000, 1150.282370
0.074000, 1165.750983
0.075000, 1181.219595
0.076000, 1196.664891
0.077000, 1212.110187
0.078000, 1227.531557
0.079000, 1242.952927
0.080000, 1258.349762
0.081000, 1273.746598
0.082000, 1289.118290
0.083000, 1304.489983
0.084000, 1319.835926
0.085000, 1335.181869
0.086000, 1350.501457
0.087000, 1365.821044
0.088000, 1381.113672
0.089000, 1396.406299
0.090000, 1411.671363
0.091000, 1426.936427
0.092000, 1442.173324
0.093000, 1457.410221
0.094000, 1472.618350
0.095000, 1487.826480
0.096000, 1503.005240
0.097000, 1518.184001
0.098000, 1533.332794
0.099000, 1548.481587
0.100000, 1563.599815
0.101000, 1578.718042
0.102000, 1593.805107
0.103000, 1608.892172
0.104000, 1623.947478
0.105000, 1639.002785
0.106000, 1654.025739
0.107000, 1669.048694
0.108000, 1684.038702
0.109000, 1699.028711
0.110000, 1713.985182
0.111000, 1728.941653
0.112000, 1743.863997
0.113000, 1758.786340
0.114000, 1773.673966
0.115000, 1788.561593
0.116000, 1803.413915
0.117000, 1818.266236
0.118000, 1833.082667
0.119000, 1847.899098
0.120000, 1862.679053
0.121000, 1877.459008
0.122000, 1892.201903
0.123000, 1906.944798
0.124000, 1921.650052
0.125000, 1936.355306
0.126000, 1951.022338
0.127000, 1965.689370
0.128000, 1980.317601
0.129000, 1994.945832
0.130000, 2009.534684
0.131000, 2024.123537
0.132000, 2038.672434
0.133000, 2053.221332
0.134000, 2067.729701
0.135000, 2082.238071
0.136000, 2096.705338
0.137000, 2111.172605
0.138000, 2125.598200
0.139000, 2140.023795
0.140000, 2154.407147
0.141000, 2168.790500
0.142000, 2183.131042
0.143000, 2197.471585
0.144000, 2211.768751
0.145000, 2226.065917
0.146000, 2240.319143
0.147000, 2254.572369
0.148000, 2268.781091
0.149000, 2282.989813
0.150000, 2297.153471
0.151000, 2311.317129
0.152000, 2325.435164
0.153000, 2339.553198
0.154000, 2353.625052
0.155000, 2367.696906
0.156000, 2381.722023
0.157000, 2395.747141
0.158000, 2409.724968
0.159000, 2423.702796
0.160000, 2437.632782
0.161000, 2451.562767
0.162000, 2465.444361
0.163000, 2479.325955
0.164000, 2493.158609
0.165000, 2506.991263
0.166000, 2520.774432
0.167000, 2534.557600
0.168000, 2548.290738
0.169000, 2562.023877
0.170000, 2575.706443
0.171000, 2589.389009
0.172000, 2603.020463
0.173000, 2616.651917
0.174000, 2630.231720
0.175000, 2643.811523
0.176000, 2657.339140
0.177000, 2670.866757
0.178000, 2684.341653
0.179000, 2697.816549
0.180000, 2711.238193
0.181000, 2724.659836
0.182000, 2738.027697
0.183000, 2751.395558
0.184000, 2764.709109
0.185000, 2778.022660
0.186000, 2791.281375
0.187000, 2804.540091
0.188000, 2817.743446
0.189000, 2830.946802
0.190000, 2844.094278
0.191000, 2857.241753
0.192000, 2870.332829
0.193000, 2883.423905
0.194000, 2896.458065
0.195000, 2909.492224
0.196000, 2922.468953
0.197000, 2935.445682
0.198000, 2948.364467
0.199000, 2961.283253
0.200000, 2974.143585
0.201000, 2987.003918
0.202000, 2999.805289
0.203000, 3012.606660
0.204000, 3025.348566
0.205000, 3038.090471
0.206000, 3050.772407
0.207000, 3063.454343
0.208000, 3076.075808
0.209000, 3088.697274
0.210000, 3101.257772
0.211000, 3113.818270
0.212000, 3126.317303
0.213000, 3138.816337
0.214000, 3151.253413
0.215000, 3163.690489
0.216000, 3176.065116
0.217000, 3188.439744
0.218000, 3200.751434
0.219000, 3213.063125
0.220000, 3225.311392
0.221000, 3237.559659
0.222000, 3249.744020
0.223000, 3261.928380
0.224000, 3274.048353
0.225000, 3286.168326
0.226000, 3298.223433
0.227000, 3310.278540
0.228000, 3322.268305
0.229000, 3334.258069
0.230000, 3346.182019
0.231000, 3358.105968
0.232000, 3369.963631
0.233000, 3381.821294
0.234000, 3393.612203
0.235000, 3405.403112
0.236000, 3417.126802
0.237000, 3428.850491
0.238000, 3440.506497
0.239000, 3452.162504
0.240000, 3463.750368
0.241000, 3475.338232
0.242000, 3486.857496
0.243000, 3498.376759
0.244000, 3509.826968
0.245000, 3521.277177
0.246000, 3532.657878
0.247000, 3544.038580
0.248000, 3555.349326
0.249000, 3566.660071
0.250000, 3577.900414
0.251000, 3589.140756
0.252000, 3600.310252
0.253000, 3611.479748
0.254000, 3622.577957
0.255000, 3633.676166
0.256000, 3644.702648
0.257000, 3655.729131
0.258000, 3666.683453
0.259000, 3677.637775
0.260000, 3688.519504
0.261000, 3699.401232
0.262000, 3710.209938
0.263000, 3721.018643
0.264000, 3731.753899
0.265000, 3742.489155
0.266000, 3753.150537
0.267000, 3763.811919
0.268000, 3774.399007
0.269000, 3784.986095
0.270000, 3795.498470
0.271000, 3806.010846
0.272000, 3816.448094
0.273000, 3826.885342
0.274000, 3837.247050
0.275000, 3847.608759
0.276000, 3857.894519
0.277000, 3868.180279
0.278000, 3878.389685
0.279000, 3888.599090
0.280000, 3898.731738
0.281000, 3908.864386
0.282000, 3918.919876
0.283000, 3928.975367
0.284000, 3938.953302
0.285000, 3948.931238
0.286000, 3958.831225
0.287000, 3968.731212
0.288000, 3978.552860
0.289000, 3988.374508
0.290000, 3998.117428
0.291000, 4007.860349
0.292000, 4017.524158
0.293000, 4027.187967
0.294000, 4036.772283
0.295000, 4046.356598
0.296000, 4055.861043
0.297000, 4065.365487
0.298000, 4074.789684
0.299000, 4084.213881
0.300000, 4093.557460
0.301000, 4102.901038
0.302000, 4112.163629
0.303000, 4121.426219
0.304000, 4130.607456
0.305000, 4139.788694
0.306000, 4148.888215
0.307000, 4157.987736
0.308000, 4167.005182
0.309000, 4176.022629
0.310000, 4184.957644
0.311000, 4193.892659
0.312000, 4202.744890
0.313000, 4211.597121
0.314000, 4220.366219
0.315000, 4229.135317
0.316000, 4237.820935
0.317000, 4246.506554
0.318000, 4255.108350
0.319000, 4263.710146
0.320000, 4272.227780
0.321000, 4280.745414
0.322000, 4289.178550
0.323000, 4297.611685
0.324000, 4305.959990
0.325000, 4314.308295
0.326000, 4322.571438
0.327000, 4330.834582
0.328000, 4339.012239
0.329000, 4347.189896
0.330000, 4355.281743
0.331000, 4363.373590
0.332000, 4371.379308
0.333000, 4379.385026
0.334000, 4387.304298
0.335000, 4395.223571
0.336000, 4403.056085
0.337000, 4410.888600
0.338000, 4418.634047
0.339000, 4426.379495
0.340000, 4434.037569
0.341000, 4441.695643
0.342000, 4449.266043
0.343000, 4456.836442
0.344000, 4464.318867
0.345000, 4471.801292
0.346000, 4479.195447
0.347000, 4486.589603
0.348000, 4493.895197
0.349000, 4501.200791
0.350000, 4508.417535
0.351000, 4515.634279
0.352000, 4522.761889
0.353000, 4529.889498
0.354000, 4536.927692
0.355000, 4543.965885
0.356000, 4550.914384
0.357000, 4557.862883
0.358000, 4564.721415
0.359000, 4571.579946
0.360000, 4578.348237
0.361000, 4585.116529
0.362000, 4591.794315
0.363000, 4598.472101
0.364000, 4605.059116
0.365000, 4611.646132
0.366000, 4618.142118
0.367000, 4624.638104
0.368000, 4631.042803
0.369000, 4637.447503
0.370000, 4643.760663
0.371000, 4650.073823
0.372000, 4656.295195
0.373000, 4662.516566
0.374000, 4668.645904
0.375000, 4674.775242
0.376000, 4680.812303
0.377000, 4686.849365
0.378000, 4692.793912
0.379000, 4698.738459
0.380000, 4704.590257
0.381000, 4710.442055
0.382000, 4716.200873
0.383000, 4721.959691
0.384000, 4727.625302
0.385000, 4733.290912
0.386000, 4738.863092
0.387000, 4744.435271
0.388000, 4749.913799
0.389000, 4755.392328
0.390000, 4760.776989
0.391000, 4766.161650
0.392000, 4771.452231
0.393000, 4776.742812
0.394000, 4781.939104
0.395000, 4787.135396
0.396000, 4792.237194
0.397000, 4797.338993
0.398000, 4802.346096
0.399000, 4807.353198
0.400000, 4812.265408
0.401000, 4817.177618
0.402000, 4821.994741
0.403000, 4826.811864
0.404000, 4831.533710
0.405000, 4836.255555
0.406000, 4840.881938
0.407000, 4845.508320
0.408000, 4850.039056
0.409000, 4854.569792
0.410000, 4859.004703
0.411000, 4863.439614
0.412000, 4867.778525
0.413000, 4872.117436
0.414000, 4876.360175
0.415000, 4880.602914
0.416000, 4884.749315
0.417000, 4888.895715
0.418000, 4892.945613
0.419000, 4896.995511
0.420000, 4900.948746
0.421000, 4904.901982
0.422000, 4908.758399
0.423000, 4912.614815
0.424000, 4916.374261
0.425000, 4920.133707
0.426000, 4923.796034
0.427000, 4927.458361
0.428000, 4931.023424
0.429000, 4934.588487
0.430000, 4938.056145
0.431000, 4941.523804
0.432000, 4944.893921
0.433000, 4948.264038
0.434000, 4951.536480
0.435000, 4954.808923
0.436000, 4957.983561
0.437000, 4961.158200
0.438000, 4964.234910
0.439000, 4967.311620
0.440000, 4970.290279
0.441000, 4973.268938
0.442000, 4976.149429
0.443000, 4979.029921
0.444000, 4981.812130
0.445000, 4984.594340
0.446000, 4987.278157
0.447000, 4989.961975
0.448000, 4992.547295
0.449000, 4995.132616
0.450000, 4997.619336
0.451000, 5000.106057
0.452000, 5002.494080
0.453000, 5004.882102
0.454000, 5007.171333
0.455000, 5009.460564
0.456000, 5011.650912
0.457000, 5013.841260
0.458000, 5015.932639
0.459000, 5018.024019
0.460000, 5020.016346
0.461000, 5022.008674
0.462000, 5023.901872
0.463000, 5025.795070
0.464000, 5027.589062
0.465000, 5029.383055
0.466000, 5031.077772
0.467000, 5032.772489
0.468000, 5034.367863
0.469000, 5035.963238
0.470000, 5037.459207
0.471000, 5038.955175
0.472000, 5040.351680
0.473000, 5041.748184
0.474000, 5043.045168
0.475000, 5044.342152
0.476000, 5045.539566
0.477000, 5046.736979
0.478000, 5047.834774
0.479000, 5048.932569
0.480000, 5049.930703
0.481000, 5050.928836
0.482000, 5051.827269
0.483000, 5052.725701
0.484000, 5053.524397
0.485000, 5054.323093
0.486000, 5055.022021
0.487000, 5055.720949
0.488000, 5056.320082
0.489000, 5056.919214
0.490000, 5057.418527
0.491000, 5057.917840
0.492000, 5058.317314
0.493000, 5058.716789
0.494000, 5059.016408
0.495000, 5059.316027
0.496000, 5059.515780
0.497000, 5059.715533
0.498000, 5059.815411
0.499000, 5059.915290
0.500000, 5059.915290
0.501000, 5059.915290
0.502000, 5059.815411
0.503000, 5059.715533
0.504000, 5059.515780
0.505000, 5059.316027
0.506000, 5059.016408
0.507000, 5058.716789
0.508000, 5058.317314
0.509000, 5057.917840
0.510000, 5057.418527
0.511000, 5056.919214
0.512000, 5056.320082
0.513000, 5055.720949
0.514000, 5055.022021
0.515000, 5054.323093
0.516000, 5053.524397
0.517000, 5052.725701
0.518000, 5051.827269
0.519000, 5050.928836
0.520000, 5049.930703
0.521000, 5048.932569
0.522000, 5047.834774
0.523000, 5046.736979
0.524000, 5045.539566
0.525000, 5044.342152
0.526000, 5043.045168
0.527000, 5041.748184
0.528000, 5040.351680
0.529000, 5038.955175
0.530000, 5037.459207
0.531000, 5035.963238
0.532000, 5034.367863
0.533000, 5032.772489
0.534000, 5031.077772
0.535000, 5029.383055
0.536000, 5027.589062
0.537000, 5025.795070
0.538000, 5023.901872
0.539000, 5022.008674
0.540000, 5020.016346
0.541000, 5018.024019
0.542000, 5015.932639
0.543000, 5013.841260
0.544000, 5011.650912
0.545000, 5009.460564
0.546000, 5007.171333
0.547000, 5004.882102
0.548000, 5002.494080
0.549000, 5000.106057
0.550000, 4997.619336
0.551000, 4995.132616
0.552000, 4992.547295
0.553000, 4989.961975
0.554000, 4987.278157
0.555000, 4984.594340
0.556000, 4981.812130
0.557000, 4979.029921
0.558000, 4976.149429
0.559000, 4973.268938
0.560000, 4970.290279
0.561000, 4967.311620
0.562000, 4964.234910
0.563000, 4961.158200
0.564000, 4957.983561
0.565000, 4954.808923
0.566000, 4951.536480
0.567000, 4948.264038
0.568000, 4944.893921
0.569000, 4941.523804
0.570000, 4938.056145
0.571000, 4934.588487
0.572000, 4931.023424
0.573000, 4927.458361
0.574000, 4923.796034
0.575000, 4920.133707
0.576000, 4916.374261
0.577000, 4912.614815
0.578000, 4908.758399
0.579000, 4904.901982
0.580000, 4900.948746
0.581000, 4896.995511
0.582000, 4892.945613
0.583000, 4888.895715
0.584000, 4884.749315
0.585000, 4880.602914
0.586000, 4876.360175
0.587000, 4872.117436
0.588000, 4867.778525
0.589000, 4863.439614
0.590000, 4859.004703
0.591000, 4854.569792
0.592000, 4850.039056
0.593000, 4845.508320
0.594000, 4840.881938
0.595000, 4836.255555
0.596000, 4831.533710
0.597000, 4826.811864
0.598000, 4821.994741
0.599000, 4817.177618
0.600000, 4812.265408
0.601000, 4807.353198
0.602000, 4802.346096
0.603000, 4797.338993
0.604000, 4792.237194
0.605000, 4787.135396
0.606000, 4781.939104
0.607000, 4776.742812
0.608000, 4771.452231
0.609000, 4766.161650
0.610000, 4760.776989
0.611000, 4755.392328
0.612000, 4749.913799
0.613000, 4744.435271
0.614000, 4738.863092
0.615000, 4733.290912
0.616000, 4727.625302
0.617000, 4721.959691
0.618000, 4716.200873
0.619000, 4710.442055
0.620000, 4704.590257
0.621000, 4698.738459
0.622000, 4692.793912
0.623000, 4686.849365
0.624000, 4680.812303
0.625000, 4674.775242
0.626000, 4668.645904
0.627000, 4662.516566
0.628000, 4656.295195
0.629000, 4650.073823
0.630000, 4643.760663
0.631000, 4637.447503
0.632000, 4631.042803
0.633000, 4624.638104
0.634000, 4618.142118
0.635000, 4611.646132
0.636000, 4605.059116
0.637000, 4598.472101
0.638000, 4591.794315
0.639000, 4585.116529
0.640000, 4578.348237
0.641000, 4571.579946
0.642000, 4564.721415
0.643000, 4557.862883
0.644000, 4550.914384
0.645000, 4543.965885
0.646000, 4536.927692
0.647000, 4529.889498
0.648000, 4522.761889
0.649000, 4515.634279
0.650000, 4508.417535
0.651000, 4501.200791
0.652000, 4493.895197
0.653000, 4486.589603
0.654000, 4479.195447
0.655000, 4471.801292
0.656000, 4464.318867
0.657000, 4456.836442
0.658000, 4449.266043
0.659000, 4441.695643
0.660000, 4434.037569
0.661000, 4426.379495
0.662000, 4418.634047
0.663000, 4410.888600
0.664000, 4403.056085
0.665000, 4395.223571
0.666000, 4387.304298
0.667000, 4379.385026
0.668000, 4371.379308
0.669000, 4363.373590
0.670000, 4355.281743
0.671000, 4347.189896
0.672000, 4339.012239
0.673000, 4330.834582
0.674000, 4322.571438
0.675000, 4314.308295
0.676000, 4305.959990
0.677000, 4297.611685
0.678000, 4289.178550
0.679000, 4280.745414
0.680000, 4272.227780
0.681000, 4263.710146
0.682000, 4255.108350
0.683000, 4246.506554
0.684000, 4237.820935
0.685000, 4229.135317
0.686000, 4220.366219
0.687000, 4211.597121
0.688000, 4202.744890
0.689000, 4193.892659
0.690000, 4184.957644
0.691000, 4176.022629
0.692000, 4167.005182
0.693000, 4157.987736
0.694000, 4148.888215
0.695000, 4139.788694
0.696000, 4130.607456
0.697000, 4121.426219
0.698000, 4112.163629
0.699000, 4102.901038
0.700000, 4093.557460
0.701000, 4084.213881
0.702000, 4074.789684
0.703000, 4065.365487
0.704000, 4055.861043
0.705000, 4046.356598
0.706000, 4036.772283
0.707000, 4027.187967
0.708000, 4017.524158
0.709000, 4007.860349
0.710000, 3998.117428
0.711000, 3988.374508
0.712000, 3978.552860
0.713000, 3968.731212
0.714000, 3958.831225
0.715000, 3948.931238
0.716000, 3938.953302
0.717000, 3928.975367
0.718000, 3918.919876
0.719000, 3908.864386
0.720000, 3898.731738
0.721000, 3888.599090
0.722000, 3878.389685
0.723000, 3868.180279
0.724000, 3857.894519
0.725000, 3847.608759
0.726000, 3837.247050
0.727000, 3826.885342
0.728000, 3816.448094
0.729000, 3806.010846
0.730000, 3795.498470
0.731000, 3784.986095
0.732000, 3774.399007
0.733000, 3763.811919
0.734000, 3753.150537
0.735000, 3742.489155
0.736000, 3731.753899
0.737000, 3721.018643
0.738000, 3710.209938
0.739000, 3699.401232
0.740000, 3688.519504
0.741000, 3677.637775
0.742000, 3666.683453
0.743000, 3655.729131
0.744000, 3644.702648
0.745000, 3633.676166
0.746000, 3622.577957
0.747000, 3611.479748
0.748000, 3600.310252
0.749000, 3589.140756
0.750000, 3577.900414
0.751000, 3566.660071
0.752000, 3555.349326
0.753000, 3544.038580
0.754000, 3532.657878
0.755000, 3521.277177
0.756000, 3509.826968
0.757000, 3498.376759
0.758000, 3486.857496
0.759000, 3475.338232
0.760000, 3463.750368
0.761000, 3452.162504
0.762000, 3440.506497
0.763000, 3428.850491
0.764000, 3417.126802
0.765000, 3405.403112
0.766000, 3393.612203
0.767000, 3381.821294
0.768000, 3369.963631
0.769000, 3358.105968
0.770000, 3346.182019
0.771000, 3334.258069
0.772000, 3322.268305
0.773000, 3310.278540
0.774000, 3298.223433
0.775000, 3286.168326
0.776000, 3274.048353
0.777000, 3261.928380
0.778000, 3249.744020
0.779000, 3237.559659
0.780000, 3225.311392
0.781000, 3213.063125
0.782000, 3200.751434
0.783000, 3188.439744
0.784000, 3176.065116
0.785000, 3163.690489
0.786000, 3151.253413
0.787000, 3138.816337
0.788000, 3126.317303
0.789000, 3113.818270
0.790000, 3101.257772
0.791000, 3088.697274
0.792000, 3076.075808
0.793000, 3063.454343
0.794000, 3050.772407
0.795000, 3038.090471
0.796000, 3025.348566
0.797000, 3012.606660
0.798000, 2999.805289
0.799000, 2987.003918
0.800000, 2974.143585
0.801000, 2961.283253
0.802000, 2948.364467
0.803000, 2935.445682
0.804000, 2922.468953
0.805000, 2909.492224
0.806000, 2896.458065
0.807000, 2883.423905
0.808000, 2870.332829
0.809000, 2857.241753
0.810000, 2844.094278
0.811000, 2830.946802
0.812000, 2817.743446
0.813000, 2804.540091
0.814000, 2791.281375
0.815000, 2778.022660
0.816000, 2764.709109
0.817000, 2751.395558
0.818000, 2738.027697
0.819000, 2724.659836
0.820000, 2711.238193
0.821000, 2697.816549
0.822000, 2684.341653
0.823000, 2670.866757
0.824000, 2657.339140
0.825000, 2643.811523
0.826000, 2630.231720
0.827000, 2616.651917
0.828000, 2603.020463
0.829000, 2589.389009
0.830000, 2575.706443
0.831000, 2562.023877
0.832000, 2548.290738
0.833000, 2534.557600
0.834000, 2520.774432
0.835000, 2506.991263
0.836000, 2493.158609
0.837000, 2479.325955
0.838000, 2465.444361
0.839000, 2451.562767
0.840000, 2437.632782
0.841000, 2423.702796
0.842000, 2409.724968
0.843000, 2395.747141
0.844000, 2381.722023
0.845000, 2367.696906
0.846000, 2353.625052
0.847000, 2339.553198
0.848000, 2325.435164
0.849000, 2311.317129
0.850000, 2297.153471
0.851000, 2282.989813
0.852000, 2268.781091
0.853000, 2254.572369
0.854000, 2240.319143
0.855000, 2226.065917
0.856000, 2211.768751
0.857000, 2197.471585
0.858000, 2183.131042
0.859000, 2168.790500
0.860000, 2154.407147
0.861000, 2140.023795
0.862000, 2125.598200
0.863000, 2111.172605
0.864000, 2096.705338
0.865000, 2082.238071
0.866000, 2067.729701
0.867000, 2053.221332
0.868000, 2038.672434
0.869000, 2024.123537
0.870000, 2009.534684
0.871000, 1994.945832
0.872000, 1980.317601
0.873000, 1965.689370
0.874000, 1951.022338
0.875000, 1936.355306
0.876000, 1921.650052
0.877000, 1906.944798
0.878000, 1892.201903
0.879000, 1877.459008
0.880000, 1862.679053
0.881000, 1847.899098
0.882000, 1833.082667
0.883000, 1818.266236
0.884000, 1803.413915
0.885000, 1788.561593
0.886000, 1773.673966
0.887000, 1758.786340
0.888000, 1743.863997
0.889000, 1728.941653
0.890000, 1713.985182
0.891000, 1699.028711
0.892000, 1684.038702
0.893000, 1669.048694
0.894000, 1654.025739
0.895000, 1639.002785
0.896000, 1623.947478
0.897000, 1608.892172
0.898000, 1593.805107
0.899000, 1578.718042
0.900000, 1563.599815
0.901000, 1548.481587
0.902000, 1533.332794
0.903000, 1518.184001
0.904000, 1503.005240
0.905000, 1487.826480
0.906000, 1472.618350
0.907000, 1457.410221
0.908000, 1442.173324
0.909000, 1426.936427
0.910000, 1411.671363
0.911000, 1396.406299
0.912000, 1381.113672
0.913000, 1365.821044
0.914000, 1350.501457
0.915000, 1335.181869
0.916000, 1319.835926
0.917000, 1304.489983
0.918000, 1289.118290
0.919000, 1273.746598
0.920000, 1258.349762
0.921000, 1242.952927
0.922000, 1227.531557
0.923000, 1212.110187
0.924000, 1196.664891
0.925000, 1181.219595
0.926000, 1165.750983
0.927000, 1150.282370
0.928000, 1134.791052
0.929000, 1119.299734
0.930000, 1103.786323
0.931000, 1088.272911
0.932000, 1072.738017
0.933000, 1057.203124
0.934000, 1041.647362
0.935000, 1026.091600
0.936000, 1010.515584
0.937000, 994.939568
0.938000, 979.343913
0.939000, 963.748258
0.940000, 948.133579
0.941000, 932.518900
0.942000, 916.885814
0.943000, 901.252728
0.944000, 885.601852
0.945000, 869.950976
0.946000, 854.282928
0.947000, 838.614880
0.948000, 822.930279
0.949000, 807.245677
0.950000, 791.545142
0.951000, 775.844606
0.952000, 760.128755
0.953000, 744.412905
0.954000, 728.682361
0.955000, 712.951816
0.956000, 697.207199
0.957000, 681.462581
0.958000, 665.704512
0.959000, 649.946443
0.960000, 634.175545
0.961000, 618.404646
0.962000, 602.621541
0.963000, 586.838436
0.964000, 571.043747
0.965000, 555.249059
0.966000, 539.443410
0.967000, 523.637761
0.968000, 507.821775
0.969000, 492.005790
0.970000, 476.180093
0.971000, 460.354397
0.972000, 444.519613
0.973000, 428.684829
0.974000, 412.841583
0.975000, 396.998337
0.976000, 381.147255
0.977000, 365.296173
0.978000, 349.437880
0.979000, 333.579587
0.980000, 317.714710
0.981000, 301.849832
0.982000, 285.978997
0.983000, 270.108161
0.984000, 254.231994
0.985000, 238.355826
0.986000, 222.474954
0.987000, 206.594082
0.988000, 190.709132
0.989000, 174.824181
0.990000, 158.935780
0.991000, 143.047379
0.992000, 127.156154
0.993000, 111.264929
0.994000, 95.371508
0.995000, 79.478087
0.996000, 63.583097
0.997000, 47.688107
0.998000, 31.792176
0.999000, 15.896245
1.000000, 0.000000
