0.000000, 0.000000
0.001000, 35.010659
0.002000, 70.020628
0.003000, 105.030596
0.004000, 140.038491
0.005000, 175.046386
0.006000, 210.050826
0.007000, 245.055266
0.008000, 280.054868
0.009000, 315.054471
0.010000, 350.047855
0.011000, 385.041238
0.012000, 420.027022
0.013000, 455.012805
0.014000, 489.989607
0.015000, 524.966409
0.016000, 559.932848
0.017000, 594.899287
0.018000, 629.853984
0.019000, 664.808681
0.020000, 699.750254
0.021000, 734.691828
0.022000, 769.618900
0.023000, 804.545972
0.024000, 839.457162
0.025000, 874.368353
0.026000, 909.262284
0.027000, 944.156215
0.028000, 979.031510
0.029000, 1013.906804
0.030000, 1048.762085
0.031000, 1083.617366
0.032000, 1118.451257
0.033000, 1153.285148
0.034000, 1188.096275
0.035000, 1222.907401
0.036000, 1257.694388
0.037000, 1292.481375
0.038000, 1327.242850
0.039000, 1362.004325
0.040000, 1396.738914
0.041000, 1431.473504
0.042000, 1466.179838
0.043000, 1500.886172
0.044000, 1535.562879
0.045000, 1570.239587
0.046000, 1604.885299
0.047000, 1639.531012
0.048000, 1674.144361
0.049000, 1708.757711
0.050000, 1743.337331
0.051000, 1777.916951
0.052000, 1812.461476
0.053000, 1847.006002
0.054000, 1881.514069
0.055000, 1916.022136
0.056000, 1950.492383
0.057000, 1984.962629
0.058000, 2019.393694
0.059000, 2053.824760
0.060000, 2088.215284
0.061000, 2122.605808
0.062000, 2156.954434
0.063000, 2191.303060
0.064000, 2225.608432
0.065000, 2259.913803
0.066000, 2294.174566
0.067000, 2328.435328
0.068000, 2362.650130
0.069000, 2396.864931
0.070000, 2431.032421
0.071000, 2465.199910
0.072000, 2499.318738
0.073000, 2533.437567
0.074000, 2567.506387
0.075000, 2601.575208
0.076000, 2635.592675
0.077000, 2669.610143
0.078000, 2703.574915
0.079000, 2737.539687
0.080000, 2771.450422
0.081000, 2805.361157
0.082000, 2839.216517
0.083000, 2873.071876
0.084000, 2906.870524
0.085000, 2940.669172
0.086000, 2974.409773
0.087000, 3008.150375
0.088000, 3041.831598
0.089000, 3075.512821
0.090000, 3109.133336
0.091000, 3142.753851
0.092000, 3176.312331
0.093000, 3209.870811
0.094000, 3243.365931
0.095000, 3276.861050
0.096000, 3310.291488
0.097000, 3343.721925
0.098000, 3377.086360
0.099000, 3410.450795
0.100000, 3443.747911
0.101000, 3477.045027
0.102000, 3510.273508
0.103000, 3543.501990
0.104000, 3576.660526
0.105000, 3609.819063
0.106000, 3642.906344
0.107000, 3675.993625
0.108000, 3709.008346
0.109000, 3742.023066
0.110000, 3774.963922
0.111000, 3807.904779
0.112000, 3840.770470
0.113000, 3873.636161
0.114000, 3906.425390
0.115000, 3939.214619
0.116000, 3971.926092
0.117000, 4004.637564
0.118000, 4037.269988
0.119000, 4069.902413
0.120000, 4102.454500
0.121000, 4135.006588
0.122000, 4167.477055
0.123000, 4199.947521
0.124000, 4232.335084
0.125000, 4264.722647
0.126000, 4297.026028
0.127000, 4329.329409
0.128000, 4361.547333
0.129000, 4393.765256
0.130000, 4425.896451
0.131000, 4458.027646
0.132000, 4490.070842
0.133000, 4522.114039
0.134000, 4554.067974
0.135000, 4586.021908
0.136000, 4617.885318
0.137000, 4649.748728
0.138000, 4681.520356
0.139000, 4713.291984
0.140000, 4744.970576
0.141000, 4776.649168
0.142000, 4808.233473
0.143000, 4839.817777
0.144000, 4871.306548
0.145000, 4902.795319
0.146000, 4934.187313
0.147000, 4965.579307
0.148000, 4996.873285
0.149000, 5028.167262
0.150000, 5059.361988
0.151000, 5090.556714
0.152000, 5121.650957
0.153000, 5152.745199
0.154000, 5183.737731
0.155000, 5214.730263
0.156000, 5245.619861
0.157000, 5276.509458
0.158000, 5307.294902
0.159000, 5338.080346
0.160000, 5368.760421
0.161000, 5399.440495
0.162000, 5430.013990
0.163000, 5460.587484
0.164000, 5491.053191
0.165000, 5521.518898
0.166000, 5551.875615
0.167000, 5582.232332
0.168000, 5612.478861
0.169000, 5642.725389
0.170000, 5672.860535
0.171000, 5702.995681
0.172000, 5733.018255
0.173000, 5763.040828
0.174000, 5792.949644
0.175000, 5822.858461
0.176000, 5852.652339
0.177000, 5882.446216
0.178000, 5912.123980
0.179000, 5941.801743
0.180000, 5971.362221
0.181000, 6000.922698
0.182000, 6030.364723
0.183000, 6059.806747
0.184000, 6089.129156
0.185000, 6118.451565
0.186000, 6147.653201
0.187000, 6176.854837
0.188000, 6205.934547
0.189000, 6235.014257
0.190000, 6263.970893
0.191000, 6292.927529
0.192000, 6321.759949
0.193000, 6350.592368
0.194000, 6379.299432
0.195000, 6408.006496
0.196000, 6436.587071
0.197000, 6465.167647
0.198000, 6493.620605
0.199000, 6522.073564
0.200000, 6550.397782
0.201000, 6578.722001
0.202000, 6606.916361
0.203000, 6635.110721
0.204000, 6663.174110
0.205000, 6691.237498
0.206000, 6719.168808
0.207000, 6747.100117
0.208000, 6774.898244
0.209000, 6802.696372
0.210000, 6830.360220
0.211000, 6858.024068
0.212000, 6885.552544
0.213000, 6913.081021
0.214000, 6940.473039
0.215000, 6967.865057
0.216000, 6995.119535
0.217000, 7022.374014
0.218000, 7049.489877
0.219000, 7076.605740
0.220000, 7103.581916
0.221000, 7130.558093
0.222000, 7157.393518
0.223000, 7184.228944
0.224000, 7210.922559
0.225000, 7237.616174
0.226000, 7264.166925
0.227000, 7290.717676
0.228000, 7317.124514
0.229000, 7343.531352
0.230000, 7369.793235
0.231000, 7396.055118
0.232000, 7422.171010
0.233000, 7448.286901
0.234000, 7474.255769
0.235000, 7500.224638
0.236000, 7526.045459
0.237000, 7551.866279
0.238000, 7577.538032
0.239000, 7603.209785
0.240000, 7628.731458
0.241000, 7654.253130
0.242000, 7679.623714
0.243000, 7704.994298
0.244000, 7730.212792
0.245000, 7755.431286
0.246000, 7780.496694
0.247000, 7805.562102
0.248000, 7830.473436
0.249000, 7855.384769
0.250000, 7880.141043
0.251000, 7904.897318
0.252000, 7929.497557
0.253000, 7954.097796
0.254000, 7978.541027
0.255000, 8002.984259
0.256000, 8027.269519
0.257000, 8051.554778
0.258000, 8075.681107
0.259000, 8099.807436
0.260000, 8123.773881
0.261000, 8147.740327
0.262000, 8171.545943
0.263000, 8195.351559
0.264000, 8218.995406
0.265000, 8242.639253
0.266000, 8266.120397
0.267000, 8289.601541
0.268000, 8312.919056
0.269000, 8336.236571
0.270000, 8359.389535
0.271000, 8382.542500
0.272000, 8405.530000
0.273000, 8428.517500
0.274000, 8451.338629
0.275000, 8474.159757
0.276000, 8496.813613
0.277000, 8519.467469
0.278000, 8541.953158
0.279000, 8564.438847
0.280000, 8586.755481
0.281000, 8609.072115
0.282000, 8631.218814
0.283000, 8653.365512
0.284000, 8675.341400
0.285000, 8697.317289
0.286000, 8719.121500
0.287000, 8740.925711
0.288000, 8762.557383
0.289000, 8784.189055
0.290000, 8805.647336
0.291000, 8827.105616
0.292000, 8848.389656
0.293000, 8869.673697
0.294000, 8890.782658
0.295000, 8911.891618
0.296000, 8932.824666
0.297000, 8953.757714
0.298000, 8974.514022
0.299000, 8995.270330
0.300000, 9015.849079
0.301000, 9036.427829
0.302000, 9056.828207
0.303000, 9077.228584
0.304000, 9097.449786
0.305000, 9117.670987
0.306000, 9137.712213
0.307000, 9157.753439
0.308000, 9177.613899
0.309000, 9197.474359
0.310000, 9217.153269
0.311000, 9236.832178
0.312000, 9256.328761
0.313000, 9275.825343
0.314000, 9295.138829
0.315000, 9314.452315
0.316000, 9333.581941
0.317000, 9352.711568
0.318000, 9371.656579
0.319000, 9390.601591
0.320000, 9409.361241
0.321000, 9428.120890
0.322000, 9446.694436
0.323000, 9465.267983
0.324000, 9483.654693
0.325000, 9502.041403
0.326000, 9520.240551
0.327000, 9538.439699
0.328000, 9556.450566
0.329000, 9574.461433
0.330000, 9592.283309
0.331000, 9610.105185
0.332000, 9627.737365
0.333000, 9645.369545
0.334000, 9662.811334
0.335000, 9680.253123
0.336000, 9697.503832
0.337000, 9714.754542
0.338000, 9731.813490
0.339000, 9748.872438
0.340000, 9765.738952
0.341000, 9782.605465
0.342000, 9799.278879
0.343000, 9815.952293
0.344000, 9832.431948
0.345000, 9848.911603
0.346000, 9865.196849
0.347000, 9881.482095
0.348000, 9897.572288
0.349000, 9913.662482
0.350000, 9929.556989
0.351000, 9945.451496
0.352000, 9961.149688
0.353000, 9976.847880
0.354000, 9992.349138
0.355000, 10007.850395
0.356000, 10023.154106
0.357000, 10038.457818
0.358000, 10053.563378
0.359000, 10068.668939
0.360000, 10083.575753
0.361000, 10098.482566
0.362000, 10113.190045
0.363000, 10127.897523
0.364000, 10142.405085
0.365000, 10156.912648
0.366000, 10171.219721
0.367000, 10185.526795
0.368000, 10199.632815
0.369000, 10213.738835
0.370000, 10227.643244
0.371000, 10241.547654
0.372000, 10255.249904
0.373000, 10268.952154
0.374000, 10282.451704
0.375000, 10295.951254
0.376000, 10309.247570
0.377000, 10322.543887
0.378000, 10335.636445
0.379000, 10348.729004
0.380000, 10361.617287
0.381000, 10374.505570
0.382000, 10387.189070
0.383000, 10399.872569
0.384000, 10412.350784
0.385000, 10424.828999
0.386000, 10437.101437
0.387000, 10449.373874
0.388000, 10461.440050
0.389000, 10473.506226
0.390000, 10485.365664
0.391000, 10497.225102
0.392000, 10508.877334
0.393000, 10520.529566
0.394000, 10531.974131
0.395000, 10543.418697
0.396000, 10554.655144
0.397000, 10565.891591
0.398000, 10576.919477
0.399000, 10587.947363
0.400000, 10598.766252
0.401000, 10609.585140
0.402000, 10620.194605
0.403000, 10630.804069
0.404000, 10641.203691
0.405000, 10651.603313
0.406000, 10661.792681
0.407000, 10671.982049
0.408000, 10681.960761
0.409000, 10691.939474
0.410000, 10701.707136
0.411000, 10711.474799
0.412000, 10721.031026
0.413000, 10730.587253
0.414000, 10739.931668
0.415000, 10749.276082
0.416000, 10758.408316
0.417000, 10767.540549
0.418000, 10776.460240
0.419000, 10785.379931
0.420000, 10794.086728
0.421000, 10802.793525
0.422000, 10811.287084
0.423000, 10819.780643
0.424000, 10828.060629
0.425000, 10836.340615
0.426000, 10844.406700
0.427000, 10852.472786
0.428000, 10860.324653
0.429000, 10868.176520
0.430000, 10875.813859
0.431000, 10883.451198
0.432000, 10890.873707
0.433000, 10898.296215
0.434000, 10905.503601
0.435000, 10912.710987
0.436000, 10919.702965
0.437000, 10926.694943
0.438000, 10933.471237
0.439000, 10940.247532
0.440000, 10946.807875
0.441000, 10953.368219
0.442000, 10959.712352
0.443000, 10966.056485
0.444000, 10972.184158
0.445000, 10978.311831
0.446000, 10984.222801
0.447000, 10990.133771
0.448000, 10995.827805
0.449000, 11001.521840
0.450000, 11006.998714
0.451000, 11012.475587
0.452000, 11017.735084
0.453000, 11022.994581
0.454000, 11028.036494
0.455000, 11033.078406
0.456000, 11037.902535
0.457000, 11042.726664
0.458000, 11047.332819
0.459000, 11051.938974
0.460000, 11056.326973
0.461000, 11060.714972
0.462000, 11064.884642
0.463000, 11069.054312
0.464000, 11073.005489
0.465000, 11076.956665
0.466000, 11080.689192
0.467000, 11084.421719
0.468000, 11087.935449
0.469000, 11091.449178
0.470000, 11094.743973
0.471000, 11098.038767
0.472000, 11101.114495
0.473000, 11104.190223
0.474000, 11107.046764
0.475000, 11109.903306
0.476000, 11112.540547
0.477000, 11115.177788
0.478000, 11117.595625
0.479000, 11120.013462
0.480000, 11122.211799
0.481000, 11124.410137
0.482000, 11126.388888
0.483000, 11128.367639
0.484000, 11130.126726
0.485000, 11131.885813
0.486000, 11133.425165
0.487000, 11134.964518
0.488000, 11136.284076
0.489000, 11137.603635
0.490000, 11138.703346
0.491000, 11139.803057
0.492000, 11140.682879
0.493000, 11141.562700
0.494000, 11142.222596
0.495000, 11142.882492
0.496000, 11143.322438
0.497000, 11143.762383
0.498000, 11143.982360
0.499000, 11144.202337
0.500000, 11144.202337
0.501000, 11144.202337
0.502000, 11143.982360
0.503000, 11143.762383
0.504000, 11143.322438
0.505000, 11142.882492
0.506000, 11142.222596
0.507000, 11141.562700
0.508000, 11140.682879
0.509000, 11139.803057
0.510000, 11138.703346
0.511000, 11137.603635
0.512000, 11136.284076
0.513000, 11134.964518
0.514000, 11133.425165
0.515000, 11131.885813
0.516000, 11130.126726
0.517000, 11128.367639
0.518000, 11126.388888
0.519000, 11124.410137
0.520000, 11122.211799
0.521000, 11120.013462
0.522000, 11117.595625
0.523000, 11115.177788
0.524000, 11112.540547
0.525000, 11109.903306
0.526000, 11107.046764
0.527000, 11104.190223
0.528000, 11101.114495
0.529000, 11098.038767
0.530000, 11094.743973
0.531000, 11091.449178
0.532000, 11087.935449
0.533000, 11084.421719
0.534000, 11080.689192
0.535000, 11076.956665
0.536000, 11073.005489
0.537000, 11069.054312
0.538000, 11064.884642
0.539000, 11060.714972
0.540000, 11056.326973
0.541000, 11051.938974
0.542000, 11047.332819
0.543000, 11042.726664
0.544000, 11037.902535
0.545000, 11033.078406
0.546000, 11028.036494
0.547000, 11022.994581
0.548000, 11017.735084
0.549000, 11012.475587
0.550000, 11006.998714
0.551000, 11001.521840
0.552000, 10995.827805
0.553000, 10990.133771
0.554000, 10984.222801
0.555000, 10978.311831
0.556000, 10972.184158
0.557000, 10966.056485
0.558000, 10959.712352
0.559000, 10953.368219
0.560000, 10946.807875
0.561000, 10940.247532
0.562000, 10933.471237
0.563000, 10926.694943
0.564000, 10919.702965
0.565000, 10912.710987
0.566000, 10905.503601
0.567000, 10898.296215
0.568000, 10890.873707
0.569000, 10883.451198
0.570000, 10875.813859
0.571000, 10868.176520
0.572000, 10860.324653
0.573000, 10852.472786
0.574000, 10844.406700
0.575000, 10836.340615
0.576000, 10828.060629
0.577000, 10819.780643
0.578000, 10811.287084
0.579000, 10802.793525
0.580000, 10794.086728
0.581000, 10785.379931
0.582000, 10776.460240
0.583000, 10767.540549
0.584000, 10758.408316
0.585000, 10749.276082
0.586000, 10739.931668
0.587000, 10730.587253
0.588000, 10721.031026
0.589000, 10711.474799
0.590000, 10701.707136
0.591000, 10691.939474
0.592000, 10681.960761
0.593000, 10671.982049
0.594000, 10661.792681
0.595000, 10651.603313
0.596000, 10641.203691
0.597000, 10630.804069
0.598000, 10620.194605
0.599000, 10609.585140
0.600000, 10598.766252
0.601000, 10587.947363
0.602000, 10576.919477
0.603000, 10565.891591
0.604000, 10554.655144
0.605000, 10543.418697
0.606000, 10531.974131
0.607000, 10520.529566
0.608000, 10508.877334
0.609000, 10497.225102
0.610000, 10485.365664
0.611000, 10473.506226
0.612000, 10461.440050
0.613000, 10449.373874
0.614000, 10437.101437
0.615000, 10424.828999
0.616000, 10412.350784
0.617000, 10399.872569
0.618000, 10387.189070
0.619000, 10374.505570
0.620000, 10361.617287
0.621000, 10348.729004
0.622000, 10335.636445
0.623000, 10322.543887
0.624000, 10309.247570
0.625000, 10295.951254
0.626000, 10282.451704
0.627000, 10268.952154
0.628000, 10255.249904
0.629000, 10241.547654
0.630000, 10227.643244
0.631000, 10213.738835
0.632000, 10199.632815
0.633000, 10185.526795
0.634000, 10171.219721
0.635000, 10156.912648
0.636000, 10142.405085
0.637000, 10127.897523
0.638000, 10113.190045
0.639000, 10098.482566
0.640000, 10083.575753
0.641000, 10068.668939
0.642000, 10053.563378
0.643000, 10038.457818
0.644000, 10023.154106
0.645000, 10007.850395
0.646000, 9992.349138
0.647000, 9976.847880
0.648000, 9961.149688
0.649000, 9945.451496
0.650000, 9929.556989
0.651000, 9913.662482
0.652000, 9897.572288
0.653000, 9881.482095
0.654000, 9865.196849
0.655000, 9848.911603
0.656000, 9832.431948
0.657000, 9815.952293
0.658000, 9799.278879
0.659000, 9782.605465
0.660000, 9765.738952
0.661000, 9748.872438
0.662000, 9731.813490
0.663000, 9714.754542
0.664000, 9697.503832
0.665000, 9680.253123
0.666000, 9662.811334
0.667000, 9645.369545
0.668000, 9627.737365
0.669000, 9610.105185
0.670000, 9592.283309
0.671000, 9574.461433
0.672000, 9556.450566
0.673000, 9538.439699
0.674000, 9520.240551
0.675000, 9502.041403
0.676000, 9483.654693
0.677000, 9465.267983
0.678000, 9446.694436
0.679000, 9428.120890
0.680000, 9409.361241
0.681000, 9390.601591
0.682000, 9371.656579
0.683000, 9352.711568
0.684000, 9333.581941
0.685000, 9314.452315
0.686000, 9295.138829
0.687000, 9275.825343
0.688000, 9256.328761
0.689000, 9236.832178
0.690000, 9217.153269
0.691000, 9197.474359
0.692000, 9177.613899
0.693000, 9157.753439
0.694000, 9137.712213
0.695000, 9117.670987
0.696000, 9097.449786
0.697000, 9077.228584
0.698000, 9056.828207
0.699000, 9036.427829
0.700000, 9015.849079
0.701000, 8995.270330
0.702000, 8974.514022
0.703000, 8953.757714
0.704000, 8932.824666
0.705000, 8911.891618
0.706000, 8890.782658
0.707000, 8869.673697
0.708000, 8848.389656
0.709000, 8827.105616
0.710000, 8805.647336
0.711000, 8784.189055
0.712000, 8762.557383
0.713000, 8740.925711
0.714000, 8719.121500
0.715000, 8697.317289
0.716000, 8675.341400
0.717000, 8653.365512
0.718000, 8631.218814
0.719000, 8609.072115
0.720000, 8586.755481
0.721000, 8564.438847
0.722000, 8541.953158
0.723000, 8519.467469
0.724000, 8496.813613
0.725000, 8474.159757
0.726000, 8451.338629
0.727000, 8428.517500
0.728000, 8405.530000
0.729000, 8382.542500
0.730000, 8359.389535
0.731000, 8336.236571
0.732000, 8312.919056
0.733000, 8289.601541
0.734000, 8266.120397
0.735000, 8242.639253
0.736000, 8218.995406
0.737000, 8195.351559
0.738000, 8171.545943
0.739000, 8147.740327
0.740000, 8123.773881
0.741000, 8099.807436
0.742000, 8075.681107
0.743000, 8051.554778
0.744000, 8027.269519
0.745000, 8002.984259
0.746000, 7978.541027
0.747000, 7954.097796
0.748000, 7929.497557
0.749000, 7904.897318
0.750000, 7880.141043
0.751000, 7855.384769
0.752000, 7830.473436
0.753000, 7805.562102
0.754000, 7780.496694
0.755000, 7755.431286
0.756000, 7730.212792
0.757000, 7704.994298
0.758000, 7679.623714
0.759000, 7654.253130
0.760000, 7628.731458
0.761000, 7603.209785
0.762000, 7577.538032
0.763000, 7551.866279
0.764000, 7526.045459
0.765000, 7500.224638
0.766000, 7474.255769
0.767000, 7448.286901
0.768000, 7422.171010
0.769000, 7396.055118
0.770000, 7369.793235
0.771000, 7343.531352
0.772000, 7317.124514
0.773000, 7290.717676
0.774000, 7264.166925
0.775000, 7237.616174
0.776000, 7210.922559
0.777000, 7184.228944
0.778000, 7157.393518
0.779000, 7130.558093
0.780000, 7103.581916
0.781000, 7076.605740
0.782000, 7049.489877
0.783000, 7022.374014
0.784000, 6995.119535
0.785000, 6967.865057
0.786000, 6940.473039
0.787000, 6913.081021
0.788000, 6885.552544
0.789000, 6858.024068
0.790000, 6830.360220
0.791000, 6802.696372
0.792000, 6774.898244
0.793000, 6747.100117
0.794000, 6719.168808
0.795000, 6691.237498
0.796000, 6663.174110
0.797000, 6635.110721
0.798000, 6606.916361
0.799000, 6578.722001
0.800000, 6550.397782
0.801000, 6522.073564
0.802000, 6493.620605
0.803000, 6465.167647
0.804000, 6436.587071
0.805000, 6408.006496
0.806000, 6379.299432
0.807000, 6350.592368
0.808000, 6321.759949
0.809000, 6292.927529
0.810000, 6263.970893
0.811000, 6235.014257
0.812000, 6205.934547
0.813000, 6176.854837
0.814000, 6147.653201
0.815000, 6118.451565
0.816000, 6089.129156
0.817000, 6059.806747
0.818000, 6030.364723
0.819000, 6000.922698
0.820000, 5971.362221
0.821000, 5941.801743
0.822000, 5912.123980
0.823000, 5882.446216
0.824000, 5852.652339
0.825000, 5822.858461
0.826000, 5792.949644
0.827000, 5763.040828
0.828000, 5733.018255
0.829000, 5702.995681
0.830000, 5672.860535
0.831000, 5642.725389
0.832000, 5612.478861
0.833000, 5582.232332
0.834000, 5551.875615
0.835000, 5521.518898
0.836000, 5491.053191
0.837000, 5460.587484
0.838000, 5430.013990
0.839000, 5399.440495
0.840000, 5368.760421
0.841000, 5338.080346
0.842000, 5307.294902
0.843000, 5276.509458
0.844000, 5245.619861
0.845000, 5214.730263
0.846000, 5183.737731
0.847000, 5152.745199
0.848000, 5121.650957
0.849000, 5090.556714
0.850000, 5059.361988
0.851000, 5028.167262
0.852000, 4996.873285
0.853000, 4965.579307
0.854000, 4934.187313
0.855000, 4902.795319
0.856000, 4871.306548
0.857000, 4839.817777
0.858000, 4808.233473
0.859000, 4776.649168
0.860000, 4744.970576
0.861000, 4713.291984
0.862000, 4681.520356
0.863000, 4649.748728
0.864000, 4617.885318
0.865000, 4586.021908
0.866000, 4554.067974
0.867000, 4522.114039
0.868000, 4490.070842
0.869000, 4458.027646
0.870000, 4425.896451
0.871000, 4393.765256
0.872000, 4361.547333
0.873000, 4329.329409
0.874000, 4297.026028
0.875000, 4264.722647
0.876000, 4232.335084
0.877000, 4199.947521
0.878000, 4167.477055
0.879000, 4135.006588
0.880000, 4102.454500
0.881000, 4069.902413
0.882000, 4037.269988
0.883000, 4004.637564
0.884000, 3971.926092
0.885000, 3939.214619
0.886000, 3906.425390
0.887000, 3873.636161
0.888000, 3840.770470
0.889000, 3807.904779
0.890000, 3774.963922
0.891000, 3742.023066
0.892000, 3709.008346
0.893000, 3675.993625
0.894000, 3642.906344
0.895000, 3609.819063
0.896000, 3576.660526
0.897000, 3543.501990
0.898000, 3510.273508
0.899000, 3477.045027
0.900000, 3443.747911
0.901000, 3410.450795
0.902000, 3377.086360
0.903000, 3343.721925
0.904000, 3310.291488
0.905000, 3276.861050
0.906000, 3243.365931
0.907000, 3209.870811
0.908000, 3176.312331
0.909000, 3142.753851
0.910000, 3109.133336
0.911000, 3075.512821
0.912000, 3041.831598
0.913000, 3008.150375
0.914000, 2974.409773
0.915000, 2940.669172
0.916000, 2906.870524
0.917000, 2873.071876
0.918000, 2839.216517
0.919000, 2805.361157
0.920000, 2771.450422
0.921000, 2737.539687
0.922000, 2703.574915
0.923000, 2669.610143
0.924000, 2635.592675
0.925000, 2601.575208
0.926000, 2567.506387
0.927000, 2533.437567
0.928000, 2499.318738
0.929000, 2465.199910
0.930000, 2431.032421
0.931000, 2396.864931
0.932000, 2362.650130
0.933000, 2328.435328
0.934000, 2294.174566
0.935000, 2259.913803
0.936000, 2225.608432
0.937000, 2191.303060
0.938000, 2156.954434
0.939000, 2122.605808
0.940000, 2088.215284
0.941000, 2053.824760
0.942000, 2019.393694
0.943000, 1984.962629
0.944000, 1950.492383
0.945000, 1916.022136
0.946000, 1881.514069
0.947000, 1847.006002
0.948000, 1812.461476
0.949000, 1777.916951
0.950000, 1743.337331
0.951000, 1708.757711
0.952000, 1674.144361
0.953000, 1639.531012
0.954000, 1604.885299
0.955000, 1570.239587
0.956000, 1535.562879
0.957000, 1500.886172
0.958000, 1466.179838
0.959000, 1431.473504
0.960000, 1396.738914
0.961000, 1362.004325
0.962000, 1327.242850
0.963000, 1292.481375
0.964000, 1257.694388
0.965000, 1222.907401
0.966000, 1188.096275
0.967000, 1153.285148
0.968000, 1118.451257
0.969000, 1083.617366
0.970000, 1048.762085
0.971000, 1013.906804
0.972000, 979.031510
0.973000, 944.156215
0.974000, 909.262284
0.975000, 874.368353
0.976000, 839.457162
0.977000, 804.545972
0.978000, 769.618900
0.979000, 734.691828
0.980000, 699.750254
0.981000, 664.808681
0.982000, 629.853984
0.983000, 594.899287
0.984000, 559.932848
0.985000, 524.966409
0.986000, 489.989607
0.987000, 455.012805
0.988000, 420.027022
0.989000, 385.041238
0.990000, 350.047855
0.991000, 315.054471
0.992000, 280.054868
0.993000, 245.055266
0.994000, 210.050826
0.995000, 175.046386
0.996000, 140.038491
0.997000, 105.030596
0.998000, 70.020628
0.999000, 35.010659
1.000000, 0.000000
