0.000000, 0.000000
0.001000, 2.690027
0.002000, 5.380001
0.003000, 8.069975
0.004000, 10.759789
0.005000, 13.449604
0.006000, 16.139153
0.007000, 18.828702
0.008000, 21.517879
0.009000, 24.207057
0.010000, 26.895756
0.011000, 29.584456
0.012000, 32.272571
0.013000, 34.960687
0.014000, 37.648112
0.015000, 40.335538
0.016000, 43.022167
0.017000, 45.708796
0.018000, 48.394523
0.019000, 51.080251
0.020000, 53.764969
0.021000, 56.449688
0.022000, 59.133293
0.023000, 61.816897
0.024000, 64.499281
0.025000, 67.181666
0.026000, 69.862724
0.027000, 72.543782
0.028000, 75.223408
0.029000, 77.903034
0.030000, 80.581123
0.031000, 83.259211
0.032000, 85.935656
0.033000, 88.612102
0.034000, 91.286797
0.035000, 93.961493
0.036000, 96.634334
0.037000, 99.307176
0.038000, 101.978057
0.039000, 104.648938
0.040000, 107.317753
0.041000, 109.986568
0.042000, 112.653212
0.043000, 115.319857
0.044000, 117.984224
0.045000, 120.648592
0.046000, 123.310579
0.047000, 125.972565
0.048000, 128.632065
0.049000, 131.291565
0.050000, 133.948473
0.051000, 136.605381
0.052000, 139.259593
0.053000, 141.913805
0.054000, 144.565215
0.055000, 147.216626
0.056000, 149.865130
0.057000, 152.513635
0.058000, 155.159129
0.059000, 157.804623
0.060000, 160.447002
0.061000, 163.089381
0.062000, 165.728541
0.063000, 168.367701
0.064000, 171.003538
0.065000, 173.639374
0.066000, 176.271783
0.067000, 178.904192
0.068000, 181.533070
0.069000, 184.161947
0.070000, 186.787190
0.071000, 189.412432
0.072000, 192.033935
0.073000, 194.655439
0.074000, 197.273100
0.075000, 199.890761
0.076000, 202.504477
0.077000, 205.118192
0.078000, 207.727859
0.079000, 210.337526
0.080000, 212.943041
0.081000, 215.548555
0.082000, 218.149815
0.083000, 220.751075
0.084000, 223.347978
0.085000, 225.944881
0.086000, 228.537323
0.087000, 231.129766
0.088000, 233.717646
0.089000, 236.305527
0.090000, 238.888742
0.091000, 241.471958
0.092000, 244.050408
0.093000, 246.628857
0.094000, 249.202438
0.095000, 251.776020
0.096000, 254.344631
0.097000, 256.913242
0.098000, 259.476782
0.099000, 262.040322
0.100000, 264.598690
0.101000, 267.157058
0.102000, 269.710152
0.103000, 272.263246
0.104000, 274.810966
0.105000, 277.358686
0.106000, 279.900931
0.107000, 282.443176
0.108000, 284.979846
0.109000, 287.516516
0.110000, 290.047511
0.111000, 292.578505
0.112000, 295.103725
0.113000, 297.628944
0.114000, 300.148288
0.115000, 302.667633
0.116000, 305.181003
0.117000, 307.694373
0.118000, 310.201669
0.119000, 312.708966
0.120000, 315.210089
0.121000, 317.711213
0.122000, 320.206066
0.123000, 322.700918
0.124000, 325.189401
0.125000, 327.677883
0.126000, 330.159898
0.127000, 332.641912
0.128000, 335.117361
0.129000, 337.592809
0.130000, 340.061594
0.131000, 342.530378
0.132000, 344.992402
0.133000, 347.454425
0.134000, 349.909590
0.135000, 352.364755
0.136000, 354.812965
0.137000, 357.261174
0.138000, 359.702332
0.139000, 362.143489
0.140000, 364.577498
0.141000, 367.011508
0.142000, 369.438272
0.143000, 371.865037
0.144000, 374.284461
0.145000, 376.703886
0.146000, 379.115874
0.147000, 381.527863
0.148000, 383.932320
0.149000, 386.336778
0.150000, 388.733609
0.151000, 391.130441
0.152000, 393.519552
0.153000, 395.908663
0.154000, 398.289959
0.155000, 400.671255
0.156000, 403.044642
0.157000, 405.418029
0.158000, 407.783414
0.159000, 410.148798
0.160000, 412.506087
0.161000, 414.863375
0.162000, 417.212475
0.163000, 419.561574
0.164000, 421.902392
0.165000, 424.243210
0.166000, 426.575653
0.167000, 428.908097
0.168000, 431.232074
0.169000, 433.556051
0.170000, 435.871471
0.171000, 438.186890
0.172000, 440.493660
0.173000, 442.800429
0.174000, 445.098459
0.175000, 447.396488
0.176000, 449.685686
0.177000, 451.974884
0.178000, 454.255161
0.179000, 456.535437
0.180000, 458.806702
0.181000, 461.077967
0.182000, 463.340130
0.183000, 465.602294
0.184000, 467.855267
0.185000, 470.108240
0.186000, 472.351933
0.187000, 474.595627
0.188000, 476.829952
0.189000, 479.064277
0.190000, 481.289146
0.191000, 483.514015
0.192000, 485.729340
0.193000, 487.944665
0.194000, 490.150358
0.195000, 492.356052
0.196000, 494.552026
0.197000, 496.748001
0.198000, 498.934170
0.199000, 501.120339
0.200000, 503.296617
0.201000, 505.472894
0.202000, 507.639194
0.203000, 509.805494
0.204000, 511.961731
0.205000, 514.117968
0.206000, 516.264056
0.207000, 518.410145
0.208000, 520.546000
0.209000, 522.681856
0.210000, 524.807394
0.211000, 526.932932
0.212000, 529.048069
0.213000, 531.163206
0.214000, 533.267859
0.215000, 535.372511
0.216000, 537.466596
0.217000, 539.560680
0.218000, 541.644114
0.219000, 543.727548
0.220000, 545.800250
0.221000, 547.872951
0.222000, 549.934838
0.223000, 551.996725
0.224000, 554.047716
0.225000, 556.098706
0.226000, 558.138720
0.227000, 560.178734
0.228000, 562.207691
0.229000, 564.236647
0.230000, 566.254466
0.231000, 568.272285
0.232000, 570.278887
0.233000, 572.285489
0.234000, 574.280794
0.235000, 576.276100
0.236000, 578.260030
0.237000, 580.243960
0.238000, 582.216437
0.239000, 584.188913
0.240000, 586.149858
0.241000, 588.110804
0.242000, 590.060140
0.243000, 592.009476
0.244000, 593.947127
0.245000, 595.884778
0.246000, 597.810666
0.247000, 599.736555
0.248000, 601.650605
0.249000, 603.564655
0.250000, 605.466791
0.251000, 607.368927
0.252000, 609.259075
0.253000, 611.149222
0.254000, 613.027306
0.255000, 614.905390
0.256000, 616.771336
0.257000, 618.637282
0.258000, 620.491017
0.259000, 622.344751
0.260000, 624.186201
0.261000, 626.027652
0.262000, 627.856744
0.263000, 629.685837
0.264000, 631.502501
0.265000, 633.319164
0.266000, 635.123326
0.267000, 636.927489
0.268000, 638.719079
0.269000, 640.510668
0.270000, 642.289615
0.271000, 644.068562
0.272000, 645.834795
0.273000, 647.601029
0.274000, 649.354479
0.275000, 651.107929
0.276000, 652.848527
0.277000, 654.589125
0.278000, 656.316802
0.279000, 658.044479
0.280000, 659.759167
0.281000, 661.473854
0.282000, 663.175485
0.283000, 664.877116
0.284000, 666.565623
0.285000, 668.254129
0.286000, 669.929445
0.287000, 671.604761
0.288000, 673.266820
0.289000, 674.928879
0.290000, 676.577615
0.291000, 678.226352
0.292000, 679.861701
0.293000, 681.497050
0.294000, 683.118946
0.295000, 684.740843
0.296000, 686.349224
0.297000, 687.957604
0.298000, 689.552405
0.299000, 691.147206
0.300000, 692.728364
0.301000, 694.309522
0.302000, 695.876975
0.303000, 697.444428
0.304000, 698.998114
0.305000, 700.551800
0.306000, 702.091658
0.307000, 703.631516
0.308000, 705.157485
0.309000, 706.683454
0.310000, 708.195473
0.311000, 709.707492
0.312000, 711.205503
0.313000, 712.703513
0.314000, 714.187455
0.315000, 715.671398
0.316000, 717.141213
0.317000, 718.611029
0.318000, 720.066659
0.319000, 721.522290
0.320000, 722.963679
0.321000, 724.405067
0.322000, 725.832157
0.323000, 727.259246
0.324000, 728.671980
0.325000, 730.084714
0.326000, 731.483036
0.327000, 732.881359
0.328000, 734.265215
0.329000, 735.649071
0.330000, 737.018407
0.331000, 738.387742
0.332000, 739.742502
0.333000, 741.097262
0.334000, 742.437393
0.335000, 743.777524
0.336000, 745.102974
0.337000, 746.428424
0.338000, 747.739140
0.339000, 749.049856
0.340000, 750.345786
0.341000, 751.641717
0.342000, 752.922810
0.343000, 754.203904
0.344000, 755.470110
0.345000, 756.736316
0.346000, 757.987585
0.347000, 759.238854
0.348000, 760.475136
0.349000, 761.711419
0.350000, 762.932665
0.351000, 764.153912
0.352000, 765.360075
0.353000, 766.566238
0.354000, 767.757269
0.355000, 768.948301
0.356000, 770.124154
0.357000, 771.300007
0.358000, 772.460636
0.359000, 773.621264
0.360000, 774.766622
0.361000, 775.911979
0.362000, 777.042021
0.363000, 778.172063
0.364000, 779.286745
0.365000, 780.401426
0.366000, 781.500703
0.367000, 782.599980
0.368000, 783.683809
0.369000, 784.767639
0.370000, 785.835977
0.371000, 786.904316
0.372000, 787.957121
0.373000, 789.009927
0.374000, 790.047158
0.375000, 791.084390
0.376000, 792.106006
0.377000, 793.127622
0.378000, 794.133582
0.379000, 795.139542
0.380000, 796.129807
0.381000, 797.120072
0.382000, 798.094603
0.383000, 799.069133
0.384000, 800.027891
0.385000, 800.986648
0.386000, 801.929595
0.387000, 802.872542
0.388000, 803.799641
0.389000, 804.726739
0.390000, 805.637953
0.391000, 806.549168
0.392000, 807.444461
0.393000, 808.339755
0.394000, 809.219092
0.395000, 810.098430
0.396000, 810.961777
0.397000, 811.825124
0.398000, 812.672446
0.399000, 813.519768
0.400000, 814.351032
0.401000, 815.182296
0.402000, 815.997469
0.403000, 816.812642
0.404000, 817.611692
0.405000, 818.410742
0.406000, 819.193637
0.407000, 819.976532
0.408000, 820.743242
0.409000, 821.509951
0.410000, 822.260445
0.411000, 823.010938
0.412000, 823.745187
0.413000, 824.479435
0.414000, 825.197408
0.415000, 825.915382
0.416000, 826.617052
0.417000, 827.318723
0.418000, 828.004063
0.419000, 828.689403
0.420000, 829.358386
0.421000, 830.027368
0.422000, 830.679967
0.423000, 831.332565
0.424000, 831.968754
0.425000, 832.604942
0.426000, 833.224696
0.427000, 833.844450
0.428000, 834.447744
0.429000, 835.051039
0.430000, 835.637850
0.431000, 836.224661
0.432000, 836.794966
0.433000, 837.365271
0.434000, 837.919047
0.435000, 838.472823
0.436000, 839.010048
0.437000, 839.547273
0.438000, 840.067926
0.439000, 840.588580
0.440000, 841.092641
0.441000, 841.596701
0.442000, 842.084150
0.443000, 842.571598
0.444000, 843.042415
0.445000, 843.513232
0.446000, 843.967398
0.447000, 844.421565
0.448000, 844.859063
0.449000, 845.296561
0.450000, 845.717374
0.451000, 846.138187
0.452000, 846.542298
0.453000, 846.946409
0.454000, 847.333802
0.455000, 847.721195
0.456000, 848.091854
0.457000, 848.462514
0.458000, 848.816426
0.459000, 849.170337
0.460000, 849.507487
0.461000, 849.844637
0.462000, 850.165011
0.463000, 850.485386
0.464000, 850.788973
0.465000, 851.092559
0.466000, 851.379346
0.467000, 851.666133
0.468000, 851.936109
0.469000, 852.206085
0.470000, 852.459238
0.471000, 852.712392
0.472000, 852.948714
0.473000, 853.185036
0.474000, 853.404517
0.475000, 853.623998
0.476000, 853.826629
0.477000, 854.029261
0.478000, 854.215034
0.479000, 854.400807
0.480000, 854.569715
0.481000, 854.738624
0.482000, 854.890660
0.483000, 855.042696
0.484000, 855.177855
0.485000, 855.313014
0.486000, 855.431289
0.487000, 855.549564
0.488000, 855.650952
0.489000, 855.752340
0.490000, 855.836835
0.491000, 855.921331
0.492000, 855.988932
0.493000, 856.056532
0.494000, 856.107235
0.495000, 856.157938
0.496000, 856.191741
0.497000, 856.225544
0.498000, 856.242446
0.499000, 856.259348
0.500000, 856.259348
0.501000, 856.259348
0.502000, 856.242446
0.503000, 856.225544
0.504000, 856.191741
0.505000, 856.157938
0.506000, 856.107235
0.507000, 856.056532
0.508000, 855.988932
0.509000, 855.921331
0.510000, 855.836835
0.511000, 855.752340
0.512000, 855.650952
0.513000, 855.549564
0.514000, 855.431289
0.515000, 855.313014
0.516000, 855.177855
0.517000, 855.042696
0.518000, 854.890660
0.519000, 854.738624
0.520000, 854.569715
0.521000, 854.400807
0.522000, 854.215034
0.523000, 854.029261
0.524000, 853.826629
0.525000, 853.623998
0.526000, 853.404517
0.527000, 853.185036
0.528000, 852.948714
0.529000, 852.712392
0.530000, 852.459238
0.531000, 852.206085
0.532000, 851.936109
0.533000, 851.666133
0.534000, 851.379346
0.535000, 851.092559
0.536000, 850.788973
0.537000, 850.485386
0.538000, 850.165011
0.539000, 849.844637
0.540000, 849.507487
0.541000, 849.170337
0.542000, 848.816426
0.543000, 848.462514
0.544000, 848.091854
0.545000, 847.721195
0.546000, 847.333802
0.547000, 846.946409
0.548000, 846.542298
0.549000, 846.138187
0.550000, 845.717374
0.551000, 845.296561
0.552000, 844.859063
0.553000, 844.421565
0.554000, 843.967398
0.555000, 843.513232
0.556000, 843.042415
0.557000, 842.571598
0.558000, 842.084150
0.559000, 841.596701
0.560000, 841.092641
0.561000, 840.588580
0.562000, 840.067926
0.563000, 839.547273
0.564000, 839.010048
0.565000, 838.472823
0.566000, 837.919047
0.567000, 837.365271
0.568000, 836.794966
0.569000, 836.224661
0.570000, 835.637850
0.571000, 835.051039
0.572000, 834.447744
0.573000, 833.844450
0.574000, 833.224696
0.575000, 832.604942
0.576000, 831.968754
0.577000, 831.332565
0.578000, 830.679967
0.579000, 830.027368
0.580000, 829.358386
0.581000, 828.689403
0.582000, 828.004063
0.583000, 827.318723
0.584000, 826.617052
0.585000, 825.915382
0.586000, 825.197408
0.587000, 824.479435
0.588000, 823.745187
0.589000, 823.010938
0.590000, 822.260445
0.591000, 821.509951
0.592000, 820.743242
0.593000, 819.976532
0.594000, 819.193637
0.595000, 818.410742
0.596000, 817.611692
0.597000, 816.812642
0.598000, 815.997469
0.599000, 815.182296
0.600000, 814.351032
0.601000, 813.519768
0.602000, 812.672446
0.603000, 811.825124
0.604000, 810.961777
0.605000, 810.098430
0.606000, 809.219092
0.607000, 808.339755
0.608000, 807.444461
0.609000, 806.549168
0.610000, 805.637953
0.611000, 804.726739
0.612000, 803.799641
0.613000, 802.872542
0.614000, 801.929595
0.615000, 800.986648
0.616000, 800.027891
0.617000, 799.069133
0.618000, 798.094603
0.619000, 797.120072
0.620000, 796.129807
0.621000, 795.139542
0.622000, 794.133582
0.623000, 793.127622
0.624000, 792.106006
0.625000, 791.084390
0.626000, 790.047158
0.627000, 789.009927
0.628000, 787.957121
0.629000, 786.904316
0.630000, 785.835977
0.631000, 784.767639
0.632000, 783.683809
0.633000, 782.599980
0.634000, 781.500703
0.635000, 780.401426
0.636000, 779.286745
0.637000, 778.172063
0.638000, 777.042021
0.639000, 775.911979
0.640000, 774.766622
0.641000, 773.621264
0.642000, 772.460636
0.643000, 771.300007
0.644000, 770.124154
0.645000, 768.948301
0.646000, 767.757269
0.647000, 766.566238
0.648000, 765.360075
0.649000, 764.153912
0.650000, 762.932665
0.651000, 761.711419
0.652000, 760.475136
0.653000, 759.238854
0.654000, 757.987585
0.655000, 756.736316
0.656000, 755.470110
0.657000, 754.203904
0.658000, 752.922810
0.659000, 751.641717
0.660000, 750.345786
0.661000, 749.049856
0.662000, 747.739140
0.663000, 746.428424
0.664000, 745.102974
0.665000, 743.777524
0.666000, 742.437393
0.667000, 741.097262
0.668000, 739.742502
0.669000, 738.387742
0.670000, 737.018407
0.671000, 735.649071
0.672000, 734.265215
0.673000, 732.881359
0.674000, 731.483036
0.675000, 730.084714
0.676000, 728.671980
0.677000, 727.259246
0.678000, 725.832157
0.679000, 724.405067
0.680000, 722.963679
0.681000, 721.522290
0.682000, 720.066659
0.683000, 718.611029
0.684000, 717.141213
0.685000, 715.671398
0.686000, 714.187455
0.687000, 712.703513
0.688000, 711.205503
0.689000, 709.707492
0.690000, 708.195473
0.691000, 706.683454
0.692000, 705.157485
0.693000, 703.631516
0.694000, 702.091658
0.695000, 700.551800
0.696000, 698.998114
0.697000, 697.444428
0.698000, 695.876975
0.699000, 694.309522
0.700000, 692.728364
0.701000, 691.147206
0.702000, 689.552405
0.703000, 687.957604
0.704000, 686.349224
0.705000, 684.740843
0.706000, 683.118946
0.707000, 681.497050
0.708000, 679.861701
0.709000, 678.226352
0.710000, 676.577615
0.711000, 674.928879
0.712000, 673.266820
0.713000, 671.604761
0.714000, 669.929445
0.715000, 668.254129
0.716000, 666.565623
0.717000, 664.877116
0.718000, 663.175485
0.719000, 661.473854
0.720000, 659.759167
0.721000, 658.044479
0.722000, 656.316802
0.723000, 654.589125
0.724000, 652.848527
0.725000, 651.107929
0.726000, 649.354479
0.727000, 647.601029
0.728000, 645.834795
0.729000, 644.068562
0.730000, 642.289615
0.731000, 640.510668
0.732000, 638.719079
0.733000, 636.927489
0.734000, 635.123326
0.735000, 633.319164
0.736000, 631.502501
0.737000, 629.685837
0.738000, 627.856744
0.739000, 626.027652
0.740000, 624.186201
0.741000, 622.344751
0.742000, 620.491017
0.743000, 618.637282
0.744000, 616.771336
0.745000, 614.905390
0.746000, 613.027306
0.747000, 611.149222
0.748000, 609.259075
0.749000, 607.368927
0.750000, 605.466791
0.751000, 603.564655
0.752000, 601.650605
0.753000, 599.736555
0.754000, 597.810666
0.755000, 595.884778
0.756000, 593.947127
0.757000, 592.009476
0.758000, 590.060140
0.759000, 588.110804
0.760000, 586.149858
0.761000, 584.188913
0.762000, 582.216437
0.763000, 580.243960
0.764000, 578.260030
0.765000, 576.276100
0.766000, 574.280794
0.767000, 572.285489
0.768000, 570.278887
0.769000, 568.272285
0.770000, 566.254466
0.771000, 564.236647
0.772000, 562.207691
0.773000, 560.178734
0.774000, 558.138720
0.775000, 556.098706
0.776000, 554.047716
0.777000, 551.996725
0.778000, 549.934838
0.779000, 547.872951
0.780000, 545.800250
0.781000, 543.727548
0.782000, 541.644114
0.783000, 539.560680
0.784000, 537.466596
0.785000, 535.372511
0.786000, 533.267859
0.787000, 531.163206
0.788000, 529.048069
0.789000, 526.932932
0.790000, 524.807394
0.791000, 522.681856
0.792000, 520.546000
0.793000, 518.410145
0.794000, 516.264056
0.795000, 514.117968
0.796000, 511.961731
0.797000, 509.805494
0.798000, 507.639194
0.799000, 505.472894
0.800000, 503.296617
0.801000, 501.120339
0.802000, 498.934170
0.803000, 496.748001
0.804000, 494.552026
0.805000, 492.356052
0.806000, 490.150358
0.807000, 487.944665
0.808000, 485.729340
0.809000, 483.514015
0.810000, 481.289146
0.811000, 479.064277
0.812000, 476.829952
0.813000, 474.595627
0.814000, 472.351933
0.815000, 470.108240
0.816000, 467.855267
0.817000, 465.602294
0.818000, 463.340130
0.819000, 461.077967
0.820000, 458.806702
0.821000, 456.535437
0.822000, 454.255161
0.823000, 451.974884
0.824000, 449.685686
0.825000, 447.396488
0.826000, 445.098459
0.827000, 442.800429
0.828000, 440.493660
0.829000, 438.186890
0.830000, 435.871471
0.831000, 433.556051
0.832000, 431.232074
0.833000, 428.908097
0.834000, 426.575653
0.835000, 424.243210
0.836000, 421.902392
0.837000, 419.561574
0.838000, 417.212475
0.839000, 414.863375
0.840000, 412.506087
0.841000, 410.148798
0.842000, 407.783414
0.843000, 405.418029
0.844000, 403.044642
0.845000, 400.671255
0.846000, 398.289959
0.847000, 395.908663
0.848000, 393.519552
0.849000, 391.130441
0.850000, 388.733609
0.851000, 386.336778
0.852000, 383.932320
0.853000, 381.527863
0.854000, 379.115874
0.855000, 376.703886
0.856000, 374.284461
0.857000, 371.865037
0.858000, 369.438272
0.859000, 367.011508
0.860000, 364.577498
0.861000, 362.143489
0.862000, 359.702332
0.863000, 357.261174
0.864000, 354.812965
0.865000, 352.364755
0.866000, 349.909590
0.867000, 347.454425
0.868000, 344.992402
0.869000, 342.530378
0.870000, 340.061594
0.871000, 337.592809
0.872000, 335.117361
0.873000, 332.641912
0.874000, 330.159898
0.875000, 327.677883
0.876000, 325.189401
0.877000, 322.700918
0.878000, 320.206066
0.879000, 317.711213
0.880000, 315.210089
0.881000, 312.708966
0.882000, 310.201669
0.883000, 307.694373
0.884000, 305.181003
0.885000, 302.667633
0.886000, 300.148288
0.887000, 297.628944
0.888000, 295.103725
0.889000, 292.578505
0.890000, 290.047511
0.891000, 287.516516
0.892000, 284.979846
0.893000, 282.443176
0.894000, 279.900931
0.895000, 277.358686
0.896000, 274.810966
0.897000, 272.263246
0.898000, 269.710152
0.899000, 267.157058
0.900000, 264.598690
0.901000, 262.040322
0.902000, 259.476782
0.903000, 256.913242
0.904000, 254.344631
0.905000, 251.776020
0.906000, 249.202438
0.907000, 246.628857
0.908000, 244.050408
0.909000, 241.471958
0.910000, 238.888742
0.911000, 236.305527
0.912000, 233.717646
0.913000, 231.129766
0.914000, 228.537323
0.915000, 225.944881
0.916000, 223.347978
0.917000, 220.751075
0.918000, 218.149815
0.919000, 215.548555
0.920000, 212.943041
0.921000, 210.337526
0.922000, 207.727859
0.923000, 205.118192
0.924000, 202.504477
0.925000, 199.890761
0.926000, 197.273100
0.927000, 194.655439
0.928000, 192.033935
0.929000, 189.412432
0.930000, 186.787190
0.931000, 184.161947
0.932000, 181.533070
0.933000, 178.904192
0.934000, 176.271783
0.935000, 173.639374
0.936000, 171.003538
0.937000, 168.367701
0.938000, 165.728541
0.939000, 163.089381
0.940000, 160.447002
0.941000, 157.804623
0.942000, 155.159129
0.943000, 152.513635
0.944000, 149.865130
0.945000, 147.216626
0.946000, 144.565215
0.947000, 141.913805
0.948000, 139.259593
0.949000, 136.605381
0.950000, 133.948473
0.951000, 131.291565
0.952000, 128.632065
0.953000, 125.972565
0.954000, 123.310579
0.955000, 120.648592
0.956000, 117.984224
0.957000, 115.319857
0.958000, 112.653212
0.959000, 109.986568
0.960000, 107.317753
0.961000, 104.648938
0.962000, 101.978057
0.963000, 99.307176
0.964000, 96.634334
0.965000, 93.961493
0.966000, 91.286797
0.967000, 88.612102
0.968000, 85.935656
0.969000, 83.259211
0.970000, 80.581123
0.971000, 77.903034
0.972000, 75.223408
0.973000, 72.543782
0.974000, 69.862724
0.975000, 67.181666
0.976000, 64.499281
0.977000, 61.816897
0.978000, 59.133293
0.979000, 56.449688
0.980000, 53.764969
0.981000, 51.080251
0.982000, 48.394523
0.983000, 45.708796
0.984000, 43.022167
0.985000, 40.335538
0.986000, 37.648112
0.987000, 34.960687
0.988000, 32.272571
0.989000, 29.584456
0.990000, 26.895756
0.991000, 24.207057
0.992000, 21.517879
0.993000, 18.828702
0.994000, 16.139153
0.995000, 13.449604
0.996000, 10.759789
0.997000, 8.069975
0.998000, 5.380001
0.999000, 2.690027
1.000000, 0.000000
