0.000000, 0.000000
0.001000, 94028.111722
0.002000, 188054.367409
0.003000, 282080.623096
0.004000, 376101.310754
0.005000, 470121.998411
0.006000, 564133.406262
0.007000, 658144.814114
0.008000, 752143.230750
0.009000, 846141.647387
0.010000, 940123.361911
0.011000, 1034105.076436
0.012000, 1128066.378612
0.013000, 1222027.680788
0.014000, 1315964.861183
0.015000, 1409902.041579
0.016000, 1503811.391715
0.017000, 1597720.741851
0.018000, 1691598.554348
0.019000, 1785476.366845
0.020000, 1879318.935567
0.021000, 1973161.504289
0.022000, 2066965.124492
0.023000, 2160768.744695
0.024000, 2254529.713173
0.025000, 2348290.681651
0.026000, 2442005.296881
0.027000, 2535719.912112
0.028000, 2629384.474402
0.029000, 2723049.036692
0.030000, 2816659.848326
0.031000, 2910270.659960
0.032000, 3003824.025342
0.033000, 3097377.390724
0.034000, 3190869.616529
0.035000, 3284361.842333
0.036000, 3377789.237647
0.037000, 3471216.632960
0.038000, 3564575.509429
0.039000, 3657934.385898
0.040000, 3751221.057874
0.041000, 3844507.729850
0.042000, 3937718.514535
0.043000, 4030929.299220
0.044000, 4124060.516811
0.045000, 4217191.734403
0.046000, 4310239.708240
0.047000, 4403287.682077
0.048000, 4496248.738785
0.049000, 4589209.795493
0.050000, 4682080.265129
0.051000, 4774950.734764
0.052000, 4867726.950961
0.053000, 4960503.167157
0.054000, 5053181.467267
0.055000, 5145859.767378
0.056000, 5238436.492622
0.057000, 5331013.217867
0.058000, 5423484.713474
0.059000, 5515956.209082
0.060000, 5608318.824436
0.061000, 5700681.439790
0.062000, 5792931.528574
0.063000, 5885181.617357
0.064000, 5977315.537694
0.065000, 6069449.458030
0.066000, 6161463.572631
0.067000, 6253477.687232
0.068000, 6345368.363536
0.069000, 6437259.039841
0.070000, 6529022.650164
0.071000, 6620786.260487
0.072000, 6712419.182157
0.073000, 6804052.103827
0.074000, 6895550.719334
0.075000, 6987049.334841
0.076000, 7078410.031976
0.077000, 7169770.729111
0.078000, 7260989.901110
0.079000, 7352209.073109
0.080000, 7443283.118795
0.081000, 7534357.164481
0.082000, 7625282.488408
0.083000, 7716207.812334
0.084000, 7806980.824924
0.085000, 7897753.837515
0.086000, 7988370.955206
0.087000, 8078988.072897
0.088000, 8169445.718280
0.089000, 8259903.363663
0.090000, 8350197.965626
0.091000, 8440492.567588
0.092000, 8530620.561454
0.093000, 8620748.555319
0.094000, 8710706.382989
0.095000, 8800664.210658
0.096000, 8890448.320751
0.097000, 8980232.430843
0.098000, 9069839.278836
0.099000, 9159446.126829
0.100000, 9248872.175196
0.101000, 9338298.223564
0.102000, 9427539.941920
0.103000, 9516781.660276
0.104000, 9605835.525509
0.105000, 9694889.390743
0.106000, 9783751.887160
0.107000, 9872614.383577
0.108000, 9961282.003038
0.109000, 10049949.622500
0.110000, 10138418.864560
0.111000, 10226888.106620
0.112000, 10315155.478664
0.113000, 10403422.850709
0.114000, 10491484.868093
0.115000, 10579546.885477
0.116000, 10667400.071663
0.117000, 10755253.257849
0.118000, 10842894.144544
0.119000, 10930535.031239
0.120000, 11017960.158530
0.121000, 11105385.285822
0.122000, 11192591.202315
0.123000, 11279797.118809
0.124000, 11366780.381764
0.125000, 11453763.644719
0.126000, 11540520.820187
0.127000, 11627277.995654
0.128000, 11713805.658608
0.129000, 11800333.321562
0.130000, 11886628.056039
0.131000, 11972922.790515
0.132000, 12058981.189747
0.133000, 12145039.588979
0.134000, 12230858.255526
0.135000, 12316676.922074
0.136000, 12402252.467964
0.137000, 12487828.013855
0.138000, 12573157.060711
0.139000, 12658486.107567
0.140000, 12743565.286746
0.141000, 12828644.465924
0.142000, 12913470.418643
0.143000, 12998296.371362
0.144000, 13082865.748840
0.145000, 13167435.126317
0.146000, 13251744.589898
0.147000, 13336054.053479
0.148000, 13420100.274771
0.149000, 13504146.496063
0.150000, 13587926.157064
0.151000, 13671705.818065
0.152000, 13755215.611298
0.153000, 13838725.404531
0.154000, 13921962.033173
0.155000, 14005198.661814
0.156000, 14088158.839825
0.157000, 14171119.017835
0.158000, 14253799.470088
0.159000, 14336479.922342
0.160000, 14418877.384755
0.161000, 14501274.847169
0.162000, 14583386.066832
0.163000, 14665497.286495
0.164000, 14747319.021798
0.165000, 14829140.757100
0.166000, 14910669.777860
0.167000, 14992198.798620
0.168000, 15073431.886210
0.169000, 15154664.973801
0.170000, 15235598.921280
0.171000, 15316532.868759
0.172000, 15397164.480992
0.173000, 15477796.093225
0.174000, 15558122.187014
0.175000, 15638448.280803
0.176000, 15718465.685012
0.177000, 15798483.089220
0.178000, 15878188.644899
0.179000, 15957894.200577
0.180000, 16037284.761086
0.181000, 16116675.321594
0.182000, 16195747.752731
0.183000, 16274820.183867
0.184000, 16353571.363986
0.185000, 16432322.544105
0.186000, 16510749.364245
0.187000, 16589176.184386
0.188000, 16667275.548391
0.189000, 16745374.912396
0.190000, 16823143.737037
0.191000, 16900912.561678
0.192000, 16978347.776774
0.193000, 17055782.991870
0.194000, 17132881.540412
0.195000, 17209980.088954
0.196000, 17286738.927224
0.197000, 17363497.765493
0.198000, 17439913.863182
0.199000, 17516329.960871
0.200000, 17592400.301203
0.201000, 17668470.641534
0.202000, 17744192.221382
0.203000, 17819913.801230
0.204000, 17895283.631236
0.205000, 17970653.461242
0.206000, 18045668.565934
0.207000, 18120683.670626
0.208000, 18195341.088536
0.209000, 18269998.506446
0.210000, 18344295.290227
0.211000, 18418592.074008
0.212000, 18492525.290551
0.213000, 18566458.507093
0.214000, 18640025.237640
0.215000, 18713591.968187
0.216000, 18786789.308450
0.217000, 18859986.648713
0.218000, 18932811.708986
0.219000, 19005636.769259
0.220000, 19078086.674534
0.221000, 19150536.579809
0.222000, 19222608.469887
0.223000, 19294680.359965
0.224000, 19366371.389572
0.225000, 19438062.419178
0.226000, 19509369.758075
0.227000, 19580677.096971
0.228000, 19651597.930065
0.229000, 19722518.763159
0.230000, 19793050.290618
0.231000, 19863581.818077
0.232000, 19933721.255437
0.233000, 20003860.692796
0.234000, 20073605.271072
0.235000, 20143349.849348
0.236000, 20212696.815143
0.237000, 20282043.780938
0.238000, 20350990.396553
0.239000, 20419937.012168
0.240000, 20488480.555709
0.241000, 20557024.099250
0.242000, 20625161.864735
0.243000, 20693299.630219
0.244000, 20761028.927686
0.245000, 20828758.225152
0.246000, 20896076.380763
0.247000, 20963394.536375
0.248000, 21030298.892525
0.249000, 21097203.248676
0.250000, 21163691.164096
0.251000, 21230179.079517
0.252000, 21296247.929378
0.253000, 21362316.779240
0.254000, 21427963.955257
0.255000, 21493611.131275
0.256000, 21558834.041810
0.257000, 21624056.952345
0.258000, 21688853.022509
0.259000, 21753649.092673
0.260000, 21818015.764428
0.261000, 21882382.436183
0.262000, 21946317.168443
0.263000, 22010251.900703
0.264000, 22073752.169434
0.265000, 22137252.438166
0.266000, 22200315.736486
0.267000, 22263379.034807
0.268000, 22326002.873086
0.269000, 22388626.711365
0.270000, 22450808.617321
0.271000, 22512990.523276
0.272000, 22574728.042073
0.273000, 22636465.560870
0.274000, 22697756.255216
0.275000, 22759046.949563
0.276000, 22819888.399808
0.277000, 22880729.850052
0.278000, 22941119.654279
0.279000, 23001509.458505
0.280000, 23061445.232627
0.281000, 23121381.006750
0.282000, 23180860.384606
0.283000, 23240339.762462
0.284000, 23299360.395908
0.285000, 23358381.029354
0.286000, 23416940.588357
0.287000, 23475500.147360
0.288000, 23533596.320088
0.289000, 23591692.492816
0.290000, 23649322.985731
0.291000, 23706953.478647
0.292000, 23764116.016598
0.293000, 23821278.554549
0.294000, 23877970.880855
0.295000, 23934663.207161
0.296000, 23990883.083707
0.297000, 24047102.960253
0.298000, 24102848.167574
0.299000, 24158593.374895
0.300000, 24213861.712266
0.301000, 24269130.049637
0.302000, 24323919.335158
0.303000, 24378708.620680
0.304000, 24433016.691364
0.305000, 24487324.762049
0.306000, 24541149.473908
0.307000, 24594974.185766
0.308000, 24648313.413891
0.309000, 24701652.642016
0.310000, 24754504.280665
0.311000, 24807355.919315
0.312000, 24859717.881997
0.313000, 24912079.844679
0.314000, 24963950.064234
0.315000, 25015820.283788
0.316000, 25067196.712467
0.317000, 25118573.141146
0.318000, 25169453.750696
0.319000, 25220334.360245
0.320000, 25270717.141987
0.321000, 25321099.923729
0.322000, 25370982.888637
0.323000, 25420865.853544
0.324000, 25470247.032324
0.325000, 25519628.211103
0.326000, 25568505.654270
0.327000, 25617383.097437
0.328000, 25665754.875393
0.329000, 25714126.653350
0.330000, 25761990.856461
0.331000, 25809855.059572
0.332000, 25857209.798241
0.333000, 25904564.536910
0.334000, 25951407.941653
0.335000, 25998251.346396
0.336000, 26044581.567915
0.337000, 26090911.789435
0.338000, 26136726.998693
0.339000, 26182542.207951
0.340000, 26227840.596242
0.341000, 26273138.984532
0.342000, 26317918.763553
0.343000, 26362698.542574
0.344000, 26406957.944495
0.345000, 26451217.346417
0.346000, 26494954.623954
0.347000, 26538691.901490
0.348000, 26581905.327970
0.349000, 26625118.754450
0.350000, 26667806.623880
0.351000, 26710494.493310
0.352000, 26752655.120446
0.353000, 26794815.747583
0.354000, 26836447.467997
0.355000, 26878079.188411
0.356000, 26919180.358553
0.357000, 26960281.528695
0.358000, 27000850.525961
0.359000, 27041419.523227
0.360000, 27081454.746023
0.361000, 27121489.968819
0.362000, 27160989.836623
0.363000, 27200489.704427
0.364000, 27239452.657851
0.365000, 27278415.611276
0.366000, 27316840.112130
0.367000, 27355264.612984
0.368000, 27393149.144335
0.369000, 27431033.675686
0.370000, 27468376.741916
0.371000, 27505719.808147
0.372000, 27542519.935017
0.373000, 27579320.061887
0.374000, 27615575.796591
0.375000, 27651831.531295
0.376000, 27687541.442519
0.377000, 27723251.353742
0.378000, 27758414.031718
0.379000, 27793576.709695
0.380000, 27828190.766262
0.381000, 27862804.822829
0.382000, 27896868.891484
0.383000, 27930932.960138
0.384000, 27964445.696089
0.385000, 27997958.432040
0.386000, 28030918.512261
0.387000, 28063878.592482
0.388000, 28096284.715766
0.389000, 28128690.839051
0.390000, 28160541.726060
0.391000, 28192392.613069
0.392000, 28223687.006385
0.393000, 28254981.399700
0.394000, 28285718.063873
0.395000, 28316454.728046
0.396000, 28346632.449645
0.397000, 28376810.171245
0.398000, 28406427.758906
0.399000, 28436045.346567
0.400000, 28465101.631038
0.401000, 28494157.915509
0.402000, 28522651.749697
0.403000, 28551145.583886
0.404000, 28579075.842904
0.405000, 28607006.101923
0.406000, 28634371.683133
0.407000, 28661737.264342
0.408000, 28688537.087396
0.409000, 28715336.910451
0.410000, 28741569.917339
0.411000, 28767802.924227
0.412000, 28793468.079314
0.413000, 28819133.234402
0.414000, 28844229.524472
0.415000, 28869325.814543
0.416000, 28893852.248838
0.417000, 28918378.683133
0.418000, 28942334.293391
0.419000, 28966289.903649
0.420000, 28989673.744143
0.421000, 29013057.584638
0.422000, 29035868.732215
0.423000, 29058679.879791
0.424000, 29080917.433906
0.425000, 29103154.988020
0.426000, 29124818.070771
0.427000, 29146481.153522
0.428000, 29167568.909688
0.429000, 29188656.665855
0.430000, 29209168.262928
0.431000, 29229679.860002
0.432000, 29249614.488219
0.433000, 29269549.116437
0.434000, 29288905.988813
0.435000, 29308262.861190
0.436000, 29327041.213550
0.437000, 29345819.565910
0.438000, 29364018.656915
0.439000, 29382217.747921
0.440000, 29399836.859103
0.441000, 29417455.970286
0.442000, 29434494.406072
0.443000, 29451532.841859
0.444000, 29467989.929603
0.445000, 29484447.017346
0.446000, 29500322.107348
0.447000, 29516197.197349
0.448000, 29531489.662888
0.449000, 29546782.128428
0.450000, 29561491.365783
0.451000, 29576200.603139
0.452000, 29590326.031617
0.453000, 29604451.460094
0.454000, 29617992.522045
0.455000, 29631533.583996
0.456000, 29644489.744843
0.457000, 29657445.905689
0.458000, 29669816.653945
0.459000, 29682187.402200
0.460000, 29693972.249488
0.461000, 29705757.096776
0.462000, 29716955.577851
0.463000, 29728154.058926
0.464000, 29738765.731692
0.465000, 29749377.404457
0.466000, 29759401.849982
0.467000, 29769426.295507
0.468000, 29778863.118043
0.469000, 29788299.940580
0.470000, 29797148.767579
0.471000, 29805997.594577
0.472000, 29814258.076702
0.473000, 29822518.558826
0.474000, 29830190.369966
0.475000, 29837862.181106
0.476000, 29844945.018391
0.477000, 29852027.855677
0.478000, 29858521.439491
0.479000, 29865015.023304
0.480000, 29870919.097289
0.481000, 29876823.171275
0.482000, 29882137.502349
0.483000, 29887451.833424
0.484000, 29892176.211787
0.485000, 29896900.590150
0.486000, 29901034.829292
0.487000, 29905169.068433
0.488000, 29908713.005140
0.489000, 29912256.941847
0.490000, 29915210.436211
0.491000, 29918163.930575
0.492000, 29920526.865997
0.493000, 29922889.801419
0.494000, 29924662.084614
0.495000, 29926434.367809
0.496000, 29927615.928811
0.497000, 29928797.489813
0.498000, 29929388.281976
0.499000, 29929979.074139
0.500000, 29929979.074139
0.501000, 29929979.074139
0.502000, 29929388.281976
0.503000, 29928797.489813
0.504000, 29927615.928811
0.505000, 29926434.367809
0.506000, 29924662.084614
0.507000, 29922889.801419
0.508000, 29920526.865997
0.509000, 29918163.930575
0.510000, 29915210.436211
0.511000, 29912256.941847
0.512000, 29908713.005140
0.513000, 29905169.068433
0.514000, 29901034.829292
0.515000, 29896900.590150
0.516000, 29892176.211787
0.517000, 29887451.833424
0.518000, 29882137.502349
0.519000, 29876823.171275
0.520000, 29870919.097289
0.521000, 29865015.023304
0.522000, 29858521.439491
0.523000, 29852027.855677
0.524000, 29844945.018391
0.525000, 29837862.181106
0.526000, 29830190.369966
0.527000, 29822518.558826
0.528000, 29814258.076702
0.529000, 29805997.594577
0.530000, 29797148.767579
0.531000, 29788299.940580
0.532000, 29778863.118043
0.533000, 29769426.295507
0.534000, 29759401.849982
0.535000, 29749377.404457
0.536000, 29738765.731692
0.537000, 29728154.058926
0.538000, 29716955.577851
0.539000, 29705757.096776
0.540000, 29693972.249488
0.541000, 29682187.402200
0.542000, 29669816.653945
0.543000, 29657445.905689
0.544000, 29644489.744843
0.545000, 29631533.583996
0.546000, 29617992.522045
0.547000, 29604451.460094
0.548000, 29590326.031617
0.549000, 29576200.603139
0.550000, 29561491.365783
0.551000, 29546782.128428
0.552000, 29531489.662888
0.553000, 29516197.197349
0.554000, 29500322.107348
0.555000, 29484447.017346
0.556000, 29467989.929603
0.557000, 29451532.841859
0.558000, 29434494.406072
0.559000, 29417455.970286
0.560000, 29399836.859103
0.561000, 29382217.747921
0.562000, 29364018.656915
0.563000, 29345819.565910
0.564000, 29327041.213550
0.565000, 29308262.861190
0.566000, 29288905.988813
0.567000, 29269549.116437
0.568000, 29249614.488219
0.569000, 29229679.860002
0.570000, 29209168.262928
0.571000, 29188656.665855
0.572000, 29167568.909688
0.573000, 29146481.153522
0.574000, 29124818.070771
0.575000, 29103154.988020
0.576000, 29080917.433906
0.577000, 29058679.879791
0.578000, 29035868.732215
0.579000, 29013057.584638
0.580000, 28989673.744143
0.581000, 28966289.903649
0.582000, 28942334.293391
0.583000, 28918378.683133
0.584000, 28893852.248838
0.585000, 28869325.814543
0.586000, 28844229.524472
0.587000, 28819133.234402
0.588000, 28793468.079314
0.589000, 28767802.924227
0.590000, 28741569.917339
0.591000, 28715336.910451
0.592000, 28688537.087396
0.593000, 28661737.264342
0.594000, 28634371.683133
0.595000, 28607006.101923
0.596000, 28579075.842904
0.597000, 28551145.583886
0.598000, 28522651.749697
0.599000, 28494157.915509
0.600000, 28465101.631038
0.601000, 28436045.346567
0.602000, 28406427.758906
0.603000, 28376810.171245
0.604000, 28346632.449645
0.605000, 28316454.728046
0.606000, 28285718.063873
0.607000, 28254981.399700
0.608000, 28223687.006385
0.609000, 28192392.613069
0.610000, 28160541.726060
0.611000, 28128690.839051
0.612000, 28096284.715766
0.613000, 28063878.592482
0.614000, 28030918.512261
0.615000, 27997958.432040
0.616000, 27964445.696089
0.617000, 27930932.960138
0.618000, 27896868.891484
0.619000, 27862804.822829
0.620000, 27828190.766262
0.621000, 27793576.709695
0.622000, 27758414.031718
0.623000, 27723251.353742
0.624000, 27687541.442519
0.625000, 27651831.531295
0.626000, 27615575.796591
0.627000, 27579320.061887
0.628000, 27542519.935017
0.629000, 27505719.808147
0.630000, 27468376.741916
0.631000, 27431033.675686
0.632000, 27393149.144335
0.633000, 27355264.612984
0.634000, 27316840.112130
0.635000, 27278415.611276
0.636000, 27239452.657851
0.637000, 27200489.704427
0.638000, 27160989.836623
0.639000, 27121489.968819
0.640000, 27081454.746023
0.641000, 27041419.523227
0.642000, 27000850.525961
0.643000, 26960281.528695
0.644000, 26919180.358553
0.645000, 26878079.188411
0.646000, 26836447.467997
0.647000, 26794815.747583
0.648000, 26752655.120446
0.649000, 26710494.493310
0.650000, 26667806.623880
0.651000, 26625118.754450
0.652000, 26581905.327970
0.653000, 26538691.901490
0.654000, 26494954.623954
0.655000, 26451217.346417
0.656000, 26406957.944495
0.657000, 26362698.542574
0.658000, 26317918.763553
0.659000, 26273138.984532
0.660000, 26227840.596242
0.661000, 26182542.207951
0.662000, 26136726.998693
0.663000, 26090911.789435
0.664000, 26044581.567915
0.665000, 25998251.346396
0.666000, 25951407.941653
0.667000, 25904564.536910
0.668000, 25857209.798241
0.669000, 25809855.059572
0.670000, 25761990.856461
0.671000, 25714126.653350
0.672000, 25665754.875393
0.673000, 25617383.097437
0.674000, 25568505.654270
0.675000, 25519628.211103
0.676000, 25470247.032324
0.677000, 25420865.853544
0.678000, 25370982.888637
0.679000, 25321099.923729
0.680000, 25270717.141987
0.681000, 25220334.360245
0.682000, 25169453.750696
0.683000, 25118573.141146
0.684000, 25067196.712467
0.685000, 25015820.283788
0.686000, 24963950.064234
0.687000, 24912079.844679
0.688000, 24859717.881997
0.689000, 24807355.919315
0.690000, 24754504.280665
0.691000, 24701652.642016
0.692000, 24648313.413891
0.693000, 24594974.185766
0.694000, 24541149.473908
0.695000, 24487324.762049
0.696000, 24433016.691364
0.697000, 24378708.620680
0.698000, 24323919.335158
0.699000, 24269130.049637
0.700000, 24213861.712266
0.701000, 24158593.374895
0.702000, 24102848.167574
0.703000, 24047102.960253
0.704000, 23990883.083707
0.705000, 23934663.207161
0.706000, 23877970.880855
0.707000, 23821278.554549
0.708000, 23764116.016598
0.709000, 23706953.478647
0.710000, 23649322.985731
0.711000, 23591692.492816
0.712000, 23533596.320088
0.713000, 23475500.147360
0.714000, 23416940.588357
0.715000, 23358381.029354
0.716000, 23299360.395908
0.717000, 23240339.762462
0.718000, 23180860.384606
0.719000, 23121381.006750
0.720000, 23061445.232627
0.721000, 23001509.458505
0.722000, 22941119.654279
0.723000, 22880729.850052
0.724000, 22819888.399808
0.725000, 22759046.949563
0.726000, 22697756.255216
0.727000, 22636465.560870
0.728000, 22574728.042073
0.729000, 22512990.523276
0.730000, 22450808.617321
0.731000, 22388626.711365
0.732000, 22326002.873086
0.733000, 22263379.034807
0.734000, 22200315.736486
0.735000, 22137252.438166
0.736000, 22073752.169434
0.737000, 22010251.900703
0.738000, 21946317.168443
0.739000, 21882382.436183
0.740000, 21818015.764428
0.741000, 21753649.092673
0.742000, 21688853.022509
0.743000, 21624056.952345
0.744000, 21558834.041810
0.745000, 21493611.131275
0.746000, 21427963.955257
0.747000, 21362316.779240
0.748000, 21296247.929378
0.749000, 21230179.079517
0.750000, 21163691.164096
0.751000, 21097203.248676
0.752000, 21030298.892525
0.753000, 20963394.536375
0.754000, 20896076.380763
0.755000, 20828758.225152
0.756000, 20761028.927686
0.757000, 20693299.630219
0.758000, 20625161.864735
0.759000, 20557024.099250
0.760000, 20488480.555709
0.761000, 20419937.012168
0.762000, 20350990.396553
0.763000, 20282043.780938
0.764000, 20212696.815143
0.765000, 20143349.849348
0.766000, 20073605.271072
0.767000, 20003860.692796
0.768000, 19933721.255437
0.769000, 19863581.818077
0.770000, 19793050.290618
0.771000, 19722518.763159
0.772000, 19651597.930065
0.773000, 19580677.096971
0.774000, 19509369.758075
0.775000, 19438062.419178
0.776000, 19366371.389572
0.777000, 19294680.359965
0.778000, 19222608.469887
0.779000, 19150536.579809
0.780000, 19078086.674534
0.781000, 19005636.769259
0.782000, 18932811.708986
0.783000, 18859986.648713
0.784000, 18786789.308450
0.785000, 18713591.968187
0.786000, 18640025.237640
0.787000, 18566458.507093
0.788000, 18492525.290551
0.789000, 18418592.074008
0.790000, 18344295.290227
0.791000, 18269998.506446
0.792000, 18195341.088536
0.793000, 18120683.670626
0.794000, 18045668.565934
0.795000, 17970653.461242
0.796000, 17895283.631236
0.797000, 17819913.801230
0.798000, 17744192.221382
0.799000, 17668470.641534
0.800000, 17592400.301203
0.801000, 17516329.960871
0.802000, 17439913.863182
0.803000, 17363497.765493
0.804000, 17286738.927224
0.805000, 17209980.088954
0.806000, 17132881.540412
0.807000, 17055782.991870
0.808000, 16978347.776774
0.809000, 16900912.561678
0.810000, 16823143.737037
0.811000, 16745374.912396
0.812000, 16667275.548391
0.813000, 16589176.184386
0.814000, 16510749.364245
0.815000, 16432322.544105
0.816000, 16353571.363986
0.817000, 16274820.183867
0.818000, 16195747.752731
0.819000, 16116675.321594
0.820000, 16037284.761086
0.821000, 15957894.200577
0.822000, 15878188.644899
0.823000, 15798483.089220
0.824000, 15718465.685012
0.825000, 15638448.280803
0.826000, 15558122.187014
0.827000, 15477796.093225
0.828000, 15397164.480992
0.829000, 15316532.868759
0.830000, 15235598.921280
0.831000, 15154664.973801
0.832000, 15073431.886210
0.833000, 14992198.798620
0.834000, 14910669.777860
0.835000, 14829140.757100
0.836000, 14747319.021798
0.837000, 14665497.286495
0.838000, 14583386.066832
0.839000, 14501274.847169
0.840000, 14418877.384755
0.841000, 14336479.922342
0.842000, 14253799.470088
0.843000, 14171119.017835
0.844000, 14088158.839825
0.845000, 14005198.661814
0.846000, 13921962.033173
0.847000, 13838725.404531
0.848000, 13755215.611298
0.849000, 13671705.818065
0.850000, 13587926.157064
0.851000, 13504146.496063
0.852000, 13420100.274771
0.853000, 13336054.053479
0.854000, 13251744.589898
0.855000, 13167435.126317
0.856000, 13082865.748840
0.857000, 12998296.371362
0.858000, 12913470.418643
0.859000, 12828644.465924
0.860000, 12743565.286746
0.861000, 12658486.107567
0.862000, 12573157.060711
0.863000, 12487828.013855
0.864000, 12402252.467964
0.865000, 12316676.922074
0.866000, 12230858.255526
0.867000, 12145039.588979
0.868000, 12058981.189747
0.869000, 11972922.790515
0.870000, 11886628.056039
0.871000, 11800333.321562
0.872000, 11713805.658608
0.873000, 11627277.995654
0.874000, 11540520.820187
0.875000, 11453763.644719
0.876000, 11366780.381764
0.877000, 11279797.118809
0.878000, 11192591.202315
0.879000, 11105385.285822
0.880000, 11017960.158530
0.881000, 10930535.031239
0.882000, 10842894.144544
0.883000, 10755253.257849
0.884000, 10667400.071663
0.885000, 10579546.885477
0.886000, 10491484.868093
0.887000, 10403422.850709
0.888000, 10315155.478664
0.889000, 10226888.106620
0.890000, 10138418.864560
0.891000, 10049949.622500
0.892000, 9961282.003038
0.893000, 9872614.383577
0.894000, 9783751.887160
0.895000, 9694889.390743
0.896000, 9605835.525509
0.897000, 9516781.660276
0.898000, 9427539.941920
0.899000, 9338298.223564
0.900000, 9248872.175196
0.901000, 9159446.126829
0.902000, 9069839.278836
0.903000, 8980232.430843
0.904000, 8890448.320751
0.905000, 8800664.210658
0.906000, 8710706.382989
0.907000, 8620748.555319
0.908000, 8530620.561454
0.909000, 8440492.567588
0.910000, 8350197.965626
0.911000, 8259903.363663
0.912000, 8169445.718280
0.913000, 8078988.072897
0.914000, 7988370.955206
0.915000, 7897753.837515
0.916000, 7806980.824924
0.917000, 7716207.812334
0.918000, 7625282.488408
0.919000, 7534357.164481
0.920000, 7443283.118795
0.921000, 7352209.073109
0.922000, 7260989.901110
0.923000, 7169770.729111
0.924000, 7078410.031976
0.925000, 6987049.334841
0.926000, 6895550.719334
0.927000, 6804052.103827
0.928000, 6712419.182157
0.929000, 6620786.260487
0.930000, 6529022.650164
0.931000, 6437259.039841
0.932000, 6345368.363536
0.933000, 6253477.687232
0.934000, 6161463.572631
0.935000, 6069449.458030
0.936000, 5977315.537694
0.937000, 5885181.617357
0.938000, 5792931.528574
0.939000, 5700681.439790
0.940000, 5608318.824436
0.941000, 5515956.209082
0.942000, 5423484.713474
0.943000, 5331013.217867
0.944000, 5238436.492622
0.945000, 5145859.767378
0.946000, 5053181.467267
0.947000, 4960503.167157
0.948000, 4867726.950961
0.949000, 4774950.734764
0.950000, 4682080.265129
0.951000, 4589209.795493
0.952000, 4496248.738785
0.953000, 4403287.682077
0.954000, 4310239.708240
0.955000, 4217191.734403
0.956000, 4124060.516811
0.957000, 4030929.299220
0.958000, 3937718.514535
0.959000, 3844507.729850
0.960000, 3751221.057874
0.961000, 3657934.385898
0.962000, 3564575.509429
0.963000, 3471216.632960
0.964000, 3377789.237647
0.965000, 3284361.842333
0.966000, 3190869.616529
0.967000, 3097377.390724
0.968000, 3003824.025342
0.969000, 2910270.659960
0.970000, 2816659.848326
0.971000, 2723049.036692
0.972000, 2629384.474402
0.973000, 2535719.912112
0.974000, 2442005.296881
0.975000, 2348290.681651
0.976000, 2254529.713173
0.977000, 2160768.744695
0.978000, 2066965.124492
0.979000, 1973161.504289
0.980000, 1879318.935567
0.981000, 1785476.366845
0.982000, 1691598.554348
0.983000, 1597720.741851
0.984000, 1503811.391715
0.985000, 1409902.041579
0.986000, 1315964.861183
0.987000, 1222027.680788
0.988000, 1128066.378612
0.989000, 1034105.076436
0.990000, 940123.361911
0.991000, 846141.647387
0.992000, 752143.230750
0.993000, 658144.814114
0.994000, 564133.406262
0.995000, 470121.998411
0.996000, 376101.310754
0.997000, 282080.623096
0.998000, 188054.367409
0.999000, 94028.111722
1.000000, 0.000000
