0.000000, 0.000000
0.001000, 676.233722
0.002000, 1352.454096
0.003000, 2028.674471
0.004000, 2704.854800
0.005000, 3381.035130
0.006000, 4057.148721
0.007000, 4733.262312
0.008000, 5409.282473
0.009000, 6085.302633
0.010000, 6761.202675
0.011000, 7437.102717
0.012000, 8112.855957
0.013000, 8788.609196
0.014000, 9464.188957
0.015000, 10139.768717
0.016000, 10815.148327
0.017000, 11490.527936
0.018000, 12165.680733
0.019000, 12840.833530
0.020000, 13515.732859
0.021000, 14190.632189
0.022000, 14865.251408
0.023000, 15539.870626
0.024000, 16214.183101
0.025000, 16888.495576
0.026000, 17562.474686
0.027000, 18236.453797
0.028000, 18910.072935
0.029000, 19583.692074
0.030000, 20256.924647
0.031000, 20930.157220
0.032000, 21602.976650
0.033000, 22275.796080
0.034000, 22948.175804
0.035000, 23620.555529
0.036000, 24292.469004
0.037000, 24964.382479
0.038000, 25635.803179
0.039000, 26307.223878
0.040000, 26978.125296
0.041000, 27649.026713
0.042000, 28319.382363
0.043000, 28989.738012
0.044000, 29659.521429
0.045000, 30329.304845
0.046000, 30998.489588
0.047000, 31667.674330
0.048000, 32336.233979
0.049000, 33004.793629
0.050000, 33672.701792
0.051000, 34340.609955
0.052000, 35007.840264
0.053000, 35675.070573
0.054000, 36341.596686
0.055000, 37008.122800
0.056000, 37673.918405
0.057000, 38339.714009
0.058000, 39004.752821
0.059000, 39669.791633
0.060000, 40334.047397
0.061000, 40998.303161
0.062000, 41661.749653
0.063000, 42325.196146
0.064000, 42987.807175
0.065000, 43650.418205
0.066000, 44312.167612
0.067000, 44973.917020
0.068000, 45634.778681
0.069000, 46295.640342
0.070000, 46955.588167
0.071000, 47615.535991
0.072000, 48274.543926
0.073000, 48933.551861
0.074000, 49591.593889
0.075000, 50249.635917
0.076000, 50906.686061
0.077000, 51563.736204
0.078000, 52219.768524
0.079000, 52875.800843
0.080000, 53530.789440
0.081000, 54185.778036
0.082000, 54839.697052
0.083000, 55493.616067
0.084000, 56146.439687
0.085000, 56799.263306
0.086000, 57450.965756
0.087000, 58102.668206
0.088000, 58753.223760
0.089000, 59403.779313
0.090000, 60053.162287
0.091000, 60702.545260
0.092000, 61350.730018
0.093000, 61998.914775
0.094000, 62645.875727
0.095000, 63292.836679
0.096000, 63938.548284
0.097000, 64584.259889
0.098000, 65228.696657
0.099000, 65873.133424
0.100000, 66516.269913
0.101000, 67159.406401
0.102000, 67801.217220
0.103000, 68443.028039
0.104000, 69083.487851
0.105000, 69723.947663
0.106000, 70363.031184
0.107000, 71002.114706
0.108000, 71639.796706
0.109000, 72277.478706
0.110000, 72913.734011
0.111000, 73549.989315
0.112000, 74184.792806
0.113000, 74819.596297
0.114000, 75452.922913
0.115000, 76086.249529
0.116000, 76718.074268
0.117000, 77349.899007
0.118000, 77980.196925
0.119000, 78610.494842
0.120000, 79239.241056
0.121000, 79867.987270
0.122000, 80495.156959
0.123000, 81122.326647
0.124000, 81747.895050
0.125000, 82373.463453
0.126000, 82997.405875
0.127000, 83621.348296
0.128000, 84243.640104
0.129000, 84865.931911
0.130000, 85486.548538
0.131000, 86107.165165
0.132000, 86726.082110
0.133000, 87344.999055
0.134000, 87962.191884
0.135000, 88579.384714
0.136000, 89194.829062
0.137000, 89810.273410
0.138000, 90423.944981
0.139000, 91037.616551
0.140000, 91649.491117
0.141000, 92261.365683
0.142000, 92871.419088
0.143000, 93481.472493
0.144000, 94089.680655
0.145000, 94697.888816
0.146000, 95304.227722
0.147000, 95910.566628
0.148000, 96515.012341
0.149000, 97119.458055
0.150000, 97721.986713
0.151000, 98324.515372
0.152000, 98925.103188
0.153000, 99525.691005
0.154000, 100124.314270
0.155000, 100722.937535
0.156000, 101319.572615
0.157000, 101916.207695
0.158000, 102510.831037
0.159000, 103105.454378
0.160000, 103698.042506
0.161000, 104290.630635
0.162000, 104881.160155
0.163000, 105471.689675
0.164000, 106060.137275
0.165000, 106648.584875
0.166000, 107234.927322
0.167000, 107821.269770
0.168000, 108405.483918
0.169000, 108989.698067
0.170000, 109571.760852
0.171000, 110153.823636
0.172000, 110733.712079
0.173000, 111313.600522
0.174000, 111891.291730
0.175000, 112468.982937
0.176000, 113044.454103
0.177000, 113619.925269
0.178000, 114193.153675
0.179000, 114766.382082
0.180000, 115337.345097
0.181000, 115908.308113
0.182000, 116476.983199
0.183000, 117045.658284
0.184000, 117612.022988
0.185000, 118178.387692
0.186000, 118742.419656
0.187000, 119306.451620
0.188000, 119868.128576
0.189000, 120429.805533
0.190000, 120989.105309
0.191000, 121548.405084
0.192000, 122105.305598
0.193000, 122662.206112
0.194000, 123216.685379
0.195000, 123771.164646
0.196000, 124323.200776
0.197000, 124875.236907
0.198000, 125424.808106
0.199000, 125974.379306
0.200000, 126521.463880
0.201000, 127068.548454
0.202000, 127613.124803
0.203000, 128157.701152
0.204000, 128699.747778
0.205000, 129241.794404
0.206000, 129781.289907
0.207000, 130320.785411
0.208000, 130857.708494
0.209000, 131394.631576
0.210000, 131928.961042
0.211000, 132463.290507
0.212000, 132995.005260
0.213000, 133526.720014
0.214000, 134055.799064
0.215000, 134584.878114
0.216000, 135111.300574
0.217000, 135637.723034
0.218000, 136161.468121
0.219000, 136685.213208
0.220000, 137206.260247
0.221000, 137727.307285
0.222000, 138245.635704
0.223000, 138763.964123
0.224000, 139279.553461
0.225000, 139795.142798
0.226000, 140307.972699
0.227000, 140820.802600
0.228000, 141330.852818
0.229000, 141840.903037
0.230000, 142348.153438
0.231000, 142855.403839
0.232000, 143359.834396
0.233000, 143864.264954
0.234000, 144365.855754
0.235000, 144867.446554
0.236000, 145366.177794
0.237000, 145864.909035
0.238000, 146360.761027
0.239000, 146856.613019
0.240000, 147349.566188
0.241000, 147842.519356
0.242000, 148332.554240
0.243000, 148822.589124
0.244000, 149309.686377
0.245000, 149796.783630
0.246000, 150280.924023
0.247000, 150765.064416
0.248000, 151246.228835
0.249000, 151727.393255
0.250000, 152205.562706
0.251000, 152683.732156
0.252000, 153158.887761
0.253000, 153634.043365
0.254000, 154106.166366
0.255000, 154578.289366
0.256000, 155047.361123
0.257000, 155516.432880
0.258000, 155982.434875
0.259000, 156448.436871
0.260000, 156911.350709
0.261000, 157374.264546
0.262000, 157834.071951
0.263000, 158293.879355
0.264000, 158750.562174
0.265000, 159207.244992
0.266000, 159660.785196
0.267000, 160114.325400
0.268000, 160564.705085
0.269000, 161015.084769
0.270000, 161462.286153
0.271000, 161909.487537
0.272000, 162353.492967
0.273000, 162797.498397
0.274000, 163238.290343
0.275000, 163679.082290
0.276000, 164116.643351
0.277000, 164554.204413
0.278000, 164988.517315
0.279000, 165422.830217
0.280000, 165853.877815
0.281000, 166284.925412
0.282000, 166712.690687
0.283000, 167140.455962
0.284000, 167564.922028
0.285000, 167989.388094
0.286000, 168410.538193
0.287000, 168831.688292
0.288000, 169249.505798
0.289000, 169667.323304
0.290000, 170081.791722
0.291000, 170496.260141
0.292000, 170907.363109
0.293000, 171318.466077
0.294000, 171726.187365
0.295000, 172133.908654
0.296000, 172538.232166
0.297000, 172942.555678
0.298000, 173343.465453
0.299000, 173744.375227
0.300000, 174141.855436
0.301000, 174539.335645
0.302000, 174933.370597
0.303000, 175327.405549
0.304000, 175717.979688
0.305000, 176108.553827
0.306000, 176495.651735
0.307000, 176882.749642
0.308000, 177266.356035
0.309000, 177649.962428
0.310000, 178030.062163
0.311000, 178410.161898
0.312000, 178786.739969
0.313000, 179163.318040
0.314000, 179536.359580
0.315000, 179909.401121
0.316000, 180278.891404
0.317000, 180648.381687
0.318000, 181014.306125
0.319000, 181380.230564
0.320000, 181742.574712
0.321000, 182104.918860
0.322000, 182463.668413
0.323000, 182822.417966
0.324000, 183177.558761
0.325000, 183532.699556
0.326000, 183884.217572
0.327000, 184235.735589
0.328000, 184583.616950
0.329000, 184931.498310
0.330000, 185275.729282
0.331000, 185619.960253
0.332000, 185960.527245
0.333000, 186301.094238
0.334000, 186637.983806
0.335000, 186974.873374
0.336000, 187308.072218
0.337000, 187641.271063
0.338000, 187970.766029
0.339000, 188300.260995
0.340000, 188626.039076
0.341000, 188951.817156
0.342000, 189273.865489
0.343000, 189595.913822
0.344000, 189914.219694
0.345000, 190232.525567
0.346000, 190547.076412
0.347000, 190861.627257
0.348000, 191172.410656
0.349000, 191483.194056
0.350000, 191790.197742
0.351000, 192097.201427
0.352000, 192400.413279
0.353000, 192703.625130
0.354000, 193003.033177
0.355000, 193302.441223
0.356000, 193598.033645
0.357000, 193893.626067
0.358000, 194185.391195
0.359000, 194477.156323
0.360000, 194765.082638
0.361000, 195053.008953
0.362000, 195337.085089
0.363000, 195621.161225
0.364000, 195901.375967
0.365000, 196181.590708
0.366000, 196457.932993
0.367000, 196734.275278
0.368000, 197006.734197
0.369000, 197279.193116
0.370000, 197547.757912
0.371000, 197816.322708
0.372000, 198080.982780
0.373000, 198345.642852
0.374000, 198606.387750
0.375000, 198867.132648
0.376000, 199123.952080
0.377000, 199380.771511
0.378000, 199633.655337
0.379000, 199886.539163
0.380000, 200135.477399
0.381000, 200384.415636
0.382000, 200629.398455
0.383000, 200874.381275
0.384000, 201115.399007
0.385000, 201356.416738
0.386000, 201593.459866
0.387000, 201830.502994
0.388000, 202063.562161
0.389000, 202296.621328
0.390000, 202525.687333
0.391000, 202754.753337
0.392000, 202979.817137
0.393000, 203204.880936
0.394000, 203425.933646
0.395000, 203646.986355
0.396000, 203864.019247
0.397000, 204081.052138
0.398000, 204294.056645
0.399000, 204507.061152
0.400000, 204716.028864
0.401000, 204924.996577
0.402000, 205129.919245
0.403000, 205334.841913
0.404000, 205535.711448
0.405000, 205736.580982
0.406000, 205933.389453
0.407000, 206130.197923
0.408000, 206322.937560
0.409000, 206515.677197
0.410000, 206704.340391
0.411000, 206893.003585
0.412000, 207077.582888
0.413000, 207262.162192
0.414000, 207442.650317
0.415000, 207623.138443
0.416000, 207799.528266
0.417000, 207975.918089
0.418000, 208148.202645
0.419000, 208320.487201
0.420000, 208488.659689
0.421000, 208656.832177
0.422000, 208820.885958
0.423000, 208984.939739
0.424000, 209144.868336
0.425000, 209304.796933
0.426000, 209460.594033
0.427000, 209616.391132
0.428000, 209768.050584
0.429000, 209919.710035
0.430000, 210067.225851
0.431000, 210214.741668
0.432000, 210358.108025
0.433000, 210501.474382
0.434000, 210640.685620
0.435000, 210779.896858
0.436000, 210914.947482
0.437000, 211049.998105
0.438000, 211180.882783
0.439000, 211311.767460
0.440000, 211438.481024
0.441000, 211565.194588
0.442000, 211687.732036
0.443000, 211810.269484
0.444000, 211928.625978
0.445000, 212046.982473
0.446000, 212161.153342
0.447000, 212275.324211
0.448000, 212385.304946
0.449000, 212495.285682
0.450000, 212601.071942
0.451000, 212706.858203
0.452000, 212808.445812
0.453000, 212910.033422
0.454000, 213007.418369
0.455000, 213104.803317
0.456000, 213197.981758
0.457000, 213291.160199
0.458000, 213380.128455
0.459000, 213469.096712
0.460000, 213553.851271
0.461000, 213638.605830
0.462000, 213719.143346
0.463000, 213799.680862
0.464000, 213875.998155
0.465000, 213952.315448
0.466000, 214024.409506
0.467000, 214096.503563
0.468000, 214164.371539
0.469000, 214232.239515
0.470000, 214295.878730
0.471000, 214359.517945
0.472000, 214418.925887
0.473000, 214478.333829
0.474000, 214533.508152
0.475000, 214588.682475
0.476000, 214639.621001
0.477000, 214690.559527
0.478000, 214737.260245
0.479000, 214783.960963
0.480000, 214826.422030
0.481000, 214868.883097
0.482000, 214907.102836
0.483000, 214945.322575
0.484000, 214979.299477
0.485000, 215013.276379
0.486000, 215043.009104
0.487000, 215072.741828
0.488000, 215098.229201
0.489000, 215123.716573
0.490000, 215144.957588
0.491000, 215166.198602
0.492000, 215183.192420
0.493000, 215200.186238
0.494000, 215212.932189
0.495000, 215225.678139
0.496000, 215234.175719
0.497000, 215242.673299
0.498000, 215246.922173
0.499000, 215251.171047
0.500000, 215251.171047
0.501000, 215251.171047
0.502000, 215246.922173
0.503000, 215242.673299
0.504000, 215234.175719
0.505000, 215225.678139
0.506000, 215212.932189
0.507000, 215200.186238
0.508000, 215183.192420
0.509000, 215166.198602
0.510000, 215144.957588
0.511000, 215123.716573
0.512000, 215098.229201
0.513000, 215072.741828
0.514000, 215043.009104
0.515000, 215013.276379
0.516000, 214979.299477
0.517000, 214945.322575
0.518000, 214907.102836
0.519000, 214868.883097
0.520000, 214826.422030
0.521000, 214783.960963
0.522000, 214737.260245
0.523000, 214690.559527
0.524000, 214639.621001
0.525000, 214588.682475
0.526000, 214533.508152
0.527000, 214478.333829
0.528000, 214418.925887
0.529000, 214359.517945
0.530000, 214295.878730
0.531000, 214232.239515
0.532000, 214164.371539
0.533000, 214096.503563
0.534000, 214024.409506
0.535000, 213952.315448
0.536000, 213875.998155
0.537000, 213799.680862
0.538000, 213719.143346
0.539000, 213638.605830
0.540000, 213553.851271
0.541000, 213469.096712
0.542000, 213380.128455
0.543000, 213291.160199
0.544000, 213197.981758
0.545000, 213104.803317
0.546000, 213007.418369
0.547000, 212910.033422
0.548000, 212808.445812
0.549000, 212706.858203
0.550000, 212601.071942
0.551000, 212495.285682
0.552000, 212385.304946
0.553000, 212275.324211
0.554000, 212161.153342
0.555000, 212046.982473
0.556000, 211928.625978
0.557000, 211810.269484
0.558000, 211687.732036
0.559000, 211565.194588
0.560000, 211438.481024
0.561000, 211311.767460
0.562000, 211180.882783
0.563000, 211049.998105
0.564000, 210914.947482
0.565000, 210779.896858
0.566000, 210640.685620
0.567000, 210501.474382
0.568000, 210358.108025
0.569000, 210214.741668
0.570000, 210067.225851
0.571000, 209919.710035
0.572000, 209768.050584
0.573000, 209616.391132
0.574000, 209460.594033
0.575000, 209304.796933
0.576000, 209144.868336
0.577000, 208984.939739
0.578000, 208820.885958
0.579000, 208656.832177
0.580000, 208488.659689
0.581000, 208320.487201
0.582000, 208148.202645
0.583000, 207975.918089
0.584000, 207799.528266
0.585000, 207623.138443
0.586000, 207442.650317
0.587000, 207262.162192
0.588000, 207077.582888
0.589000, 206893.003585
0.590000, 206704.340391
0.591000, 206515.677197
0.592000, 206322.937560
0.593000, 206130.197923
0.594000, 205933.389453
0.595000, 205736.580982
0.596000, 205535.711448
0.597000, 205334.841913
0.598000, 205129.919245
0.599000, 204924.996577
0.600000, 204716.028864
0.601000, 204507.061152
0.602000, 204294.056645
0.603000, 204081.052138
0.604000, 203864.019247
0.605000, 203646.986355
0.606000, 203425.933646
0.607000, 203204.880936
0.608000, 202979.817137
0.609000, 202754.753337
0.610000, 202525.687333
0.611000, 202296.621328
0.612000, 202063.562161
0.613000, 201830.502994
0.614000, 201593.459866
0.615000, 201356.416738
0.616000, 201115.399007
0.617000, 200874.381275
0.618000, 200629.398455
0.619000, 200384.415636
0.620000, 200135.477399
0.621000, 199886.539163
0.622000, 199633.655337
0.623000, 199380.771511
0.624000, 199123.952080
0.625000, 198867.132648
0.626000, 198606.387750
0.627000, 198345.642852
0.628000, 198080.982780
0.629000, 197816.322708
0.630000, 197547.757912
0.631000, 197279.193116
0.632000, 197006.734197
0.633000, 196734.275278
0.634000, 196457.932993
0.635000, 196181.590708
0.636000, 195901.375967
0.637000, 195621.161225
0.638000, 195337.085089
0.639000, 195053.008953
0.640000, 194765.082638
0.641000, 194477.156323
0.642000, 194185.391195
0.643000, 193893.626067
0.644000, 193598.033645
0.645000, 193302.441223
0.646000, 193003.033177
0.647000, 192703.625130
0.648000, 192400.413279
0.649000, 192097.201427
0.650000, 191790.197742
0.651000, 191483.194056
0.652000, 191172.410656
0.653000, 190861.627257
0.654000, 190547.076412
0.655000, 190232.525567
0.656000, 189914.219694
0.657000, 189595.913822
0.658000, 189273.865489
0.659000, 188951.817156
0.660000, 188626.039076
0.661000, 188300.260995
0.662000, 187970.766029
0.663000, 187641.271063
0.664000, 187308.072218
0.665000, 186974.873374
0.666000, 186637.983806
0.667000, 186301.094238
0.668000, 185960.527245
0.669000, 185619.960253
0.670000, 185275.729282
0.671000, 184931.498310
0.672000, 184583.616950
0.673000, 184235.735589
0.674000, 183884.217572
0.675000, 183532.699556
0.676000, 183177.558761
0.677000, 182822.417966
0.678000, 182463.668413
0.679000, 182104.918860
0.680000, 181742.574712
0.681000, 181380.230564
0.682000, 181014.306125
0.683000, 180648.381687
0.684000, 180278.891404
0.685000, 179909.401121
0.686000, 179536.359580
0.687000, 179163.318040
0.688000, 178786.739969
0.689000, 178410.161898
0.690000, 178030.062163
0.691000, 177649.962428
0.692000, 177266.356035
0.693000, 176882.749642
0.694000, 176495.651735
0.695000, 176108.553827
0.696000, 175717.979688
0.697000, 175327.405549
0.698000, 174933.370597
0.699000, 174539.335645
0.700000, 174141.855436
0.701000, 173744.375227
0.702000, 173343.465453
0.703000, 172942.555678
0.704000, 172538.232166
0.705000, 172133.908654
0.706000, 171726.187365
0.707000, 171318.466077
0.708000, 170907.363109
0.709000, 170496.260141
0.710000, 170081.791722
0.711000, 169667.323304
0.712000, 169249.505798
0.713000, 168831.688292
0.714000, 168410.538193
0.715000, 167989.388094
0.716000, 167564.922028
0.717000, 167140.455962
0.718000, 166712.690687
0.719000, 166284.925412
0.720000, 165853.877815
0.721000, 165422.830217
0.722000, 164988.517315
0.723000, 164554.204413
0.724000, 164116.643351
0.725000, 163679.082290
0.726000, 163238.290343
0.727000, 162797.498397
0.728000, 162353.492967
0.729000, 161909.487537
0.730000, 161462.286153
0.731000, 161015.084769
0.732000, 160564.705085
0.733000, 160114.325400
0.734000, 159660.785196
0.735000, 159207.244992
0.736000, 158750.562174
0.737000, 158293.879355
0.738000, 157834.071951
0.739000, 157374.264546
0.740000, 156911.350709
0.741000, 156448.436871
0.742000, 155982.434875
0.743000, 155516.432880
0.744000, 155047.361123
0.745000, 154578.289366
0.746000, 154106.166366
0.747000, 153634.043365
0.748000, 153158.887761
0.749000, 152683.732156
0.750000, 152205.562706
0.751000, 151727.393255
0.752000, 151246.228835
0.753000, 150765.064416
0.754000, 150280.924023
0.755000, 149796.783630
0.756000, 149309.686377
0.757000, 148822.589124
0.758000, 148332.554240
0.759000, 147842.519356
0.760000, 147349.566188
0.761000, 146856.613019
0.762000, 146360.761027
0.763000, 145864.909035
0.764000, 145366.177794
0.765000, 144867.446554
0.766000, 144365.855754
0.767000, 143864.264954
0.768000, 143359.834396
0.769000, 142855.403839
0.770000, 142348.153438
0.771000, 141840.903037
0.772000, 141330.852818
0.773000, 140820.802600
0.774000, 140307.972699
0.775000, 139795.142798
0.776000, 139279.553461
0.777000, 138763.964123
0.778000, 138245.635704
0.779000, 137727.307285
0.780000, 137206.260247
0.781000, 136685.213208
0.782000, 136161.468121
0.783000, 135637.723034
0.784000, 135111.300574
0.785000, 134584.878114
0.786000, 134055.799064
0.787000, 133526.720014
0.788000, 132995.005260
0.789000, 132463.290507
0.790000, 131928.961042
0.791000, 131394.631576
0.792000, 130857.708494
0.793000, 130320.785411
0.794000, 129781.289907
0.795000, 129241.794404
0.796000, 128699.747778
0.797000, 128157.701152
0.798000, 127613.124803
0.799000, 127068.548454
0.800000, 126521.463880
0.801000, 125974.379306
0.802000, 125424.808106
0.803000, 124875.236907
0.804000, 124323.200776
0.805000, 123771.164646
0.806000, 123216.685379
0.807000, 122662.206112
0.808000, 122105.305598
0.809000, 121548.405084
0.810000, 120989.105309
0.811000, 120429.805533
0.812000, 119868.128576
0.813000, 119306.451620
0.814000, 118742.419656
0.815000, 118178.387692
0.816000, 117612.022988
0.817000, 117045.658284
0.818000, 116476.983199
0.819000, 115908.308113
0.820000, 115337.345097
0.821000, 114766.382082
0.822000, 114193.153675
0.823000, 113619.925269
0.824000, 113044.454103
0.825000, 112468.982937
0.826000, 111891.291730
0.827000, 111313.600522
0.828000, 110733.712079
0.829000, 110153.823636
0.830000, 109571.760852
0.831000, 108989.698067
0.832000, 108405.483918
0.833000, 107821.269770
0.834000, 107234.927322
0.835000, 106648.584875
0.836000, 106060.137275
0.837000, 105471.689675
0.838000, 104881.160155
0.839000, 104290.630635
0.840000, 103698.042506
0.841000, 103105.454378
0.842000, 102510.831037
0.843000, 101916.207695
0.844000, 101319.572615
0.845000, 100722.937535
0.846000, 100124.314270
0.847000, 99525.691005
0.848000, 98925.103188
0.849000, 98324.515372
0.850000, 97721.986713
0.851000, 97119.458055
0.852000, 96515.012341
0.853000, 95910.566628
0.854000, 95304.227722
0.855000, 94697.888816
0.856000, 94089.680655
0.857000, 93481.472493
0.858000, 92871.419088
0.859000, 92261.365683
0.860000, 91649.491117
0.861000, 91037.616551
0.862000, 90423.944981
0.863000, 89810.273410
0.864000, 89194.829062
0.865000, 88579.384714
0.866000, 87962.191884
0.867000, 87344.999055
0.868000, 86726.082110
0.869000, 86107.165165
0.870000, 85486.548538
0.871000, 84865.931911
0.872000, 84243.640104
0.873000, 83621.348296
0.874000, 82997.405875
0.875000, 82373.463453
0.876000, 81747.895050
0.877000, 81122.326647
0.878000, 80495.156959
0.879000, 79867.987270
0.880000, 79239.241056
0.881000, 78610.494842
0.882000, 77980.196925
0.883000, 77349.899007
0.884000, 76718.074268
0.885000, 76086.249529
0.886000, 75452.922913
0.887000, 74819.596297
0.888000, 74184.792806
0.889000, 73549.989315
0.890000, 72913.734011
0.891000, 72277.478706
0.892000, 71639.796706
0.893000, 71002.114706
0.894000, 70363.031184
0.895000, 69723.947663
0.896000, 69083.487851
0.897000, 68443.028039
0.898000, 67801.217220
0.899000, 67159.406401
0.900000, 66516.269913
0.901000, 65873.133424
0.902000, 65228.696657
0.903000, 64584.259889
0.904000, 63938.548284
0.905000, 63292.836679
0.906000, 62645.875727
0.907000, 61998.914775
0.908000, 61350.730018
0.909000, 60702.545260
0.910000, 60053.162287
0.911000, 59403.779313
0.912000, 58753.223760
0.913000, 58102.668206
0.914000, 57450.965756
0.915000, 56799.263306
0.916000, 56146.439687
0.917000, 55493.616067
0.918000, 54839.697052
0.919000, 54185.778036
0.920000, 53530.789440
0.921000, 52875.800843
0.922000, 52219.768524
0.923000, 51563.736204
0.924000, 50906.686061
0.925000, 50249.635917
0.926000, 49591.593889
0.927000, 48933.551861
0.928000, 48274.543926
0.929000, 47615.535991
0.930000, 46955.588167
0.931000, 46295.640342
0.932000, 45634.778681
0.933000, 44973.917020
0.934000, 44312.167612
0.935000, 43650.418205
0.936000, 42987.807175
0.937000, 42325.196146
0.938000, 41661.749653
0.939000, 40998.303161
0.940000, 40334.047397
0.941000, 39669.791633
0.942000, 39004.752821
0.943000, 38339.714009
0.944000, 37673.918405
0.945000, 37008.122800
0.946000, 36341.596686
0.947000, 35675.070573
0.948000, 35007.840264
0.949000, 34340.609955
0.950000, 33672.701792
0.951000, 33004.793629
0.952000, 32336.233979
0.953000, 31667.674330
0.954000, 30998.489588
0.955000, 30329.304845
0.956000, 29659.521429
0.957000, 28989.738012
0.958000, 28319.382363
0.959000, 27649.026713
0.960000, 26978.125296
0.961000, 26307.223878
0.962000, 25635.803179
0.963000, 24964.382479
0.964000, 24292.469004
0.965000, 23620.555529
0.966000, 22948.175804
0.967000, 22275.796080
0.968000, 21602.976650
0.969000, 20930.157220
0.970000, 20256.924647
0.971000, 19583.692074
0.972000, 18910.072935
0.973000, 18236.453797
0.974000, 17562.474686
0.975000, 16888.495576
0.976000, 16214.183101
0.977000, 15539.870626
0.978000, 14865.251408
0.979000, 14190.632189
0.980000, 13515.732859
0.981000, 12840.833530
0.982000, 12165.680733
0.983000, 11490.527936
0.984000, 10815.148327
0.985000, 10139.768717
0.986000, 9464.188957
0.987000, 8788.609196
0.988000, 8112.855957
0.989000, 7437.102717
0.990000, 6761.202675
0.991000, 6085.302633
0.992000, 5409.282473
0.993000, 4733.262312
0.994000, 4057.148721
0.995000, 3381.035130
0.996000, 2704.854800
0.997000, 2028.674471
0.998000, 1352.454096
0.999000, 676.233722
1.000000, 0.000000
