0.000000, 0.000000
0.001000, 5930.449555
0.002000, 11860.782047
0.003000, 17791.114540
0.004000, 23721.095851
0.005000, 29651.077162
0.006000, 35580.473187
0.007000, 41509.869211
0.008000, 47438.445866
0.009000, 53367.022521
0.010000, 59294.545757
0.011000, 65222.068993
0.012000, 71148.304801
0.013000, 77074.540608
0.014000, 82999.255031
0.015000, 88923.969453
0.016000, 94846.928593
0.017000, 100769.887732
0.018000, 106690.857761
0.019000, 112611.827789
0.020000, 118530.574956
0.021000, 124449.322123
0.022000, 130365.612767
0.023000, 136281.903411
0.024000, 142195.503967
0.025000, 148109.104523
0.026000, 154019.781532
0.027000, 159930.458541
0.028000, 165837.978659
0.029000, 171745.498778
0.030000, 177649.628788
0.031000, 183553.758797
0.032000, 189454.265613
0.033000, 195354.772428
0.034000, 201251.423108
0.035000, 207148.073787
0.036000, 213040.635541
0.037000, 218933.197295
0.038000, 224821.437495
0.039000, 230709.677695
0.040000, 236593.363884
0.041000, 242477.050072
0.042000, 248355.949971
0.043000, 254234.849870
0.044000, 260108.731391
0.045000, 265982.612912
0.046000, 271851.244164
0.047000, 277719.875416
0.048000, 283583.024715
0.049000, 289446.174014
0.050000, 295303.609894
0.051000, 301161.045773
0.052000, 307012.536992
0.053000, 312864.028210
0.054000, 318709.343760
0.055000, 324554.659311
0.056000, 330393.568430
0.057000, 336232.477549
0.058000, 342064.749727
0.059000, 347897.021905
0.060000, 353722.426893
0.061000, 359547.831882
0.062000, 365366.139704
0.063000, 371184.447526
0.064000, 376995.428485
0.065000, 382806.409444
0.066000, 388609.834133
0.067000, 394413.258821
0.068000, 400208.898129
0.069000, 406004.537437
0.070000, 411792.162563
0.071000, 417579.787689
0.072000, 423359.170148
0.073000, 429138.552607
0.074000, 434909.464238
0.075000, 440680.375869
0.076000, 446442.588846
0.077000, 452204.801824
0.078000, 457958.088666
0.079000, 463711.375508
0.080000, 469455.509085
0.081000, 475199.642661
0.082000, 480934.396204
0.083000, 486669.149746
0.084000, 492394.296856
0.085000, 498119.443966
0.086000, 503834.758625
0.087000, 509550.073283
0.088000, 515255.329860
0.089000, 520960.586436
0.090000, 526655.559697
0.091000, 532350.532957
0.092000, 538034.998074
0.093000, 543719.463191
0.094000, 549393.195751
0.095000, 555066.928311
0.096000, 560729.704325
0.097000, 566392.480339
0.098000, 572044.076251
0.099000, 577695.672162
0.100000, 583335.864856
0.101000, 588976.057549
0.102000, 594604.624359
0.103000, 600233.191170
0.104000, 605849.909891
0.105000, 611466.628612
0.106000, 617071.277505
0.107000, 622675.926398
0.108000, 628268.284202
0.109000, 633860.642005
0.110000, 639440.487943
0.111000, 645020.333880
0.112000, 650587.447668
0.113000, 656154.561456
0.114000, 661708.723314
0.115000, 667262.885173
0.116000, 672803.875834
0.117000, 678344.866494
0.118000, 683872.467208
0.119000, 689400.067922
0.120000, 694914.060469
0.121000, 700428.053015
0.122000, 705928.219712
0.123000, 711428.386408
0.124000, 716914.510117
0.125000, 722400.633827
0.126000, 727872.497966
0.127000, 733344.362105
0.128000, 738801.750654
0.129000, 744259.139204
0.130000, 749701.836715
0.131000, 755144.534226
0.132000, 760572.325830
0.133000, 766000.117435
0.134000, 771412.788853
0.135000, 776825.460271
0.136000, 782222.797819
0.137000, 787620.135368
0.138000, 793001.925969
0.139000, 798383.716571
0.140000, 803749.747761
0.141000, 809115.778951
0.142000, 814465.838889
0.143000, 819815.898826
0.144000, 825149.776300
0.145000, 830483.653773
0.146000, 835801.138211
0.147000, 841118.622648
0.148000, 846419.504123
0.149000, 851720.385599
0.150000, 857004.454844
0.151000, 862288.524088
0.152000, 867555.572496
0.153000, 872822.620903
0.154000, 878072.440539
0.155000, 883322.260175
0.156000, 888554.643786
0.157000, 893787.027397
0.158000, 899001.768417
0.159000, 904216.509437
0.160000, 909413.401997
0.161000, 914610.294557
0.162000, 919789.133494
0.163000, 924967.972430
0.164000, 930128.553290
0.165000, 935289.134150
0.166000, 940431.253204
0.167000, 945573.372257
0.168000, 950696.826502
0.169000, 955820.280747
0.170000, 960924.867918
0.171000, 966029.455088
0.172000, 971114.973664
0.173000, 976200.492241
0.174000, 981266.741455
0.175000, 986332.990669
0.176000, 991379.770515
0.177000, 996426.550360
0.178000, 1001453.661599
0.179000, 1006480.772837
0.180000, 1011488.017007
0.181000, 1016495.261177
0.182000, 1021482.440600
0.183000, 1026469.620024
0.184000, 1031436.537816
0.185000, 1036403.455608
0.186000, 1041349.915683
0.187000, 1046296.375758
0.188000, 1051222.182839
0.189000, 1056147.989919
0.190000, 1061052.949542
0.191000, 1065957.909166
0.192000, 1070841.827693
0.193000, 1075725.746219
0.194000, 1080588.430841
0.195000, 1085451.115462
0.196000, 1090292.374208
0.197000, 1095133.632954
0.198000, 1099953.274700
0.199000, 1104772.916445
0.200000, 1109570.750919
0.201000, 1114368.585393
0.202000, 1119144.423185
0.203000, 1123920.260977
0.204000, 1128673.913546
0.205000, 1133427.566114
0.206000, 1138158.845793
0.207000, 1142890.125471
0.208000, 1147598.845477
0.209000, 1152307.565483
0.210000, 1156993.539925
0.211000, 1161679.514366
0.212000, 1166342.558248
0.213000, 1171005.602130
0.214000, 1175645.531364
0.215000, 1180285.460598
0.216000, 1184902.092008
0.217000, 1189518.723417
0.218000, 1194111.874746
0.219000, 1198705.026074
0.220000, 1203274.515992
0.221000, 1207844.005909
0.222000, 1212389.654020
0.223000, 1216935.302131
0.224000, 1221456.928981
0.225000, 1225978.555830
0.226000, 1230475.982913
0.227000, 1234973.409996
0.228000, 1239446.459761
0.229000, 1243919.509526
0.230000, 1248368.005385
0.231000, 1252816.501243
0.232000, 1257240.267577
0.233000, 1261664.033911
0.234000, 1266062.896076
0.235000, 1270461.758242
0.236000, 1274835.542581
0.237000, 1279209.326919
0.238000, 1283557.860760
0.239000, 1287906.394602
0.240000, 1292229.506273
0.241000, 1296552.617945
0.242000, 1300850.136778
0.243000, 1305147.655612
0.244000, 1309419.411947
0.245000, 1313691.168283
0.246000, 1317936.993480
0.247000, 1322182.818677
0.248000, 1326402.545117
0.249000, 1330622.271557
0.250000, 1334815.732652
0.251000, 1339009.193748
0.252000, 1343176.223948
0.253000, 1347343.254149
0.254000, 1351483.688947
0.255000, 1355624.123745
0.256000, 1359737.799684
0.257000, 1363851.475622
0.258000, 1367938.230300
0.259000, 1372024.984978
0.260000, 1376084.657058
0.261000, 1380144.329137
0.262000, 1384176.758349
0.263000, 1388209.187561
0.264000, 1392214.214712
0.265000, 1396219.241863
0.266000, 1400196.708842
0.267000, 1404174.175821
0.268000, 1408123.925603
0.269000, 1412073.675386
0.270000, 1415995.552043
0.271000, 1419917.428700
0.272000, 1423811.277403
0.273000, 1427705.126106
0.274000, 1431570.793131
0.275000, 1435436.460157
0.276000, 1439273.792896
0.277000, 1443111.125635
0.278000, 1446919.972596
0.279000, 1450728.819557
0.280000, 1454509.030374
0.281000, 1458289.241190
0.282000, 1462040.666625
0.283000, 1465792.092060
0.284000, 1469514.584014
0.285000, 1473237.075968
0.286000, 1476930.487483
0.287000, 1480623.898998
0.288000, 1484288.084266
0.289000, 1487952.269533
0.290000, 1491587.083896
0.291000, 1495221.898260
0.292000, 1498827.198223
0.293000, 1502432.498186
0.294000, 1506008.141418
0.295000, 1509583.784650
0.296000, 1513129.629990
0.297000, 1516675.475331
0.298000, 1520191.382796
0.299000, 1523707.290261
0.300000, 1527193.121049
0.301000, 1530678.951836
0.302000, 1534134.568332
0.303000, 1537590.184827
0.304000, 1541015.450609
0.305000, 1544440.716391
0.306000, 1547835.496235
0.307000, 1551230.276080
0.308000, 1554594.435966
0.309000, 1557958.595853
0.310000, 1561292.002971
0.311000, 1564625.410089
0.312000, 1567927.932840
0.313000, 1571230.455592
0.314000, 1574501.963600
0.315000, 1577773.471608
0.316000, 1581013.835718
0.317000, 1584254.199828
0.318000, 1587463.292117
0.319000, 1590672.384405
0.320000, 1593850.078183
0.321000, 1597027.771961
0.322000, 1600173.941777
0.323000, 1603320.111594
0.324000, 1606434.633244
0.325000, 1609549.154895
0.326000, 1612631.905423
0.327000, 1615714.655951
0.328000, 1618765.513655
0.329000, 1621816.371359
0.330000, 1624835.215796
0.331000, 1627854.060233
0.332000, 1630840.772225
0.333000, 1633827.484217
0.334000, 1636781.945853
0.335000, 1639736.407489
0.336000, 1642658.502132
0.337000, 1645580.596775
0.338000, 1648470.209067
0.339000, 1651359.821358
0.340000, 1654216.837220
0.341000, 1657073.853082
0.342000, 1659898.159724
0.343000, 1662722.466367
0.344000, 1665513.952292
0.345000, 1668305.438217
0.346000, 1671063.993221
0.347000, 1673822.548225
0.348000, 1676548.063404
0.349000, 1679273.578584
0.350000, 1681965.946341
0.351000, 1684658.314098
0.352000, 1687317.428142
0.353000, 1689976.542186
0.354000, 1692602.297540
0.355000, 1695228.052894
0.356000, 1697820.345898
0.357000, 1700412.638902
0.358000, 1702971.367216
0.359000, 1705530.095530
0.360000, 1708055.158140
0.361000, 1710580.220750
0.362000, 1713071.517971
0.363000, 1715562.815192
0.364000, 1718020.248671
0.365000, 1720477.682151
0.366000, 1722901.154874
0.367000, 1725324.627598
0.368000, 1727714.043890
0.369000, 1730103.460182
0.370000, 1732458.725713
0.371000, 1734813.991244
0.372000, 1737135.013032
0.373000, 1739456.034821
0.374000, 1741742.721236
0.375000, 1744029.407651
0.376000, 1746281.668419
0.377000, 1748533.929187
0.378000, 1750751.675392
0.379000, 1752969.421597
0.380000, 1755152.565687
0.381000, 1757335.709776
0.382000, 1759484.165563
0.383000, 1761632.621350
0.384000, 1763746.304018
0.385000, 1765859.986685
0.386000, 1767938.812788
0.387000, 1770017.638891
0.388000, 1772061.526361
0.389000, 1774105.413832
0.390000, 1776114.281980
0.391000, 1778123.150128
0.392000, 1780096.919648
0.393000, 1782070.689167
0.394000, 1784009.282137
0.395000, 1785947.875107
0.396000, 1787851.214995
0.397000, 1789754.554883
0.398000, 1791622.566548
0.399000, 1793490.578213
0.400000, 1795323.187910
0.401000, 1797155.797606
0.402000, 1798952.932986
0.403000, 1800750.068366
0.404000, 1802511.658481
0.405000, 1804273.248596
0.406000, 1805999.223902
0.407000, 1807725.199208
0.408000, 1809415.491566
0.409000, 1811105.783925
0.410000, 1812760.326605
0.411000, 1814414.869286
0.412000, 1816033.596970
0.413000, 1817652.324654
0.414000, 1819235.173438
0.415000, 1820818.022222
0.416000, 1822364.929617
0.417000, 1823911.837011
0.418000, 1825422.741948
0.419000, 1826933.646885
0.420000, 1828408.489715
0.421000, 1829883.332546
0.422000, 1831322.055046
0.423000, 1832760.777546
0.424000, 1834163.322918
0.425000, 1835565.868289
0.426000, 1836932.181162
0.427000, 1838298.494035
0.428000, 1839628.520469
0.429000, 1840958.546904
0.430000, 1842252.234393
0.431000, 1843545.921881
0.432000, 1844803.219352
0.433000, 1846060.516823
0.434000, 1847281.374639
0.435000, 1848502.232456
0.436000, 1849686.602421
0.437000, 1850870.972386
0.438000, 1852018.807742
0.439000, 1853166.643099
0.440000, 1854277.898532
0.441000, 1855389.153966
0.442000, 1856463.785606
0.443000, 1857538.417246
0.444000, 1858576.382669
0.445000, 1859614.348091
0.446000, 1860615.606318
0.447000, 1861616.864545
0.448000, 1862581.376049
0.449000, 1863545.887552
0.450000, 1864473.614256
0.451000, 1865401.340959
0.452000, 1866292.246238
0.453000, 1867183.151516
0.454000, 1868037.200197
0.455000, 1868891.248878
0.456000, 1869708.407246
0.457000, 1870525.565614
0.458000, 1871305.801409
0.459000, 1872086.037204
0.460000, 1872829.319623
0.461000, 1873572.602042
0.462000, 1874278.901742
0.463000, 1874985.201442
0.464000, 1875654.490540
0.465000, 1876323.779637
0.466000, 1876956.031709
0.467000, 1877588.283782
0.468000, 1878183.473869
0.469000, 1878778.663956
0.470000, 1879336.768561
0.471000, 1879894.873166
0.472000, 1880415.870255
0.473000, 1880936.867345
0.474000, 1881420.736351
0.475000, 1881904.605357
0.476000, 1882351.327177
0.477000, 1882798.048997
0.478000, 1883207.605996
0.479000, 1883617.162995
0.480000, 1883989.539003
0.481000, 1884361.915012
0.482000, 1884697.095329
0.483000, 1885032.275647
0.484000, 1885330.247041
0.485000, 1885628.218436
0.486000, 1885888.969144
0.487000, 1886149.719851
0.488000, 1886373.239578
0.489000, 1886596.759305
0.490000, 1886783.039227
0.491000, 1886969.319150
0.492000, 1887118.351913
0.493000, 1887267.384676
0.494000, 1887379.164397
0.495000, 1887490.944118
0.496000, 1887565.466384
0.497000, 1887639.988649
0.498000, 1887677.250518
0.499000, 1887714.512386
0.500000, 1887714.512386
0.501000, 1887714.512386
0.502000, 1887677.250518
0.503000, 1887639.988649
0.504000, 1887565.466384
0.505000, 1887490.944118
0.506000, 1887379.164397
0.507000, 1887267.384676
0.508000, 1887118.351913
0.509000, 1886969.319150
0.510000, 1886783.039227
0.511000, 1886596.759305
0.512000, 1886373.239578
0.513000, 1886149.719851
0.514000, 1885888.969144
0.515000, 1885628.218436
0.516000, 1885330.247041
0.517000, 1885032.275647
0.518000, 1884697.095329
0.519000, 1884361.915012
0.520000, 1883989.539003
0.521000, 1883617.162995
0.522000, 1883207.605996
0.523000, 1882798.048997
0.524000, 1882351.327177
0.525000, 1881904.605357
0.526000, 1881420.736351
0.527000, 1880936.867345
0.528000, 1880415.870255
0.529000, 1879894.873166
0.530000, 1879336.768561
0.531000, 1878778.663956
0.532000, 1878183.473869
0.533000, 1877588.283782
0.534000, 1876956.031709
0.535000, 1876323.779637
0.536000, 1875654.490540
0.537000, 1874985.201442
0.538000, 1874278.901742
0.539000, 1873572.602042
0.540000, 1872829.319623
0.541000, 1872086.037204
0.542000, 1871305.801409
0.543000, 1870525.565614
0.544000, 1869708.407246
0.545000, 1868891.248878
0.546000, 1868037.200197
0.547000, 1867183.151516
0.548000, 1866292.246238
0.549000, 1865401.340959
0.550000, 1864473.614256
0.551000, 1863545.887552
0.552000, 1862581.376049
0.553000, 1861616.864545
0.554000, 1860615.606318
0.555000, 1859614.348091
0.556000, 1858576.382669
0.557000, 1857538.417246
0.558000, 1856463.785606
0.559000, 1855389.153966
0.560000, 1854277.898532
0.561000, 1853166.643099
0.562000, 1852018.807742
0.563000, 1850870.972386
0.564000, 1849686.602421
0.565000, 1848502.232456
0.566000, 1847281.374639
0.567000, 1846060.516823
0.568000, 1844803.219352
0.569000, 1843545.921881
0.570000, 1842252.234393
0.571000, 1840958.546904
0.572000, 1839628.520469
0.573000, 1838298.494035
0.574000, 1836932.181162
0.575000, 1835565.868289
0.576000, 1834163.322918
0.577000, 1832760.777546
0.578000, 1831322.055046
0.579000, 1829883.332546
0.580000, 1828408.489715
0.581000, 1826933.646885
0.582000, 1825422.741948
0.583000, 1823911.837011
0.584000, 1822364.929617
0.585000, 1820818.022222
0.586000, 1819235.173438
0.587000, 1817652.324654
0.588000, 1816033.596970
0.589000, 1814414.869286
0.590000, 1812760.326605
0.591000, 1811105.783925
0.592000, 1809415.491566
0.593000, 1807725.199208
0.594000, 1805999.223902
0.595000, 1804273.248596
0.596000, 1802511.658481
0.597000, 1800750.068366
0.598000, 1798952.932986
0.599000, 1797155.797606
0.600000, 1795323.187910
0.601000, 1793490.578213
0.602000, 1791622.566548
0.603000, 1789754.554883
0.604000, 1787851.214995
0.605000, 1785947.875107
0.606000, 1784009.282137
0.607000, 1782070.689167
0.608000, 1780096.919648
0.609000, 1778123.150128
0.610000, 1776114.281980
0.611000, 1774105.413832
0.612000, 1772061.526361
0.613000, 1770017.638891
0.614000, 1767938.812788
0.615000, 1765859.986685
0.616000, 1763746.304018
0.617000, 1761632.621350
0.618000, 1759484.165563
0.619000, 1757335.709776
0.620000, 1755152.565687
0.621000, 1752969.421597
0.622000, 1750751.675392
0.623000, 1748533.929187
0.624000, 1746281.668419
0.625000, 1744029.407651
0.626000, 1741742.721236
0.627000, 1739456.034821
0.628000, 1737135.013032
0.629000, 1734813.991244
0.630000, 1732458.725713
0.631000, 1730103.460182
0.632000, 1727714.043890
0.633000, 1725324.627598
0.634000, 1722901.154874
0.635000, 1720477.682151
0.636000, 1718020.248671
0.637000, 1715562.815192
0.638000, 1713071.517971
0.639000, 1710580.220750
0.640000, 1708055.158140
0.641000, 1705530.095530
0.642000, 1702971.367216
0.643000, 1700412.638902
0.644000, 1697820.345898
0.645000, 1695228.052894
0.646000, 1692602.297540
0.647000, 1689976.542186
0.648000, 1687317.428142
0.649000, 1684658.314098
0.650000, 1681965.946341
0.651000, 1679273.578584
0.652000, 1676548.063404
0.653000, 1673822.548225
0.654000, 1671063.993221
0.655000, 1668305.438217
0.656000, 1665513.952292
0.657000, 1662722.466367
0.658000, 1659898.159724
0.659000, 1657073.853082
0.660000, 1654216.837220
0.661000, 1651359.821358
0.662000, 1648470.209067
0.663000, 1645580.596775
0.664000, 1642658.502132
0.665000, 1639736.407489
0.666000, 1636781.945853
0.667000, 1633827.484217
0.668000, 1630840.772225
0.669000, 1627854.060233
0.670000, 1624835.215796
0.671000, 1621816.371359
0.672000, 1618765.513655
0.673000, 1615714.655951
0.674000, 1612631.905423
0.675000, 1609549.154895
0.676000, 1606434.633244
0.677000, 1603320.111594
0.678000, 1600173.941777
0.679000, 1597027.771961
0.680000, 1593850.078183
0.681000, 1590672.384405
0.682000, 1587463.292117
0.683000, 1584254.199828
0.684000, 1581013.835718
0.685000, 1577773.471608
0.686000, 1574501.963600
0.687000, 1571230.455592
0.688000, 1567927.932840
0.689000, 1564625.410089
0.690000, 1561292.002971
0.691000, 1557958.595853
0.692000, 1554594.435966
0.693000, 1551230.276080
0.694000, 1547835.496235
0.695000, 1544440.716391
0.696000, 1541015.450609
0.697000, 1537590.184827
0.698000, 1534134.568332
0.699000, 1530678.951836
0.700000, 1527193.121049
0.701000, 1523707.290261
0.702000, 1520191.382796
0.703000, 1516675.475331
0.704000, 1513129.629990
0.705000, 1509583.784650
0.706000, 1506008.141418
0.707000, 1502432.498186
0.708000, 1498827.198223
0.709000, 1495221.898260
0.710000, 1491587.083896
0.711000, 1487952.269533
0.712000, 1484288.084266
0.713000, 1480623.898998
0.714000, 1476930.487483
0.715000, 1473237.075968
0.716000, 1469514.584014
0.717000, 1465792.092060
0.718000, 1462040.666625
0.719000, 1458289.241190
0.720000, 1454509.030374
0.721000, 1450728.819557
0.722000, 1446919.972596
0.723000, 1443111.125635
0.724000, 1439273.792896
0.725000, 1435436.460157
0.726000, 1431570.793131
0.727000, 1427705.126106
0.728000, 1423811.277403
0.729000, 1419917.428700
0.730000, 1415995.552043
0.731000, 1412073.675386
0.732000, 1408123.925603
0.733000, 1404174.175821
0.734000, 1400196.708842
0.735000, 1396219.241863
0.736000, 1392214.214712
0.737000, 1388209.187561
0.738000, 1384176.758349
0.739000, 1380144.329137
0.740000, 1376084.657058
0.741000, 1372024.984978
0.742000, 1367938.230300
0.743000, 1363851.475622
0.744000, 1359737.799684
0.745000, 1355624.123745
0.746000, 1351483.688947
0.747000, 1347343.254149
0.748000, 1343176.223948
0.749000, 1339009.193748
0.750000, 1334815.732652
0.751000, 1330622.271557
0.752000, 1326402.545117
0.753000, 1322182.818677
0.754000, 1317936.993480
0.755000, 1313691.168283
0.756000, 1309419.411947
0.757000, 1305147.655612
0.758000, 1300850.136778
0.759000, 1296552.617945
0.760000, 1292229.506273
0.761000, 1287906.394602
0.762000, 1283557.860760
0.763000, 1279209.326919
0.764000, 1274835.542581
0.765000, 1270461.758242
0.766000, 1266062.896076
0.767000, 1261664.033911
0.768000, 1257240.267577
0.769000, 1252816.501243
0.770000, 1248368.005385
0.771000, 1243919.509526
0.772000, 1239446.459761
0.773000, 1234973.409996
0.774000, 1230475.982913
0.775000, 1225978.555830
0.776000, 1221456.928981
0.777000, 1216935.302131
0.778000, 1212389.654020
0.779000, 1207844.005909
0.780000, 1203274.515992
0.781000, 1198705.026074
0.782000, 1194111.874746
0.783000, 1189518.723417
0.784000, 1184902.092008
0.785000, 1180285.460598
0.786000, 1175645.531364
0.787000, 1171005.602130
0.788000, 1166342.558248
0.789000, 1161679.514366
0.790000, 1156993.539925
0.791000, 1152307.565483
0.792000, 1147598.845477
0.793000, 1142890.125471
0.794000, 1138158.845793
0.795000, 1133427.566114
0.796000, 1128673.913546
0.797000, 1123920.260977
0.798000, 1119144.423185
0.799000, 1114368.585393
0.800000, 1109570.750919
0.801000, 1104772.916445
0.802000, 1099953.274700
0.803000, 1095133.632954
0.804000, 1090292.374208
0.805000, 1085451.115462
0.806000, 1080588.430841
0.807000, 1075725.746219
0.808000, 1070841.827693
0.809000, 1065957.909166
0.810000, 1061052.949542
0.811000, 1056147.989919
0.812000, 1051222.182839
0.813000, 1046296.375758
0.814000, 1041349.915683
0.815000, 1036403.455608
0.816000, 1031436.537816
0.817000, 1026469.620024
0.818000, 1021482.440600
0.819000, 1016495.261177
0.820000, 1011488.017007
0.821000, 1006480.772837
0.822000, 1001453.661599
0.823000, 996426.550360
0.824000, 991379.770515
0.825000, 986332.990669
0.826000, 981266.741455
0.827000, 976200.492241
0.828000, 971114.973664
0.829000, 966029.455088
0.830000, 960924.867918
0.831000, 955820.280747
0.832000, 950696.826502
0.833000, 945573.372257
0.834000, 940431.253204
0.835000, 935289.134150
0.836000, 930128.553290
0.837000, 924967.972430
0.838000, 919789.133494
0.839000, 914610.294557
0.840000, 909413.401997
0.841000, 904216.509437
0.842000, 899001.768417
0.843000, 893787.027397
0.844000, 888554.643786
0.845000, 883322.260175
0.846000, 878072.440539
0.847000, 872822.620903
0.848000, 867555.572496
0.849000, 862288.524088
0.850000, 857004.454844
0.851000, 851720.385599
0.852000, 846419.504123
0.853000, 841118.622648
0.854000, 835801.138211
0.855000, 830483.653773
0.856000, 825149.776300
0.857000, 819815.898826
0.858000, 814465.838889
0.859000, 809115.778951
0.860000, 803749.747761
0.861000, 798383.716571
0.862000, 793001.925969
0.863000, 787620.135368
0.864000, 782222.797819
0.865000, 776825.460271
0.866000, 771412.788853
0.867000, 766000.117435
0.868000, 760572.325830
0.869000, 755144.534226
0.870000, 749701.836715
0.871000, 744259.139204
0.872000, 738801.750654
0.873000, 733344.362105
0.874000, 727872.497966
0.875000, 722400.633827
0.876000, 716914.510117
0.877000, 711428.386408
0.878000, 705928.219712
0.879000, 700428.053015
0.880000, 694914.060469
0.881000, 689400.067922
0.882000, 683872.467208
0.883000, 678344.866494
0.884000, 672803.875834
0.885000, 667262.885173
0.886000, 661708.723314
0.887000, 656154.561456
0.888000, 650587.447668
0.889000, 645020.333880
0.890000, 639440.487943
0.891000, 633860.642005
0.892000, 628268.284202
0.893000, 622675.926398
0.894000, 617071.277505
0.895000, 611466.628612
0.896000, 605849.909891
0.897000, 600233.191170
0.898000, 594604.624359
0.899000, 588976.057549
0.900000, 583335.864856
0.901000, 577695.672162
0.902000, 572044.076251
0.903000, 566392.480339
0.904000, 560729.704325
0.905000, 555066.928311
0.906000, 549393.195751
0.907000, 543719.463191
0.908000, 538034.998074
0.909000, 532350.532957
0.910000, 526655.559697
0.911000, 520960.586436
0.912000, 515255.329860
0.913000, 509550.073283
0.914000, 503834.758625
0.915000, 498119.443966
0.916000, 492394.296856
0.917000, 486669.149746
0.918000, 480934.396204
0.919000, 475199.642661
0.920000, 469455.509085
0.921000, 463711.375508
0.922000, 457958.088666
0.923000, 452204.801824
0.924000, 446442.588846
0.925000, 440680.375869
0.926000, 434909.464238
0.927000, 429138.552607
0.928000, 423359.170148
0.929000, 417579.787689
0.930000, 411792.162563
0.931000, 406004.537437
0.932000, 400208.898129
0.933000, 394413.258821
0.934000, 388609.834133
0.935000, 382806.409444
0.936000, 376995.428485
0.937000, 371184.447526
0.938000, 365366.139704
0.939000, 359547.831882
0.940000, 353722.426893
0.941000, 347897.021905
0.942000, 342064.749727
0.943000, 336232.477549
0.944000, 330393.568430
0.945000, 324554.659311
0.946000, 318709.343760
0.947000, 312864.028210
0.948000, 307012.536992
0.949000, 301161.045773
0.950000, 295303.609894
0.951000, 289446.174014
0.952000, 283583.024715
0.953000, 277719.875416
0.954000, 271851.244164
0.955000, 265982.612912
0.956000, 260108.731391
0.957000, 254234.849870
0.958000, 248355.949971
0.959000, 242477.050072
0.960000, 236593.363884
0.961000, 230709.677695
0.962000, 224821.437495
0.963000, 218933.197295
0.964000, 213040.635541
0.965000, 207148.073787
0.966000, 201251.423108
0.967000, 195354.772428
0.968000, 189454.265613
0.969000, 183553.758797
0.970000, 177649.628788
0.971000, 171745.498778
0.972000, 165837.978659
0.973000, 159930.458541
0.974000, 154019.781532
0.975000, 148109.104523
0.976000, 142195.503967
0.977000, 136281.903411
0.978000, 130365.612767
0.979000, 124449.322123
0.980000, 118530.574956
0.981000, 112611.827789
0.982000, 106690.857761
0.983000, 100769.887732
0.984000, 94846.928593
0.985000, 88923.969453
0.986000, 82999.255031
0.987000, 77074.540608
0.988000, 71148.304801
0.989000, 65222.068993
0.990000, 59294.545757
0.991000, 53367.022521
0.992000, 47438.445866
0.993000, 41509.869211
0.994000, 35580.473187
0.995000, 29651.077162
0.996000, 23721.095851
0.997000, 17791.114540
0.998000, 11860.782047
0.999000, 5930.449555
1.000000, 0.000000
