0.000000, 0.000000
0.001000, 1819440.560357
0.002000, 3638844.688577
0.003000, 5458248.816798
0.004000, 7277543.650231
0.005000, 9096838.483665
0.006000, 10915951.164527
0.007000, 12735063.845389
0.008000, 14553921.524007
0.009000, 16372779.202625
0.010000, 18191309.040680
0.011000, 20009838.878735
0.012000, 21827968.052505
0.013000, 23646097.226275
0.014000, 25463752.929876
0.015000, 27281408.633478
0.016000, 29098518.082105
0.017000, 30915627.530733
0.018000, 32732117.963897
0.019000, 34548608.397061
0.020000, 36364407.081825
0.021000, 38180205.766590
0.022000, 39995240.000805
0.023000, 41810274.235021
0.024000, 43624471.350556
0.025000, 45438668.466091
0.026000, 47251955.832063
0.027000, 49065243.198035
0.028000, 50877548.224034
0.029000, 52689853.250033
0.030000, 54501103.389345
0.031000, 56312353.528657
0.032000, 58122476.281485
0.033000, 59932599.034313
0.034000, 61741521.950990
0.035000, 63550444.867667
0.036000, 65358095.551870
0.037000, 67165746.236073
0.038000, 68972052.348028
0.039000, 70778358.459984
0.040000, 72583247.719672
0.041000, 74388136.979360
0.042000, 76191537.169712
0.043000, 77994937.360064
0.044000, 79796776.330156
0.045000, 81598615.300248
0.046000, 83398820.968488
0.047000, 85199026.636729
0.048000, 86997526.994043
0.049000, 88796027.351356
0.050000, 90592750.464357
0.051000, 92389473.577359
0.052000, 94184347.591527
0.053000, 95979221.605695
0.054000, 97772174.748535
0.055000, 99565127.891375
0.056000, 101356088.475579
0.057000, 103147049.059783
0.058000, 104935945.486379
0.059000, 106724841.912975
0.060000, 108511602.674473
0.061000, 110298363.435971
0.062000, 112082917.119499
0.063000, 113867470.803028
0.064000, 115649746.093465
0.065000, 117432021.383902
0.066000, 119211947.066997
0.067000, 120991872.750092
0.068000, 122769377.715581
0.069000, 124546882.681069
0.070000, 126321895.925778
0.071000, 128096909.170488
0.072000, 129869359.801435
0.073000, 131641810.432383
0.074000, 133411627.669868
0.075000, 135181444.907352
0.076000, 136948558.088032
0.077000, 138715671.268711
0.078000, 140480009.848677
0.079000, 142244348.428643
0.080000, 144005841.986482
0.081000, 145767335.544320
0.082000, 147525913.784165
0.083000, 149284492.024010
0.084000, 151040084.778588
0.085000, 152795677.533166
0.086000, 154548214.766828
0.087000, 156300752.000490
0.088000, 158050163.812236
0.089000, 159799575.623981
0.090000, 161545792.250472
0.091000, 163292008.876963
0.092000, 165034960.695525
0.093000, 166777912.514088
0.094000, 168517530.045704
0.095000, 170257147.577321
0.096000, 171993361.489613
0.097000, 173729575.401904
0.098000, 175462316.512098
0.099000, 177195057.622292
0.100000, 178924256.900183
0.101000, 180653456.178073
0.102000, 182379044.748968
0.103000, 184104633.319862
0.104000, 185826542.467516
0.105000, 187548451.615170
0.106000, 189266612.784712
0.107000, 190984773.954254
0.108000, 192699118.755094
0.109000, 194413463.555935
0.110000, 196123923.764669
0.111000, 197834383.973403
0.112000, 199540891.536692
0.113000, 201247399.099982
0.114000, 202949886.137435
0.115000, 204652373.174887
0.116000, 206350771.981912
0.117000, 208049170.788938
0.118000, 209743413.839600
0.119000, 211437656.890261
0.120000, 213127676.840110
0.121000, 214817696.789958
0.122000, 216503426.478853
0.123000, 218189156.167747
0.124000, 219870528.622664
0.125000, 221551901.077581
0.126000, 223228849.515409
0.127000, 224905797.953237
0.128000, 226578255.783555
0.129000, 228250713.613873
0.130000, 229918614.441720
0.131000, 231586515.269567
0.132000, 233249792.898192
0.133000, 234913070.526816
0.134000, 236571658.960417
0.135000, 238230247.394017
0.136000, 239884080.840463
0.137000, 241537914.286909
0.138000, 243186927.160453
0.139000, 244835940.033996
0.140000, 246480066.957963
0.141000, 248124193.881930
0.142000, 249763369.691402
0.143000, 251402545.500874
0.144000, 253036705.245350
0.145000, 254670864.989826
0.146000, 256299943.935874
0.147000, 257929022.881922
0.148000, 259552956.515810
0.149000, 261176890.149698
0.150000, 262795614.180013
0.151000, 264414338.210327
0.152000, 266027788.570579
0.153000, 267641238.930830
0.154000, 269249351.782036
0.155000, 270857464.633241
0.156000, 272460176.366498
0.157000, 274062888.099755
0.158000, 275660135.338794
0.159000, 277257382.577834
0.160000, 278849102.181562
0.161000, 280440821.785290
0.162000, 282026950.850307
0.163000, 283613079.915324
0.164000, 285193555.778434
0.165000, 286774031.641544
0.166000, 288348791.882244
0.167000, 289923552.122943
0.168000, 291492534.565894
0.169000, 293061517.008845
0.170000, 294624659.726334
0.171000, 296187802.443822
0.172000, 297745043.758195
0.173000, 299302285.072568
0.174000, 300853563.558662
0.175000, 302404842.044756
0.176000, 303950096.532297
0.177000, 305495351.019838
0.178000, 307034520.595838
0.179000, 308573690.171837
0.180000, 310106714.182960
0.181000, 311639738.194082
0.182000, 313166556.249002
0.183000, 314693374.303922
0.184000, 316213926.275663
0.185000, 317734478.247404
0.186000, 319248704.275658
0.187000, 320762930.303911
0.188000, 322270770.797341
0.189000, 323778611.290771
0.190000, 325280006.929299
0.191000, 326781402.567827
0.192000, 328276294.304900
0.193000, 329771186.041974
0.194000, 331259515.106818
0.195000, 332747844.171663
0.196000, 334229552.071513
0.197000, 335711259.971364
0.198000, 337186288.493681
0.199000, 338661317.015998
0.200000, 340129608.230665
0.201000, 341597899.445333
0.202000, 343059395.706838
0.203000, 344520891.968343
0.204000, 345975535.917937
0.205000, 347430179.867532
0.206000, 348877914.435377
0.207000, 350325649.003222
0.208000, 351766417.410514
0.209000, 353207185.817807
0.210000, 354640931.578887
0.211000, 356074677.339967
0.212000, 357501344.264408
0.213000, 358928011.188850
0.214000, 360347543.383532
0.215000, 361767075.578215
0.216000, 363179417.449378
0.217000, 364591759.320542
0.218000, 365996855.575821
0.219000, 367401951.831101
0.220000, 368799747.481546
0.221000, 370197543.131992
0.222000, 371587983.494065
0.223000, 372978423.856138
0.224000, 374361454.553696
0.225000, 375744485.251255
0.226000, 377120052.217514
0.227000, 378495619.183774
0.228000, 379863668.663253
0.229000, 381231718.142732
0.230000, 382592196.693179
0.231000, 383952675.243626
0.232000, 385305529.737930
0.233000, 386658384.232234
0.234000, 388003561.860311
0.235000, 389348739.488388
0.236000, 390686187.759058
0.237000, 392023636.029728
0.238000, 393353302.772565
0.239000, 394682969.515401
0.240000, 396004802.882571
0.241000, 397326636.249741
0.242000, 398640584.717819
0.243000, 399954533.185898
0.244000, 401260545.557668
0.245000, 402566557.929439
0.246000, 403864583.335677
0.247000, 405162608.741914
0.248000, 406452596.643145
0.249000, 407742584.544376
0.250000, 409024484.732625
0.251000, 410306384.920874
0.252000, 411580147.521392
0.253000, 412853910.121909
0.254000, 414119485.594879
0.255000, 415385061.067848
0.256000, 416642400.210076
0.257000, 417899739.352305
0.258000, 419148793.298896
0.259000, 420397847.245488
0.260000, 421638567.471499
0.261000, 422879287.697510
0.262000, 424111626.019584
0.263000, 425343964.341658
0.264000, 426567872.919644
0.265000, 427791781.497631
0.266000, 429007212.836187
0.267000, 430222644.174743
0.268000, 431429551.124917
0.269000, 432636458.075090
0.270000, 433834793.835883
0.271000, 435033129.596677
0.272000, 436222847.716594
0.273000, 437412565.836510
0.274000, 438593620.215087
0.275000, 439774674.593664
0.276000, 440947019.482980
0.277000, 442119364.372296
0.278000, 443282954.378468
0.279000, 444446544.384640
0.280000, 445601334.469298
0.281000, 446756124.553956
0.282000, 447902070.035704
0.283000, 449048015.517452
0.284000, 450185072.073306
0.285000, 451322128.629161
0.286000, 452450252.295979
0.287000, 453578375.962796
0.288000, 454697523.138677
0.289000, 455816670.314558
0.290000, 456926797.760236
0.291000, 458036925.205914
0.292000, 459137990.046131
0.293000, 460239054.886348
0.294000, 461331014.611205
0.295000, 462422974.336062
0.296000, 463505786.802359
0.297000, 464588599.268657
0.298000, 465662222.701215
0.299000, 466735846.133773
0.300000, 467800239.126735
0.301000, 468864632.119698
0.302000, 469919753.637817
0.303000, 470974875.155936
0.304000, 472020684.535846
0.305000, 473066493.915756
0.306000, 474102950.867223
0.307000, 475139407.818690
0.308000, 476166472.425849
0.309000, 477193537.033009
0.310000, 478211169.755589
0.311000, 479228802.478168
0.312000, 480236964.152685
0.313000, 481245125.827202
0.314000, 482243777.668156
0.315000, 483242429.509110
0.316000, 484231533.110150
0.317000, 485220636.711191
0.318000, 486200154.046272
0.319000, 487179671.381353
0.320000, 488149564.805873
0.321000, 489119458.230392
0.322000, 490079690.482311
0.323000, 491039922.734230
0.324000, 491990456.935182
0.325000, 492940991.136134
0.326000, 493881790.792512
0.327000, 494822590.448890
0.328000, 495753619.452923
0.329000, 496684648.456955
0.330000, 497605871.087763
0.331000, 498527093.718572
0.332000, 499438474.643213
0.333000, 500349855.567855
0.334000, 501251359.842349
0.335000, 502152864.116843
0.336000, 503044457.187184
0.337000, 503936050.257525
0.338000, 504817697.960678
0.339000, 505699345.663831
0.340000, 506571014.228711
0.341000, 507442682.793592
0.342000, 508304338.842032
0.343000, 509165994.890472
0.344000, 510017605.438172
0.345000, 510869215.985872
0.346000, 511710748.443334
0.347000, 512552280.900796
0.348000, 513383703.074245
0.349000, 514215125.247693
0.350000, 515036405.339983
0.351000, 515857685.432272
0.352000, 516668792.043774
0.353000, 517479898.655277
0.354000, 518280800.784760
0.355000, 519081702.914244
0.356000, 519872369.959734
0.357000, 520663037.005224
0.358000, 521443438.764850
0.359000, 522223840.524475
0.360000, 522993947.197301
0.361000, 523764053.870127
0.362000, 524523836.056973
0.363000, 525283618.243820
0.364000, 526033046.948067
0.365000, 526782475.652314
0.366000, 527521522.280690
0.367000, 528260568.909066
0.368000, 528989205.272424
0.369000, 529717841.635783
0.370000, 530436039.949865
0.371000, 531154238.263947
0.372000, 531861971.150129
0.373000, 532569704.036312
0.374000, 533266944.522341
0.375000, 533964185.008371
0.376000, 534650906.529086
0.377000, 535337628.049800
0.378000, 536013804.447837
0.379000, 536689980.845874
0.380000, 537355586.372362
0.381000, 538021191.898851
0.382000, 538676201.214092
0.383000, 539331210.529335
0.384000, 539975598.703473
0.385000, 540619986.877612
0.386000, 541253729.391286
0.387000, 541887471.904959
0.388000, 542510544.649941
0.389000, 543133617.394923
0.390000, 543745996.674752
0.391000, 544358375.954580
0.392000, 544960038.485171
0.393000, 545561701.015763
0.394000, 546152623.926017
0.395000, 546743546.836270
0.396000, 547323707.668656
0.397000, 547903868.501042
0.398000, 548473245.212179
0.399000, 549042621.923316
0.400000, 549601192.884537
0.401000, 550159763.845757
0.402000, 550707507.843657
0.403000, 551255251.841558
0.404000, 551792148.078540
0.405000, 552329044.315522
0.406000, 552855072.410321
0.407000, 553381100.505120
0.408000, 553896240.493318
0.409000, 554411380.481515
0.410000, 554915612.816044
0.411000, 555419845.150573
0.412000, 555913150.702207
0.413000, 556406456.253842
0.414000, 556888816.311678
0.415000, 557371176.369514
0.416000, 557842572.641435
0.417000, 558313968.913355
0.418000, 558774383.526489
0.419000, 559234798.139622
0.420000, 559684213.640783
0.421000, 560133629.141943
0.422000, 560572028.498066
0.423000, 561010427.854188
0.424000, 561437794.452746
0.425000, 561865161.051303
0.426000, 562281478.700720
0.427000, 562697796.350137
0.428000, 563103049.280182
0.429000, 563508302.210227
0.430000, 563902475.072404
0.431000, 564296647.934581
0.432000, 564679725.802499
0.433000, 565062803.670417
0.434000, 565434772.040158
0.435000, 565806740.409899
0.436000, 566167585.200369
0.437000, 566528429.990838
0.438000, 566878137.544108
0.439000, 567227845.097377
0.440000, 567566402.179013
0.441000, 567904959.260648
0.442000, 568232353.060033
0.443000, 568559746.859417
0.444000, 568875964.990056
0.445000, 569192183.120695
0.446000, 569497213.620516
0.447000, 569802244.120337
0.448000, 570096075.451976
0.449000, 570389906.783615
0.450000, 570672527.834692
0.451000, 570955148.885769
0.452000, 571226548.969155
0.453000, 571497949.052541
0.454000, 571758117.906611
0.455000, 572018286.760682
0.456000, 572267214.549561
0.457000, 572516142.338439
0.458000, 572753819.652234
0.459000, 572991496.966029
0.460000, 573217914.821054
0.461000, 573444332.676078
0.462000, 573659482.515064
0.463000, 573874632.354050
0.464000, 574078506.046351
0.465000, 574282379.738651
0.466000, 574474969.580433
0.467000, 574667559.422215
0.468000, 574848858.136639
0.469000, 575030156.851063
0.470000, 575200157.588457
0.471000, 575370158.325851
0.472000, 575528854.663869
0.473000, 575687551.001887
0.474000, 575834936.945662
0.475000, 575982322.889436
0.476000, 576118392.871718
0.477000, 576254462.854001
0.478000, 576379211.735292
0.479000, 576503960.616583
0.480000, 576617383.685253
0.481000, 576730806.753922
0.482000, 576832899.726321
0.483000, 576934992.698719
0.484000, 577025751.719277
0.485000, 577116510.739834
0.486000, 577195932.381150
0.487000, 577275354.022467
0.488000, 577343435.285393
0.489000, 577411516.548318
0.490000, 577468254.862024
0.491000, 577524993.175729
0.492000, 577570386.397765
0.493000, 577615779.619800
0.494000, 577649826.036147
0.495000, 577683872.452493
0.496000, 577706570.777600
0.497000, 577729269.102707
0.498000, 577740618.479526
0.499000, 577751967.856344
0.500000, 577751967.856344
0.501000, 577751967.856344
0.502000, 577740618.479526
0.503000, 577729269.102707
0.504000, 577706570.777600
0.505000, 577683872.452493
0.506000, 577649826.036147
0.507000, 577615779.619800
0.508000, 577570386.397765
0.509000, 577524993.175729
0.510000, 577468254.862024
0.511000, 577411516.548318
0.512000, 577343435.285393
0.513000, 577275354.022467
0.514000, 577195932.381150
0.515000, 577116510.739834
0.516000, 577025751.719277
0.517000, 576934992.698719
0.518000, 576832899.726321
0.519000, 576730806.753922
0.520000, 576617383.685253
0.521000, 576503960.616583
0.522000, 576379211.735292
0.523000, 576254462.854001
0.524000, 576118392.871718
0.525000, 575982322.889436
0.526000, 575834936.945662
0.527000, 575687551.001887
0.528000, 575528854.663869
0.529000, 575370158.325851
0.530000, 575200157.588457
0.531000, 575030156.851063
0.532000, 574848858.136639
0.533000, 574667559.422215
0.534000, 574474969.580433
0.535000, 574282379.738651
0.536000, 574078506.046351
0.537000, 573874632.354050
0.538000, 573659482.515064
0.539000, 573444332.676078
0.540000, 573217914.821054
0.541000, 572991496.966029
0.542000, 572753819.652234
0.543000, 572516142.338439
0.544000, 572267214.549561
0.545000, 572018286.760682
0.546000, 571758117.906611
0.547000, 571497949.052541
0.548000, 571226548.969155
0.549000, 570955148.885769
0.550000, 570672527.834692
0.551000, 570389906.783615
0.552000, 570096075.451976
0.553000, 569802244.120337
0.554000, 569497213.620516
0.555000, 569192183.120695
0.556000, 568875964.990056
0.557000, 568559746.859417
0.558000, 568232353.060033
0.559000, 567904959.260648
0.560000, 567566402.179013
0.561000, 567227845.097377
0.562000, 566878137.544108
0.563000, 566528429.990838
0.564000, 566167585.200369
0.565000, 565806740.409899
0.566000, 565434772.040158
0.567000, 565062803.670417
0.568000, 564679725.802499
0.569000, 564296647.934581
0.570000, 563902475.072404
0.571000, 563508302.210227
0.572000, 563103049.280182
0.573000, 562697796.350137
0.574000, 562281478.700720
0.575000, 561865161.051303
0.576000, 561437794.452746
0.577000, 561010427.854188
0.578000, 560572028.498066
0.579000, 560133629.141943
0.580000, 559684213.640783
0.581000, 559234798.139622
0.582000, 558774383.526489
0.583000, 558313968.913355
0.584000, 557842572.641435
0.585000, 557371176.369514
0.586000, 556888816.311678
0.587000, 556406456.253842
0.588000, 555913150.702207
0.589000, 555419845.150573
0.590000, 554915612.816044
0.591000, 554411380.481515
0.592000, 553896240.493318
0.593000, 553381100.505120
0.594000, 552855072.410321
0.595000, 552329044.315522
0.596000, 551792148.078540
0.597000, 551255251.841558
0.598000, 550707507.843657
0.599000, 550159763.845757
0.600000, 549601192.884537
0.601000, 549042621.923316
0.602000, 548473245.212179
0.603000, 547903868.501042
0.604000, 547323707.668656
0.605000, 546743546.836270
0.606000, 546152623.926017
0.607000, 545561701.015763
0.608000, 544960038.485171
0.609000, 544358375.954580
0.610000, 543745996.674752
0.611000, 543133617.394923
0.612000, 542510544.649941
0.613000, 541887471.904959
0.614000, 541253729.391286
0.615000, 540619986.877612
0.616000, 539975598.703473
0.617000, 539331210.529335
0.618000, 538676201.214092
0.619000, 538021191.898851
0.620000, 537355586.372362
0.621000, 536689980.845874
0.622000, 536013804.447837
0.623000, 535337628.049800
0.624000, 534650906.529086
0.625000, 533964185.008371
0.626000, 533266944.522341
0.627000, 532569704.036312
0.628000, 531861971.150129
0.629000, 531154238.263947
0.630000, 530436039.949865
0.631000, 529717841.635783
0.632000, 528989205.272424
0.633000, 528260568.909066
0.634000, 527521522.280690
0.635000, 526782475.652314
0.636000, 526033046.948067
0.637000, 525283618.243820
0.638000, 524523836.056973
0.639000, 523764053.870127
0.640000, 522993947.197301
0.641000, 522223840.524475
0.642000, 521443438.764850
0.643000, 520663037.005224
0.644000, 519872369.959734
0.645000, 519081702.914244
0.646000, 518280800.784760
0.647000, 517479898.655277
0.648000, 516668792.043774
0.649000, 515857685.432272
0.650000, 515036405.339983
0.651000, 514215125.247693
0.652000, 513383703.074245
0.653000, 512552280.900796
0.654000, 511710748.443334
0.655000, 510869215.985872
0.656000, 510017605.438172
0.657000, 509165994.890472
0.658000, 508304338.842032
0.659000, 507442682.793592
0.660000, 506571014.228711
0.661000, 505699345.663831
0.662000, 504817697.960678
0.663000, 503936050.257525
0.664000, 503044457.187184
0.665000, 502152864.116843
0.666000, 501251359.842349
0.667000, 500349855.567855
0.668000, 499438474.643213
0.669000, 498527093.718572
0.670000, 497605871.087763
0.671000, 496684648.456955
0.672000, 495753619.452923
0.673000, 494822590.448890
0.674000, 493881790.792512
0.675000, 492940991.136134
0.676000, 491990456.935182
0.677000, 491039922.734230
0.678000, 490079690.482311
0.679000, 489119458.230392
0.680000, 488149564.805873
0.681000, 487179671.381353
0.682000, 486200154.046272
0.683000, 485220636.711191
0.684000, 484231533.110150
0.685000, 483242429.509110
0.686000, 482243777.668156
0.687000, 481245125.827202
0.688000, 480236964.152685
0.689000, 479228802.478168
0.690000, 478211169.755589
0.691000, 477193537.033009
0.692000, 476166472.425849
0.693000, 475139407.818690
0.694000, 474102950.867223
0.695000, 473066493.915756
0.696000, 472020684.535846
0.697000, 470974875.155936
0.698000, 469919753.637817
0.699000, 468864632.119698
0.700000, 467800239.126735
0.701000, 466735846.133773
0.702000, 465662222.701215
0.703000, 464588599.268657
0.704000, 463505786.802359
0.705000, 462422974.336062
0.706000, 461331014.611205
0.707000, 460239054.886348
0.708000, 459137990.046131
0.709000, 458036925.205914
0.710000, 456926797.760236
0.711000, 455816670.314558
0.712000, 454697523.138677
0.713000, 453578375.962796
0.714000, 452450252.295979
0.715000, 451322128.629161
0.716000, 450185072.073306
0.717000, 449048015.517452
0.718000, 447902070.035704
0.719000, 446756124.553956
0.720000, 445601334.469298
0.721000, 444446544.384640
0.722000, 443282954.378468
0.723000, 442119364.372296
0.724000, 440947019.482980
0.725000, 439774674.593664
0.726000, 438593620.215087
0.727000, 437412565.836510
0.728000, 436222847.716594
0.729000, 435033129.596677
0.730000, 433834793.835883
0.731000, 432636458.075090
0.732000, 431429551.124917
0.733000, 430222644.174743
0.734000, 429007212.836187
0.735000, 427791781.497631
0.736000, 426567872.919644
0.737000, 425343964.341658
0.738000, 424111626.019584
0.739000, 422879287.697510
0.740000, 421638567.471499
0.741000, 420397847.245488
0.742000, 419148793.298896
0.743000, 417899739.352305
0.744000, 416642400.210076
0.745000, 415385061.067848
0.746000, 414119485.594879
0.747000, 412853910.121909
0.748000, 411580147.521392
0.749000, 410306384.920874
0.750000, 409024484.732625
0.751000, 407742584.544376
0.752000, 406452596.643145
0.753000, 405162608.741914
0.754000, 403864583.335677
0.755000, 402566557.929439
0.756000, 401260545.557668
0.757000, 399954533.185898
0.758000, 398640584.717819
0.759000, 397326636.249741
0.760000, 396004802.882571
0.761000, 394682969.515401
0.762000, 393353302.772565
0.763000, 392023636.029728
0.764000, 390686187.759058
0.765000, 389348739.488388
0.766000, 388003561.860311
0.767000, 386658384.232234
0.768000, 385305529.737930
0.769000, 383952675.243626
0.770000, 382592196.693179
0.771000, 381231718.142732
0.772000, 379863668.663253
0.773000, 378495619.183774
0.774000, 377120052.217514
0.775000, 375744485.251255
0.776000, 374361454.553696
0.777000, 372978423.856138
0.778000, 371587983.494065
0.779000, 370197543.131992
0.780000, 368799747.481546
0.781000, 367401951.831101
0.782000, 365996855.575821
0.783000, 364591759.320542
0.784000, 363179417.449378
0.785000, 361767075.578215
0.786000, 360347543.383532
0.787000, 358928011.188850
0.788000, 357501344.264408
0.789000, 356074677.339967
0.790000, 354640931.578887
0.791000, 353207185.817807
0.792000, 351766417.410514
0.793000, 350325649.003222
0.794000, 348877914.435377
0.795000, 347430179.867532
0.796000, 345975535.917937
0.797000, 344520891.968343
0.798000, 343059395.706838
0.799000, 341597899.445333
0.800000, 340129608.230665
0.801000, 338661317.015998
0.802000, 337186288.493681
0.803000, 335711259.971364
0.804000, 334229552.071513
0.805000, 332747844.171663
0.806000, 331259515.106818
0.807000, 329771186.041974
0.808000, 328276294.304900
0.809000, 326781402.567827
0.810000, 325280006.929299
0.811000, 323778611.290771
0.812000, 322270770.797341
0.813000, 320762930.303911
0.814000, 319248704.275658
0.815000, 317734478.247404
0.816000, 316213926.275663
0.817000, 314693374.303922
0.818000, 313166556.249002
0.819000, 311639738.194082
0.820000, 310106714.182960
0.821000, 308573690.171837
0.822000, 307034520.595838
0.823000, 305495351.019838
0.824000, 303950096.532297
0.825000, 302404842.044756
0.826000, 300853563.558662
0.827000, 299302285.072568
0.828000, 297745043.758195
0.829000, 296187802.443822
0.830000, 294624659.726334
0.831000, 293061517.008845
0.832000, 291492534.565894
0.833000, 289923552.122943
0.834000, 288348791.882244
0.835000, 286774031.641544
0.836000, 285193555.778434
0.837000, 283613079.915324
0.838000, 282026950.850307
0.839000, 280440821.785290
0.840000, 278849102.181562
0.841000, 277257382.577834
0.842000, 275660135.338794
0.843000, 274062888.099755
0.844000, 272460176.366498
0.845000, 270857464.633241
0.846000, 269249351.782036
0.847000, 267641238.930830
0.848000, 266027788.570579
0.849000, 264414338.210327
0.850000, 262795614.180013
0.851000, 261176890.149698
0.852000, 259552956.515810
0.853000, 257929022.881922
0.854000, 256299943.935874
0.855000, 254670864.989826
0.856000, 253036705.245350
0.857000, 251402545.500874
0.858000, 249763369.691402
0.859000, 248124193.881930
0.860000, 246480066.957963
0.861000, 244835940.033996
0.862000, 243186927.160453
0.863000, 241537914.286909
0.864000, 239884080.840463
0.865000, 238230247.394017
0.866000, 236571658.960417
0.867000, 234913070.526816
0.868000, 233249792.898192
0.869000, 231586515.269567
0.870000, 229918614.441720
0.871000, 228250713.613873
0.872000, 226578255.783555
0.873000, 224905797.953237
0.874000, 223228849.515409
0.875000, 221551901.077581
0.876000, 219870528.622664
0.877000, 218189156.167747
0.878000, 216503426.478853
0.879000, 214817696.789958
0.880000, 213127676.840110
0.881000, 211437656.890261
0.882000, 209743413.839600
0.883000, 208049170.788938
0.884000, 206350771.981912
0.885000, 204652373.174887
0.886000, 202949886.137435
0.887000, 201247399.099982
0.888000, 199540891.536692
0.889000, 197834383.973403
0.890000, 196123923.764669
0.891000, 194413463.555935
0.892000, 192699118.755094
0.893000, 190984773.954254
0.894000, 189266612.784712
0.895000, 187548451.615170
0.896000, 185826542.467516
0.897000, 184104633.319862
0.898000, 182379044.748968
0.899000, 180653456.178073
0.900000, 178924256.900183
0.901000, 177195057.622292
0.902000, 175462316.512098
0.903000, 173729575.401904
0.904000, 171993361.489613
0.905000, 170257147.577321
0.906000, 168517530.045704
0.907000, 166777912.514088
0.908000, 165034960.695525
0.909000, 163292008.876963
0.910000, 161545792.250472
0.911000, 159799575.623981
0.912000, 158050163.812236
0.913000, 156300752.000490
0.914000, 154548214.766828
0.915000, 152795677.533166
0.916000, 151040084.778588
0.917000, 149284492.024010
0.918000, 147525913.784165
0.919000, 145767335.544320
0.920000, 144005841.986482
0.921000, 142244348.428643
0.922000, 140480009.848677
0.923000, 138715671.268711
0.924000, 136948558.088032
0.925000, 135181444.907352
0.926000, 133411627.669868
0.927000, 131641810.432383
0.928000, 129869359.801435
0.929000, 128096909.170488
0.930000, 126321895.925778
0.931000, 124546882.681069
0.932000, 122769377.715581
0.933000, 120991872.750092
0.934000, 119211947.066997
0.935000, 117432021.383902
0.936000, 115649746.093465
0.937000, 113867470.803028
0.938000, 112082917.119499
0.939000, 110298363.435971
0.940000, 108511602.674473
0.941000, 106724841.912975
0.942000, 104935945.486379
0.943000, 103147049.059783
0.944000, 101356088.475579
0.945000, 99565127.891375
0.946000, 97772174.748535
0.947000, 95979221.605695
0.948000, 94184347.591527
0.949000, 92389473.577359
0.950000, 90592750.464357
0.951000, 88796027.351356
0.952000, 86997526.994043
0.953000, 85199026.636729
0.954000, 83398820.968488
0.955000, 81598615.300248
0.956000, 79796776.330156
0.957000, 77994937.360064
0.958000, 76191537.169712
0.959000, 74388136.979360
0.960000, 72583247.719672
0.961000, 70778358.459984
0.962000, 68972052.348028
0.963000, 67165746.236073
0.964000, 65358095.551870
0.965000, 63550444.867667
0.966000, 61741521.950990
0.967000, 59932599.034313
0.968000, 58122476.281485
0.969000, 56312353.528657
0.970000, 54501103.389345
0.971000, 52689853.250033
0.972000, 50877548.224034
0.973000, 49065243.198035
0.974000, 47251955.832063
0.975000, 45438668.466091
0.976000, 43624471.350556
0.977000, 41810274.235021
0.978000, 39995240.000805
0.979000, 38180205.766590
0.980000, 36364407.081825
0.981000, 34548608.397061
0.982000, 32732117.963897
0.983000, 30915627.530733
0.984000, 29098518.082105
0.985000, 27281408.633478
0.986000, 25463752.929876
0.987000, 23646097.226275
0.988000, 21827968.052505
0.989000, 20009838.878735
0.990000, 18191309.040680
0.991000, 16372779.202625
0.992000, 14553921.524007
0.993000, 12735063.845389
0.994000, 10915951.164527
0.995000, 9096838.483665
0.996000, 7277543.650231
0.997000, 5458248.816798
0.998000, 3638844.688577
0.999000, 1819440.560357
1.000000, 0.000000
