0.000000, 0.000000
0.001000, 23614.168909
0.002000, 47227.871695
0.003000, 70841.574481
0.004000, 94453.878915
0.005000, 118066.183349
0.006000, 141676.157257
0.007000, 165286.131166
0.008000, 188892.842467
0.009000, 212499.553769
0.010000, 236102.070512
0.011000, 259704.587254
0.012000, 283301.977650
0.013000, 306899.368047
0.014000, 330490.700512
0.015000, 354082.032978
0.016000, 377666.376167
0.017000, 401250.719356
0.018000, 424827.142200
0.019000, 448403.565044
0.020000, 471971.136785
0.021000, 495538.708526
0.022000, 519096.498757
0.023000, 542654.288989
0.024000, 566201.367689
0.025000, 589748.446389
0.026000, 613283.883960
0.027000, 636819.321531
0.028000, 660342.188833
0.029000, 683865.056136
0.030000, 707374.424528
0.031000, 730883.792920
0.032000, 754378.734291
0.033000, 777873.675663
0.034000, 801353.262474
0.035000, 824832.849285
0.036000, 848296.154602
0.037000, 871759.459919
0.038000, 895205.557450
0.039000, 918651.654982
0.040000, 942079.619116
0.041000, 965507.583250
0.042000, 988916.489091
0.043000, 1012325.394933
0.044000, 1035714.318337
0.045000, 1059103.241742
0.046000, 1082471.259355
0.047000, 1105839.276968
0.048000, 1129185.466261
0.049000, 1152531.655554
0.050000, 1175855.094859
0.051000, 1199178.534163
0.052000, 1222478.302710
0.053000, 1245778.071257
0.054000, 1269053.249212
0.055000, 1292328.427166
0.056000, 1315578.095664
0.057000, 1338827.764162
0.058000, 1362051.005345
0.059000, 1385274.246529
0.060000, 1408470.143585
0.061000, 1431666.040642
0.062000, 1454833.677836
0.063000, 1478001.315030
0.064000, 1501139.777744
0.065000, 1524278.240458
0.066000, 1547386.615224
0.067000, 1570494.989990
0.068000, 1593572.364530
0.069000, 1616649.739069
0.070000, 1639695.202327
0.071000, 1662740.665585
0.072000, 1685753.307766
0.073000, 1708765.949946
0.074000, 1731744.862550
0.075000, 1754723.775154
0.076000, 1777668.051013
0.077000, 1800612.326872
0.078000, 1823521.060184
0.079000, 1846429.793497
0.080000, 1869302.079867
0.081000, 1892174.366237
0.082000, 1915009.302704
0.083000, 1937844.239172
0.084000, 1960640.924253
0.085000, 1983437.609335
0.086000, 2006195.143056
0.087000, 2028952.676777
0.088000, 2051670.160709
0.089000, 2074387.644642
0.090000, 2097064.181938
0.091000, 2119740.719234
0.092000, 2142375.414663
0.093000, 2165010.110092
0.094000, 2187602.070075
0.095000, 2210194.030058
0.096000, 2232742.362704
0.097000, 2255290.695349
0.098000, 2277794.510487
0.099000, 2300298.325624
0.100000, 2322756.734842
0.101000, 2345215.144061
0.102000, 2367627.260740
0.103000, 2390039.377419
0.104000, 2412404.316767
0.105000, 2434769.256114
0.106000, 2457086.135202
0.107000, 2479403.014289
0.108000, 2501670.952084
0.109000, 2523938.889878
0.110000, 2546157.007280
0.111000, 2568375.124681
0.112000, 2590542.544557
0.113000, 2612709.964432
0.114000, 2634825.811650
0.115000, 2656941.658868
0.116000, 2679005.060332
0.117000, 2701068.461796
0.118000, 2723078.546481
0.119000, 2745088.631166
0.120000, 2767044.530152
0.121000, 2789000.429138
0.122000, 2810901.275643
0.123000, 2832802.122148
0.124000, 2854647.051564
0.125000, 2876491.980980
0.126000, 2898280.130908
0.127000, 2920068.280835
0.128000, 2941798.791115
0.129000, 2963529.301394
0.130000, 2985201.314142
0.131000, 3006873.326891
0.132000, 3028485.986534
0.133000, 3050098.646177
0.134000, 3071651.099484
0.135000, 3093203.552791
0.136000, 3114694.948908
0.137000, 3136186.345025
0.138000, 3157615.835509
0.139000, 3179045.325993
0.140000, 3200412.064843
0.141000, 3221778.803694
0.142000, 3243081.947389
0.143000, 3264385.091085
0.144000, 3285623.798613
0.145000, 3306862.506142
0.146000, 3328035.939035
0.147000, 3349209.371929
0.148000, 3370316.694297
0.149000, 3391424.016665
0.150000, 3412464.395227
0.151000, 3433504.773788
0.152000, 3454477.377905
0.153000, 3475449.982022
0.154000, 3496353.983732
0.155000, 3517257.985441
0.156000, 3538092.559490
0.157000, 3558927.133538
0.158000, 3579691.457411
0.159000, 3600455.781285
0.160000, 3621149.035244
0.161000, 3641842.289203
0.162000, 3662463.656313
0.163000, 3683085.023423
0.164000, 3703633.689588
0.165000, 3724182.355753
0.166000, 3744657.509747
0.167000, 3765132.663740
0.168000, 3785533.497239
0.169000, 3805934.330737
0.170000, 3826260.038350
0.171000, 3846585.745963
0.172000, 3866835.525267
0.173000, 3887085.304570
0.174000, 3907258.356138
0.175000, 3927431.407706
0.176000, 3947526.935140
0.177000, 3967622.462574
0.178000, 3987639.672537
0.179000, 4007656.882501
0.180000, 4027594.984748
0.181000, 4047533.086996
0.182000, 4067391.294406
0.183000, 4087249.501815
0.184000, 4107027.030419
0.185000, 4126804.559023
0.186000, 4146500.628038
0.187000, 4166196.697053
0.188000, 4185810.528912
0.189000, 4205424.360771
0.190000, 4224955.181154
0.191000, 4244486.001536
0.192000, 4263933.039399
0.193000, 4283380.077262
0.194000, 4302742.564869
0.195000, 4322105.052476
0.196000, 4341382.225430
0.197000, 4360659.398384
0.198000, 4379850.495654
0.199000, 4399041.592925
0.200000, 4418145.856881
0.201000, 4437250.120836
0.202000, 4456266.797274
0.203000, 4475283.473711
0.204000, 4494211.811884
0.205000, 4513140.150057
0.206000, 4531979.402707
0.207000, 4550818.655357
0.208000, 4569568.078743
0.209000, 4588317.502129
0.210000, 4606976.356056
0.211000, 4625635.209983
0.212000, 4644202.757831
0.213000, 4662770.305679
0.214000, 4681245.814433
0.215000, 4699721.323187
0.216000, 4718104.063466
0.217000, 4736486.803744
0.218000, 4754776.049829
0.219000, 4773065.295913
0.220000, 4791260.325775
0.221000, 4809455.355637
0.222000, 4827555.450967
0.223000, 4845655.546298
0.224000, 4863659.992537
0.225000, 4881664.438775
0.226000, 4899572.525137
0.227000, 4917480.611500
0.228000, 4935291.631004
0.229000, 4953102.650509
0.230000, 4970815.900008
0.231000, 4988529.149507
0.232000, 5006143.929712
0.233000, 5023758.709916
0.234000, 5041274.325425
0.235000, 5058789.940933
0.236000, 5076205.700260
0.237000, 5093621.459586
0.238000, 5110936.675185
0.239000, 5128251.890784
0.240000, 5145465.879082
0.241000, 5162679.867380
0.242000, 5179791.948796
0.243000, 5196904.030213
0.244000, 5213913.529194
0.245000, 5230923.028175
0.246000, 5247829.273213
0.247000, 5264735.518252
0.248000, 5281537.841918
0.249000, 5298340.165585
0.250000, 5315037.904553
0.251000, 5331735.643521
0.252000, 5348328.138592
0.253000, 5364920.633663
0.254000, 5381407.229793
0.255000, 5397893.825924
0.256000, 5414273.872252
0.257000, 5430653.918580
0.258000, 5446926.768449
0.259000, 5463199.618318
0.260000, 5479364.629304
0.261000, 5495529.640290
0.262000, 5511586.174225
0.263000, 5527642.708161
0.264000, 5543590.131162
0.265000, 5559537.554163
0.266000, 5575375.236653
0.267000, 5591212.919142
0.268000, 5606940.235875
0.269000, 5622667.552608
0.270000, 5638283.882698
0.271000, 5653900.212787
0.272000, 5669404.939727
0.273000, 5684909.666667
0.274000, 5700302.178357
0.275000, 5715694.690047
0.276000, 5730974.378818
0.277000, 5746254.067588
0.278000, 5761420.330222
0.279000, 5776586.592857
0.280000, 5791638.830618
0.281000, 5806691.068379
0.282000, 5821628.687029
0.283000, 5836566.305679
0.284000, 5851388.715508
0.285000, 5866211.125336
0.286000, 5880917.741180
0.287000, 5895624.357023
0.288000, 5910214.598288
0.289000, 5924804.839554
0.290000, 5939278.130245
0.291000, 5953751.420936
0.292000, 5968107.189671
0.293000, 5982462.958405
0.294000, 5996700.638443
0.295000, 6010938.318481
0.296000, 6025057.347743
0.297000, 6039176.377004
0.298000, 6053176.198095
0.299000, 6067176.019185
0.300000, 6081056.079415
0.301000, 6094936.139645
0.302000, 6108695.891054
0.303000, 6122455.642463
0.304000, 6136094.541839
0.305000, 6149733.441215
0.306000, 6163250.950118
0.307000, 6176768.459021
0.308000, 6190164.043803
0.309000, 6203559.628584
0.310000, 6216832.760410
0.311000, 6230105.892236
0.312000, 6243256.047105
0.313000, 6256406.201974
0.314000, 6269432.860741
0.315000, 6282459.519509
0.316000, 6295362.167903
0.317000, 6308264.816298
0.318000, 6321042.944947
0.319000, 6333821.073595
0.320000, 6346474.178037
0.321000, 6359127.282480
0.322000, 6371654.863195
0.323000, 6384182.443909
0.324000, 6396584.006328
0.325000, 6408985.568747
0.326000, 6421260.623278
0.327000, 6433535.677808
0.328000, 6445683.739853
0.329000, 6457831.801897
0.330000, 6469852.391870
0.331000, 6481872.981844
0.332000, 6493765.625194
0.333000, 6505658.268544
0.334000, 6517422.495770
0.335000, 6529186.722995
0.336000, 6540822.069665
0.337000, 6552457.416334
0.338000, 6563963.423104
0.339000, 6575469.429874
0.340000, 6586845.642507
0.341000, 6598221.855140
0.342000, 6609467.824523
0.343000, 6620713.793905
0.344000, 6631829.076066
0.345000, 6642944.358226
0.346000, 6653928.514352
0.347000, 6664912.670478
0.348000, 6675765.266934
0.349000, 6686617.863390
0.350000, 6697338.471734
0.351000, 6708059.080079
0.352000, 6718647.277079
0.353000, 6729235.474080
0.354000, 6739690.841734
0.355000, 6750146.209388
0.356000, 6760468.334934
0.357000, 6770790.460481
0.358000, 6780978.936421
0.359000, 6791167.412360
0.360000, 6801221.836470
0.361000, 6811276.260579
0.362000, 6821196.235926
0.363000, 6831116.211273
0.364000, 6840901.346234
0.365000, 6850686.481196
0.366000, 6860336.389471
0.367000, 6869986.297747
0.368000, 6879500.598374
0.369000, 6889014.899002
0.370000, 6898393.216374
0.371000, 6907771.533745
0.372000, 6917013.497620
0.373000, 6926255.461496
0.374000, 6935360.707018
0.375000, 6944465.952540
0.376000, 6953434.120250
0.377000, 6962402.287960
0.378000, 6971233.023810
0.379000, 6980063.759659
0.380000, 6988756.715026
0.381000, 6997449.670393
0.382000, 7006004.502094
0.383000, 7014559.333795
0.384000, 7022975.704100
0.385000, 7031392.074405
0.386000, 7039669.651051
0.387000, 7047947.227696
0.388000, 7056085.683898
0.389000, 7064224.140099
0.390000, 7072223.154564
0.391000, 7080222.169028
0.392000, 7088081.425969
0.393000, 7095940.682910
0.394000, 7103659.872056
0.395000, 7111379.061203
0.396000, 7118957.877816
0.397000, 7126536.694428
0.398000, 7133974.839307
0.399000, 7141412.984187
0.400000, 7148710.163688
0.401000, 7156007.343189
0.402000, 7163163.269231
0.403000, 7170319.195274
0.404000, 7177333.585354
0.405000, 7184347.975435
0.406000, 7191220.552637
0.407000, 7198093.129839
0.408000, 7204823.622846
0.409000, 7211554.115852
0.410000, 7218142.258954
0.411000, 7224730.402056
0.412000, 7231175.935166
0.413000, 7237621.468275
0.414000, 7243924.136933
0.415000, 7250226.805591
0.416000, 7256386.360979
0.417000, 7262545.916368
0.418000, 7268562.115317
0.419000, 7274578.314266
0.420000, 7280450.919268
0.421000, 7286323.524270
0.422000, 7292052.303483
0.423000, 7297781.082696
0.424000, 7303365.809959
0.425000, 7308950.537221
0.426000, 7314390.992058
0.427000, 7319831.446894
0.428000, 7325127.414525
0.429000, 7330423.382155
0.430000, 7335574.653504
0.431000, 7340725.924853
0.432000, 7345732.296556
0.433000, 7350738.668260
0.434000, 7355599.942676
0.435000, 7360461.217091
0.436000, 7365177.202304
0.437000, 7369893.187517
0.438000, 7374463.697348
0.439000, 7379034.207179
0.440000, 7383459.061192
0.441000, 7387883.915205
0.442000, 7392162.938714
0.443000, 7396441.962224
0.444000, 7400574.986302
0.445000, 7404708.010379
0.446000, 7408694.871860
0.447000, 7412681.733341
0.448000, 7416522.274831
0.449000, 7420362.816321
0.450000, 7424056.886202
0.451000, 7427750.956083
0.452000, 7431298.408519
0.453000, 7434845.860955
0.454000, 7438246.555898
0.455000, 7441647.250842
0.456000, 7444901.054041
0.457000, 7448154.857239
0.458000, 7451261.640237
0.459000, 7454368.423235
0.460000, 7457328.063382
0.461000, 7460287.703530
0.462000, 7463100.083985
0.463000, 7465912.464440
0.464000, 7468577.474175
0.465000, 7471242.483910
0.466000, 7473760.017715
0.467000, 7476277.551519
0.468000, 7478647.510006
0.469000, 7481017.468492
0.470000, 7483239.758099
0.471000, 7485462.047705
0.472000, 7487536.580699
0.473000, 7489611.113694
0.474000, 7491537.808177
0.475000, 7493464.502660
0.476000, 7495243.282569
0.477000, 7497022.062478
0.478000, 7498652.857590
0.479000, 7500283.652702
0.480000, 7501766.398636
0.481000, 7503249.144570
0.482000, 7504583.782790
0.483000, 7505918.421010
0.484000, 7507104.898826
0.485000, 7508291.376642
0.486000, 7509329.647215
0.487000, 7510367.917787
0.488000, 7511257.940127
0.489000, 7512147.962467
0.490000, 7512889.701437
0.491000, 7513631.440408
0.492000, 7514224.866726
0.493000, 7514818.293045
0.494000, 7515263.383284
0.495000, 7515708.473523
0.496000, 7516005.210112
0.497000, 7516301.946700
0.498000, 7516450.317923
0.499000, 7516598.689146
0.500000, 7516598.689146
0.501000, 7516598.689146
0.502000, 7516450.317923
0.503000, 7516301.946700
0.504000, 7516005.210112
0.505000, 7515708.473523
0.506000, 7515263.383284
0.507000, 7514818.293045
0.508000, 7514224.866726
0.509000, 7513631.440408
0.510000, 7512889.701437
0.511000, 7512147.962467
0.512000, 7511257.940127
0.513000, 7510367.917787
0.514000, 7509329.647215
0.515000, 7508291.376642
0.516000, 7507104.898826
0.517000, 7505918.421010
0.518000, 7504583.782790
0.519000, 7503249.144570
0.520000, 7501766.398636
0.521000, 7500283.652702
0.522000, 7498652.857590
0.523000, 7497022.062478
0.524000, 7495243.282569
0.525000, 7493464.502660
0.526000, 7491537.808177
0.527000, 7489611.113694
0.528000, 7487536.580699
0.529000, 7485462.047705
0.530000, 7483239.758099
0.531000, 7481017.468492
0.532000, 7478647.510006
0.533000, 7476277.551519
0.534000, 7473760.017715
0.535000, 7471242.483910
0.536000, 7468577.474175
0.537000, 7465912.464440
0.538000, 7463100.083985
0.539000, 7460287.703530
0.540000, 7457328.063382
0.541000, 7454368.423235
0.542000, 7451261.640237
0.543000, 7448154.857239
0.544000, 7444901.054041
0.545000, 7441647.250842
0.546000, 7438246.555898
0.547000, 7434845.860955
0.548000, 7431298.408519
0.549000, 7427750.956083
0.550000, 7424056.886202
0.551000, 7420362.816321
0.552000, 7416522.274831
0.553000, 7412681.733341
0.554000, 7408694.871860
0.555000, 7404708.010379
0.556000, 7400574.986302
0.557000, 7396441.962224
0.558000, 7392162.938714
0.559000, 7387883.915205
0.560000, 7383459.061192
0.561000, 7379034.207179
0.562000, 7374463.697348
0.563000, 7369893.187517
0.564000, 7365177.202304
0.565000, 7360461.217091
0.566000, 7355599.942676
0.567000, 7350738.668260
0.568000, 7345732.296556
0.569000, 7340725.924853
0.570000, 7335574.653504
0.571000, 7330423.382155
0.572000, 7325127.414525
0.573000, 7319831.446894
0.574000, 7314390.992058
0.575000, 7308950.537221
0.576000, 7303365.809959
0.577000, 7297781.082696
0.578000, 7292052.303483
0.579000, 7286323.524270
0.580000, 7280450.919268
0.581000, 7274578.314266
0.582000, 7268562.115317
0.583000, 7262545.916368
0.584000, 7256386.360979
0.585000, 7250226.805591
0.586000, 7243924.136933
0.587000, 7237621.468275
0.588000, 7231175.935166
0.589000, 7224730.402056
0.590000, 7218142.258954
0.591000, 7211554.115852
0.592000, 7204823.622846
0.593000, 7198093.129839
0.594000, 7191220.552637
0.595000, 7184347.975435
0.596000, 7177333.585354
0.597000, 7170319.195274
0.598000, 7163163.269231
0.599000, 7156007.343189
0.600000, 7148710.163688
0.601000, 7141412.984187
0.602000, 7133974.839307
0.603000, 7126536.694428
0.604000, 7118957.877816
0.605000, 7111379.061203
0.606000, 7103659.872056
0.607000, 7095940.682910
0.608000, 7088081.425969
0.609000, 7080222.169028
0.610000, 7072223.154564
0.611000, 7064224.140099
0.612000, 7056085.683898
0.613000, 7047947.227696
0.614000, 7039669.651051
0.615000, 7031392.074405
0.616000, 7022975.704100
0.617000, 7014559.333795
0.618000, 7006004.502094
0.619000, 6997449.670393
0.620000, 6988756.715026
0.621000, 6980063.759659
0.622000, 6971233.023810
0.623000, 6962402.287960
0.624000, 6953434.120250
0.625000, 6944465.952540
0.626000, 6935360.707018
0.627000, 6926255.461496
0.628000, 6917013.497620
0.629000, 6907771.533745
0.630000, 6898393.216374
0.631000, 6889014.899002
0.632000, 6879500.598374
0.633000, 6869986.297747
0.634000, 6860336.389471
0.635000, 6850686.481196
0.636000, 6840901.346234
0.637000, 6831116.211273
0.638000, 6821196.235926
0.639000, 6811276.260579
0.640000, 6801221.836470
0.641000, 6791167.412360
0.642000, 6780978.936421
0.643000, 6770790.460481
0.644000, 6760468.334934
0.645000, 6750146.209388
0.646000, 6739690.841734
0.647000, 6729235.474080
0.648000, 6718647.277079
0.649000, 6708059.080079
0.650000, 6697338.471734
0.651000, 6686617.863390
0.652000, 6675765.266934
0.653000, 6664912.670478
0.654000, 6653928.514352
0.655000, 6642944.358226
0.656000, 6631829.076066
0.657000, 6620713.793905
0.658000, 6609467.824523
0.659000, 6598221.855140
0.660000, 6586845.642507
0.661000, 6575469.429874
0.662000, 6563963.423104
0.663000, 6552457.416334
0.664000, 6540822.069665
0.665000, 6529186.722995
0.666000, 6517422.495770
0.667000, 6505658.268544
0.668000, 6493765.625194
0.669000, 6481872.981844
0.670000, 6469852.391870
0.671000, 6457831.801897
0.672000, 6445683.739853
0.673000, 6433535.677808
0.674000, 6421260.623278
0.675000, 6408985.568747
0.676000, 6396584.006328
0.677000, 6384182.443909
0.678000, 6371654.863195
0.679000, 6359127.282480
0.680000, 6346474.178037
0.681000, 6333821.073595
0.682000, 6321042.944947
0.683000, 6308264.816298
0.684000, 6295362.167903
0.685000, 6282459.519509
0.686000, 6269432.860741
0.687000, 6256406.201974
0.688000, 6243256.047105
0.689000, 6230105.892236
0.690000, 6216832.760410
0.691000, 6203559.628584
0.692000, 6190164.043803
0.693000, 6176768.459021
0.694000, 6163250.950118
0.695000, 6149733.441215
0.696000, 6136094.541839
0.697000, 6122455.642463
0.698000, 6108695.891054
0.699000, 6094936.139645
0.700000, 6081056.079415
0.701000, 6067176.019185
0.702000, 6053176.198095
0.703000, 6039176.377004
0.704000, 6025057.347743
0.705000, 6010938.318481
0.706000, 5996700.638443
0.707000, 5982462.958405
0.708000, 5968107.189671
0.709000, 5953751.420936
0.710000, 5939278.130245
0.711000, 5924804.839554
0.712000, 5910214.598288
0.713000, 5895624.357023
0.714000, 5880917.741180
0.715000, 5866211.125336
0.716000, 5851388.715508
0.717000, 5836566.305679
0.718000, 5821628.687029
0.719000, 5806691.068379
0.720000, 5791638.830618
0.721000, 5776586.592857
0.722000, 5761420.330222
0.723000, 5746254.067588
0.724000, 5730974.378818
0.725000, 5715694.690047
0.726000, 5700302.178357
0.727000, 5684909.666667
0.728000, 5669404.939727
0.729000, 5653900.212787
0.730000, 5638283.882698
0.731000, 5622667.552608
0.732000, 5606940.235875
0.733000, 5591212.919142
0.734000, 5575375.236653
0.735000, 5559537.554163
0.736000, 5543590.131162
0.737000, 5527642.708161
0.738000, 5511586.174225
0.739000, 5495529.640290
0.740000, 5479364.629304
0.741000, 5463199.618318
0.742000, 5446926.768449
0.743000, 5430653.918580
0.744000, 5414273.872252
0.745000, 5397893.825924
0.746000, 5381407.229793
0.747000, 5364920.633663
0.748000, 5348328.138592
0.749000, 5331735.643521
0.750000, 5315037.904553
0.751000, 5298340.165585
0.752000, 5281537.841918
0.753000, 5264735.518252
0.754000, 5247829.273213
0.755000, 5230923.028175
0.756000, 5213913.529194
0.757000, 5196904.030213
0.758000, 5179791.948796
0.759000, 5162679.867380
0.760000, 5145465.879082
0.761000, 5128251.890784
0.762000, 5110936.675185
0.763000, 5093621.459586
0.764000, 5076205.700260
0.765000, 5058789.940933
0.766000, 5041274.325425
0.767000, 5023758.709916
0.768000, 5006143.929712
0.769000, 4988529.149507
0.770000, 4970815.900008
0.771000, 4953102.650509
0.772000, 4935291.631004
0.773000, 4917480.611500
0.774000, 4899572.525137
0.775000, 4881664.438775
0.776000, 4863659.992537
0.777000, 4845655.546298
0.778000, 4827555.450967
0.779000, 4809455.355637
0.780000, 4791260.325775
0.781000, 4773065.295913
0.782000, 4754776.049829
0.783000, 4736486.803744
0.784000, 4718104.063466
0.785000, 4699721.323187
0.786000, 4681245.814433
0.787000, 4662770.305679
0.788000, 4644202.757831
0.789000, 4625635.209983
0.790000, 4606976.356056
0.791000, 4588317.502129
0.792000, 4569568.078743
0.793000, 4550818.655357
0.794000, 4531979.402707
0.795000, 4513140.150057
0.796000, 4494211.811884
0.797000, 4475283.473711
0.798000, 4456266.797274
0.799000, 4437250.120836
0.800000, 4418145.856881
0.801000, 4399041.592925
0.802000, 4379850.495654
0.803000, 4360659.398384
0.804000, 4341382.225430
0.805000, 4322105.052476
0.806000, 4302742.564869
0.807000, 4283380.077262
0.808000, 4263933.039399
0.809000, 4244486.001536
0.810000, 4224955.181154
0.811000, 4205424.360771
0.812000, 4185810.528912
0.813000, 4166196.697053
0.814000, 4146500.628038
0.815000, 4126804.559023
0.816000, 4107027.030419
0.817000, 4087249.501815
0.818000, 4067391.294406
0.819000, 4047533.086996
0.820000, 4027594.984748
0.821000, 4007656.882501
0.822000, 3987639.672537
0.823000, 3967622.462574
0.824000, 3947526.935140
0.825000, 3927431.407706
0.826000, 3907258.356138
0.827000, 3887085.304570
0.828000, 3866835.525267
0.829000, 3846585.745963
0.830000, 3826260.038350
0.831000, 3805934.330737
0.832000, 3785533.497239
0.833000, 3765132.663740
0.834000, 3744657.509747
0.835000, 3724182.355753
0.836000, 3703633.689588
0.837000, 3683085.023423
0.838000, 3662463.656313
0.839000, 3641842.289203
0.840000, 3621149.035244
0.841000, 3600455.781285
0.842000, 3579691.457411
0.843000, 3558927.133538
0.844000, 3538092.559490
0.845000, 3517257.985441
0.846000, 3496353.983732
0.847000, 3475449.982022
0.848000, 3454477.377905
0.849000, 3433504.773788
0.850000, 3412464.395227
0.851000, 3391424.016665
0.852000, 3370316.694297
0.853000, 3349209.371929
0.854000, 3328035.939035
0.855000, 3306862.506142
0.856000, 3285623.798613
0.857000, 3264385.091085
0.858000, 3243081.947389
0.859000, 3221778.803694
0.860000, 3200412.064843
0.861000, 3179045.325993
0.862000, 3157615.835509
0.863000, 3136186.345025
0.864000, 3114694.948908
0.865000, 3093203.552791
0.866000, 3071651.099484
0.867000, 3050098.646177
0.868000, 3028485.986534
0.869000, 3006873.326891
0.870000, 2985201.314142
0.871000, 2963529.301394
0.872000, 2941798.791115
0.873000, 2920068.280835
0.874000, 2898280.130908
0.875000, 2876491.980980
0.876000, 2854647.051564
0.877000, 2832802.122148
0.878000, 2810901.275643
0.879000, 2789000.429138
0.880000, 2767044.530152
0.881000, 2745088.631166
0.882000, 2723078.546481
0.883000, 2701068.461796
0.884000, 2679005.060332
0.885000, 2656941.658868
0.886000, 2634825.811650
0.887000, 2612709.964432
0.888000, 2590542.544557
0.889000, 2568375.124681
0.890000, 2546157.007280
0.891000, 2523938.889878
0.892000, 2501670.952084
0.893000, 2479403.014289
0.894000, 2457086.135202
0.895000, 2434769.256114
0.896000, 2412404.316767
0.897000, 2390039.377419
0.898000, 2367627.260740
0.899000, 2345215.144061
0.900000, 2322756.734842
0.901000, 2300298.325624
0.902000, 2277794.510487
0.903000, 2255290.695349
0.904000, 2232742.362704
0.905000, 2210194.030058
0.906000, 2187602.070075
0.907000, 2165010.110092
0.908000, 2142375.414663
0.909000, 2119740.719234
0.910000, 2097064.181938
0.911000, 2074387.644642
0.912000, 2051670.160709
0.913000, 2028952.676777
0.914000, 2006195.143056
0.915000, 1983437.609335
0.916000, 1960640.924253
0.917000, 1937844.239172
0.918000, 1915009.302704
0.919000, 1892174.366237
0.920000, 1869302.079867
0.921000, 1846429.793497
0.922000, 1823521.060184
0.923000, 1800612.326872
0.924000, 1777668.051013
0.925000, 1754723.775154
0.926000, 1731744.862550
0.927000, 1708765.949946
0.928000, 1685753.307766
0.929000, 1662740.665585
0.930000, 1639695.202327
0.931000, 1616649.739069
0.932000, 1593572.364530
0.933000, 1570494.989990
0.934000, 1547386.615224
0.935000, 1524278.240458
0.936000, 1501139.777744
0.937000, 1478001.315030
0.938000, 1454833.677836
0.939000, 1431666.040642
0.940000, 1408470.143585
0.941000, 1385274.246529
0.942000, 1362051.005345
0.943000, 1338827.764162
0.944000, 1315578.095664
0.945000, 1292328.427166
0.946000, 1269053.249212
0.947000, 1245778.071257
0.948000, 1222478.302710
0.949000, 1199178.534163
0.950000, 1175855.094859
0.951000, 1152531.655554
0.952000, 1129185.466261
0.953000, 1105839.276968
0.954000, 1082471.259355
0.955000, 1059103.241742
0.956000, 1035714.318337
0.957000, 1012325.394933
0.958000, 988916.489091
0.959000, 965507.583250
0.960000, 942079.619116
0.961000, 918651.654982
0.962000, 895205.557450
0.963000, 871759.459919
0.964000, 848296.154602
0.965000, 824832.849285
0.966000, 801353.262474
0.967000, 777873.675663
0.968000, 754378.734291
0.969000, 730883.792920
0.970000, 707374.424528
0.971000, 683865.056136
0.972000, 660342.188833
0.973000, 636819.321531
0.974000, 613283.883960
0.975000, 589748.446389
0.976000, 566201.367689
0.977000, 542654.288989
0.978000, 519096.498757
0.979000, 495538.708526
0.980000, 471971.136785
0.981000, 448403.565044
0.982000, 424827.142200
0.983000, 401250.719356
0.984000, 377666.376167
0.985000, 354082.032978
0.986000, 330490.700512
0.987000, 306899.368047
0.988000, 283301.977650
0.989000, 259704.587254
0.990000, 236102.070512
0.991000, 212499.553769
0.992000, 188892.842467
0.993000, 165286.131166
0.994000, 141676.157257
0.995000, 118066.183349
0.996000, 94453.878915
0.997000, 70841.574481
0.998000, 47227.871695
0.999000, 23614.168909
1.000000, 0.000000
