0.000000, 0.000000
0.001000, 2692.662200
0.002000, 5385.271248
0.003000, 8077.880297
0.004000, 10770.329895
0.005000, 13462.779493
0.006000, 16154.963348
0.007000, 18847.147202
0.008000, 21538.959030
0.009000, 24230.770858
0.010000, 26922.104392
0.011000, 29613.437925
0.012000, 32304.186914
0.013000, 34994.935904
0.014000, 37684.994123
0.015000, 40375.052342
0.016000, 43064.313593
0.017000, 45753.574843
0.018000, 48441.932957
0.019000, 51130.291071
0.020000, 53817.639917
0.021000, 56504.988763
0.022000, 59191.222248
0.023000, 61877.455734
0.024000, 64562.467812
0.025000, 67247.479889
0.026000, 69931.164559
0.027000, 72614.849229
0.028000, 75297.100544
0.029000, 77979.351859
0.030000, 80660.063929
0.031000, 83340.775998
0.032000, 86019.842992
0.033000, 88698.909986
0.034000, 91376.226139
0.035000, 94053.542292
0.036000, 96729.001909
0.037000, 99404.461526
0.038000, 102077.958984
0.039000, 104751.456442
0.040000, 107422.886196
0.041000, 110094.315950
0.042000, 112763.572536
0.043000, 115432.829122
0.044000, 118099.807163
0.045000, 120766.785204
0.046000, 123431.379412
0.047000, 126095.973621
0.048000, 128758.078802
0.049000, 131420.183984
0.050000, 134079.695043
0.051000, 136739.206103
0.052000, 139396.018048
0.053000, 142052.829993
0.054000, 144706.837936
0.055000, 147360.845880
0.056000, 150011.945046
0.057000, 152663.044213
0.058000, 155311.129942
0.059000, 157959.215671
0.060000, 160604.183420
0.061000, 163249.151169
0.062000, 165890.896519
0.063000, 168532.641870
0.064000, 171171.060531
0.065000, 173809.479191
0.066000, 176444.467002
0.067000, 179079.454812
0.068000, 181710.907747
0.069000, 184342.360682
0.070000, 186970.174857
0.071000, 189597.989032
0.072000, 192222.060704
0.073000, 194846.132377
0.074000, 197466.357954
0.075000, 200086.583531
0.076000, 202702.859570
0.077000, 205319.135609
0.078000, 207931.358825
0.079000, 210543.582040
0.080000, 213151.649305
0.081000, 215759.716570
0.082000, 218363.524923
0.083000, 220967.333276
0.084000, 223566.779923
0.085000, 226166.226570
0.086000, 228761.208889
0.087000, 231356.191209
0.088000, 233946.606755
0.089000, 236537.022301
0.090000, 239122.768809
0.091000, 241708.515317
0.092000, 244289.490705
0.093000, 246870.466094
0.094000, 249446.568471
0.095000, 252022.670848
0.096000, 254593.798514
0.097000, 257164.926179
0.098000, 259730.977629
0.099000, 262297.029079
0.100000, 264857.903010
0.101000, 267418.776941
0.102000, 269974.372254
0.103000, 272529.967567
0.104000, 275080.183373
0.105000, 277630.399178
0.106000, 280175.134796
0.107000, 282719.870415
0.108000, 285259.025386
0.109000, 287798.180356
0.110000, 290331.654437
0.111000, 292865.128518
0.112000, 295392.821692
0.113000, 297920.514866
0.114000, 300442.327344
0.115000, 302964.139822
0.116000, 305479.972047
0.117000, 307995.804272
0.118000, 310505.556924
0.119000, 313015.309576
0.120000, 315518.883574
0.121000, 318022.457571
0.122000, 320519.754078
0.123000, 323017.050584
0.124000, 325507.971011
0.125000, 327998.891437
0.126000, 330483.337446
0.127000, 332967.783456
0.128000, 335445.656966
0.129000, 337923.530476
0.130000, 340394.733665
0.131000, 342865.936854
0.132000, 345330.372163
0.133000, 347794.807472
0.134000, 350252.377609
0.135000, 352709.947747
0.136000, 355160.555691
0.137000, 357611.163636
0.138000, 360054.712643
0.139000, 362498.261650
0.140000, 364934.655251
0.141000, 367371.048852
0.142000, 369800.190864
0.143000, 372229.332875
0.144000, 374651.127398
0.145000, 377072.921921
0.146000, 379487.273347
0.147000, 381901.624773
0.148000, 384308.437789
0.149000, 386715.250804
0.150000, 389114.430391
0.151000, 391513.609978
0.152000, 393905.061422
0.153000, 396296.512866
0.154000, 398680.141756
0.155000, 401063.770646
0.156000, 403439.482880
0.157000, 405815.195114
0.158000, 408182.896904
0.159000, 410550.598694
0.160000, 412910.196567
0.161000, 415269.794439
0.162000, 417621.195242
0.163000, 419972.596044
0.164000, 422315.706947
0.165000, 424658.817850
0.166000, 426993.546351
0.167000, 429328.274852
0.168000, 431654.528781
0.169000, 433980.782710
0.170000, 436298.470230
0.171000, 438616.157749
0.172000, 440925.187362
0.173000, 443234.216974
0.174000, 445534.497522
0.175000, 447834.778070
0.176000, 450126.218743
0.177000, 452417.659417
0.178000, 454700.169752
0.179000, 456982.680088
0.180000, 459256.169977
0.181000, 461529.659866
0.182000, 463794.039555
0.183000, 466058.419244
0.184000, 468313.599338
0.185000, 470568.779433
0.186000, 472814.670902
0.187000, 475060.562372
0.188000, 477297.076553
0.189000, 479533.590734
0.190000, 481760.639332
0.191000, 483987.687930
0.192000, 486205.183026
0.193000, 488422.678122
0.194000, 490630.532172
0.195000, 492838.386222
0.196000, 495036.512065
0.197000, 497234.637907
0.198000, 499422.948763
0.199000, 501611.259620
0.200000, 503789.669099
0.201000, 505968.078579
0.202000, 508136.500682
0.203000, 510304.922785
0.204000, 512463.271905
0.205000, 514621.621026
0.206000, 516769.811956
0.207000, 518918.002886
0.208000, 521055.950820
0.209000, 523193.898753
0.210000, 525321.519287
0.211000, 527449.139820
0.212000, 529566.348959
0.213000, 531683.558098
0.214000, 533790.272259
0.215000, 535896.986420
0.216000, 537993.122433
0.217000, 540089.258447
0.218000, 542174.733560
0.219000, 544260.208674
0.220000, 546334.940557
0.221000, 548409.672440
0.222000, 550473.579186
0.223000, 552537.485931
0.224000, 554590.486060
0.225000, 556643.486189
0.226000, 558685.498652
0.227000, 560727.511115
0.228000, 562758.455296
0.229000, 564789.399478
0.230000, 566809.195201
0.231000, 568828.990924
0.232000, 570837.558449
0.233000, 572846.125974
0.234000, 574843.386008
0.235000, 576840.646041
0.236000, 578826.519734
0.237000, 580812.393426
0.238000, 582786.802380
0.239000, 584761.211333
0.240000, 586724.077601
0.241000, 588686.943869
0.242000, 590638.189960
0.243000, 592589.436052
0.244000, 594528.984935
0.245000, 596468.533818
0.246000, 598396.308923
0.247000, 600324.084028
0.248000, 602240.009250
0.249000, 604155.934472
0.250000, 606059.934172
0.251000, 607963.933873
0.252000, 609855.932886
0.253000, 611747.931900
0.254000, 613627.855532
0.255000, 615507.779165
0.256000, 617375.553201
0.257000, 619243.327237
0.258000, 621098.877940
0.259000, 622954.428643
0.260000, 624797.682759
0.261000, 626640.936875
0.262000, 628471.821636
0.263000, 630302.706396
0.264000, 632121.149520
0.265000, 633939.592645
0.266000, 635745.522345
0.267000, 637551.452044
0.268000, 639344.797024
0.269000, 641138.142004
0.270000, 642918.831466
0.271000, 644699.520928
0.272000, 646467.484573
0.273000, 648235.448219
0.274000, 649990.616251
0.275000, 651745.784284
0.276000, 653488.087412
0.277000, 655230.390541
0.278000, 656959.759983
0.279000, 658689.129424
0.280000, 660405.496907
0.281000, 662121.864389
0.282000, 663825.162153
0.283000, 665528.459916
0.284000, 667218.620718
0.285000, 668908.781519
0.286000, 670585.738634
0.287000, 672262.695749
0.288000, 673926.382974
0.289000, 675590.070199
0.290000, 677240.421854
0.291000, 678890.773509
0.292000, 680527.724441
0.293000, 682164.675374
0.294000, 683788.160960
0.295000, 685411.646546
0.296000, 687021.602693
0.297000, 688631.558839
0.298000, 690227.921989
0.299000, 691824.285138
0.300000, 693406.992269
0.301000, 694989.699399
0.302000, 696558.688027
0.303000, 698127.676656
0.304000, 699682.884842
0.305000, 701238.093028
0.306000, 702779.459374
0.307000, 704320.825721
0.308000, 705848.289377
0.309000, 707375.753033
0.310000, 708889.253698
0.311000, 710402.754363
0.312000, 711902.232285
0.313000, 713401.710207
0.314000, 714887.106191
0.315000, 716372.502174
0.316000, 717843.757577
0.317000, 719315.012981
0.318000, 720772.069722
0.319000, 722229.126463
0.320000, 723671.927019
0.321000, 725114.727576
0.322000, 726543.214988
0.323000, 727971.702400
0.324000, 729385.820275
0.325000, 730799.938149
0.326000, 732199.630658
0.327000, 733599.323167
0.328000, 734984.535054
0.329000, 736369.746940
0.330000, 737740.423519
0.331000, 739111.100097
0.332000, 740467.187255
0.333000, 741823.274412
0.334000, 743164.718614
0.335000, 744506.162816
0.336000, 745832.911103
0.337000, 747159.659390
0.338000, 748471.659385
0.339000, 749783.659381
0.340000, 751080.859288
0.341000, 752378.059196
0.342000, 753660.407805
0.343000, 754942.756414
0.344000, 756210.203099
0.345000, 757477.649785
0.346000, 758730.144510
0.347000, 759982.639235
0.348000, 761220.132553
0.349000, 762457.625871
0.350000, 763680.068929
0.351000, 764902.511987
0.352000, 766109.856524
0.353000, 767317.201060
0.354000, 768509.399413
0.355000, 769701.597765
0.356000, 770878.602867
0.357000, 772055.607968
0.358000, 773217.373353
0.359000, 774379.138738
0.360000, 775525.618542
0.361000, 776672.098346
0.362000, 777803.247307
0.363000, 778934.396269
0.364000, 780050.169732
0.365000, 781165.943195
0.366000, 782266.297112
0.367000, 783366.651028
0.368000, 784451.541958
0.369000, 785536.432887
0.370000, 786605.818000
0.371000, 787675.203113
0.372000, 788729.040191
0.373000, 789782.877270
0.374000, 790821.124710
0.375000, 791859.372151
0.376000, 792881.988966
0.377000, 793904.605781
0.378000, 794911.551598
0.379000, 795918.497416
0.380000, 796909.732483
0.381000, 797900.967551
0.382000, 798876.452737
0.383000, 799851.937923
0.384000, 800811.634716
0.385000, 801771.331509
0.386000, 802715.202023
0.387000, 803659.072536
0.388000, 804587.079508
0.389000, 805515.086479
0.390000, 806427.193273
0.391000, 807339.300066
0.392000, 808235.470673
0.393000, 809131.641280
0.394000, 810011.840321
0.395000, 810892.039362
0.396000, 811756.232088
0.397000, 812620.424814
0.398000, 813468.577109
0.399000, 814316.729404
0.400000, 815148.807784
0.401000, 815980.886164
0.402000, 816796.857779
0.403000, 817612.829395
0.404000, 818412.662033
0.405000, 819212.494672
0.406000, 819996.156757
0.407000, 820779.818842
0.408000, 821547.279436
0.409000, 822314.740030
0.410000, 823065.968836
0.411000, 823817.197641
0.412000, 824552.165000
0.413000, 825287.132359
0.414000, 826005.809257
0.415000, 826724.486154
0.416000, 827426.844218
0.417000, 828129.202282
0.418000, 828815.213785
0.419000, 829501.225288
0.420000, 830170.863146
0.421000, 830840.501005
0.422000, 831493.738783
0.423000, 832146.976561
0.424000, 832783.788471
0.425000, 833420.600381
0.426000, 834040.961281
0.427000, 834661.322181
0.428000, 835265.207582
0.429000, 835869.092982
0.430000, 836456.479042
0.431000, 837043.865103
0.432000, 837614.728634
0.433000, 838185.592164
0.434000, 838739.910629
0.435000, 839294.229094
0.436000, 839831.980610
0.437000, 840369.732125
0.438000, 840890.895462
0.439000, 841412.058798
0.440000, 841916.613381
0.441000, 842421.167963
0.442000, 842909.093873
0.443000, 843397.019783
0.444000, 843868.297758
0.445000, 844339.575733
0.446000, 844794.187168
0.447000, 845248.798602
0.448000, 845686.725549
0.449000, 846124.652496
0.450000, 846545.877667
0.451000, 846967.102838
0.452000, 847371.609603
0.453000, 847776.116368
0.454000, 848163.888759
0.455000, 848551.661149
0.456000, 848922.683856
0.457000, 849293.706564
0.458000, 849647.964940
0.459000, 850002.223317
0.460000, 850339.703377
0.461000, 850677.183437
0.462000, 850997.871859
0.463000, 851318.560280
0.464000, 851622.444401
0.465000, 851926.328523
0.466000, 852213.396348
0.467000, 852500.464173
0.468000, 852770.704369
0.469000, 853040.944565
0.470000, 853294.346463
0.471000, 853547.748361
0.472000, 853784.301957
0.473000, 854020.855553
0.474000, 854240.551508
0.475000, 854460.247464
0.476000, 854663.077106
0.477000, 854865.906748
0.478000, 855051.862069
0.479000, 855237.817389
0.480000, 855406.891048
0.481000, 855575.964706
0.482000, 855728.150027
0.483000, 855880.335349
0.484000, 856015.626325
0.485000, 856150.917301
0.486000, 856269.308592
0.487000, 856387.699882
0.488000, 856489.186812
0.489000, 856590.673742
0.490000, 856675.252306
0.491000, 856759.830869
0.492000, 856827.497728
0.493000, 856895.164586
0.494000, 856945.917067
0.495000, 856996.669548
0.496000, 857030.505648
0.497000, 857064.341749
0.498000, 857081.260133
0.499000, 857098.178518
0.500000, 857098.178518
0.501000, 857098.178518
0.502000, 857081.260133
0.503000, 857064.341749
0.504000, 857030.505648
0.505000, 856996.669548
0.506000, 856945.917067
0.507000, 856895.164586
0.508000, 856827.497728
0.509000, 856759.830869
0.510000, 856675.252306
0.511000, 856590.673742
0.512000, 856489.186812
0.513000, 856387.699882
0.514000, 856269.308592
0.515000, 856150.917301
0.516000, 856015.626325
0.517000, 855880.335349
0.518000, 855728.150027
0.519000, 855575.964706
0.520000, 855406.891048
0.521000, 855237.817389
0.522000, 855051.862069
0.523000, 854865.906748
0.524000, 854663.077106
0.525000, 854460.247464
0.526000, 854240.551508
0.527000, 854020.855553
0.528000, 853784.301957
0.529000, 853547.748361
0.530000, 853294.346463
0.531000, 853040.944565
0.532000, 852770.704369
0.533000, 852500.464173
0.534000, 852213.396348
0.535000, 851926.328523
0.536000, 851622.444401
0.537000, 851318.560280
0.538000, 850997.871859
0.539000, 850677.183437
0.540000, 850339.703377
0.541000, 850002.223317
0.542000, 849647.964940
0.543000, 849293.706564
0.544000, 848922.683856
0.545000, 848551.661149
0.546000, 848163.888759
0.547000, 847776.116368
0.548000, 847371.609603
0.549000, 846967.102838
0.550000, 846545.877667
0.551000, 846124.652496
0.552000, 845686.725549
0.553000, 845248.798602
0.554000, 844794.187168
0.555000, 844339.575733
0.556000, 843868.297758
0.557000, 843397.019783
0.558000, 842909.093873
0.559000, 842421.167963
0.560000, 841916.613381
0.561000, 841412.058798
0.562000, 840890.895462
0.563000, 840369.732125
0.564000, 839831.980610
0.565000, 839294.229094
0.566000, 838739.910629
0.567000, 838185.592164
0.568000, 837614.728634
0.569000, 837043.865103
0.570000, 836456.479042
0.571000, 835869.092982
0.572000, 835265.207582
0.573000, 834661.322181
0.574000, 834040.961281
0.575000, 833420.600381
0.576000, 832783.788471
0.577000, 832146.976561
0.578000, 831493.738783
0.579000, 830840.501005
0.580000, 830170.863146
0.581000, 829501.225288
0.582000, 828815.213785
0.583000, 828129.202282
0.584000, 827426.844218
0.585000, 826724.486154
0.586000, 826005.809257
0.587000, 825287.132359
0.588000, 824552.165000
0.589000, 823817.197641
0.590000, 823065.968836
0.591000, 822314.740030
0.592000, 821547.279436
0.593000, 820779.818842
0.594000, 819996.156757
0.595000, 819212.494672
0.596000, 818412.662033
0.597000, 817612.829395
0.598000, 816796.857779
0.599000, 815980.886164
0.600000, 815148.807784
0.601000, 814316.729404
0.602000, 813468.577109
0.603000, 812620.424814
0.604000, 811756.232088
0.605000, 810892.039362
0.606000, 810011.840321
0.607000, 809131.641280
0.608000, 808235.470673
0.609000, 807339.300066
0.610000, 806427.193273
0.611000, 805515.086479
0.612000, 804587.079508
0.613000, 803659.072536
0.614000, 802715.202023
0.615000, 801771.331509
0.616000, 800811.634716
0.617000, 799851.937923
0.618000, 798876.452737
0.619000, 797900.967551
0.620000, 796909.732483
0.621000, 795918.497416
0.622000, 794911.551598
0.623000, 793904.605781
0.624000, 792881.988966
0.625000, 791859.372151
0.626000, 790821.124710
0.627000, 789782.877270
0.628000, 788729.040191
0.629000, 787675.203113
0.630000, 786605.818000
0.631000, 785536.432887
0.632000, 784451.541958
0.633000, 783366.651028
0.634000, 782266.297112
0.635000, 781165.943195
0.636000, 780050.169732
0.637000, 778934.396269
0.638000, 777803.247307
0.639000, 776672.098346
0.640000, 775525.618542
0.641000, 774379.138738
0.642000, 773217.373353
0.643000, 772055.607968
0.644000, 770878.602867
0.645000, 769701.597765
0.646000, 768509.399413
0.647000, 767317.201060
0.648000, 766109.856524
0.649000, 764902.511987
0.650000, 763680.068929
0.651000, 762457.625871
0.652000, 761220.132553
0.653000, 759982.639235
0.654000, 758730.144510
0.655000, 757477.649785
0.656000, 756210.203099
0.657000, 754942.756414
0.658000, 753660.407805
0.659000, 752378.059196
0.660000, 751080.859288
0.661000, 749783.659381
0.662000, 748471.659385
0.663000, 747159.659390
0.664000, 745832.911103
0.665000, 744506.162816
0.666000, 743164.718614
0.667000, 741823.274412
0.668000, 740467.187255
0.669000, 739111.100097
0.670000, 737740.423519
0.671000, 736369.746940
0.672000, 734984.535054
0.673000, 733599.323167
0.674000, 732199.630658
0.675000, 730799.938149
0.676000, 729385.820275
0.677000, 727971.702400
0.678000, 726543.214988
0.679000, 725114.727576
0.680000, 723671.927019
0.681000, 722229.126463
0.682000, 720772.069722
0.683000, 719315.012981
0.684000, 717843.757577
0.685000, 716372.502174
0.686000, 714887.106191
0.687000, 713401.710207
0.688000, 711902.232285
0.689000, 710402.754363
0.690000, 708889.253698
0.691000, 707375.753033
0.692000, 705848.289377
0.693000, 704320.825721
0.694000, 702779.459374
0.695000, 701238.093028
0.696000, 699682.884842
0.697000, 698127.676656
0.698000, 696558.688027
0.699000, 694989.699399
0.700000, 693406.992269
0.701000, 691824.285138
0.702000, 690227.921989
0.703000, 688631.558839
0.704000, 687021.602693
0.705000, 685411.646546
0.706000, 683788.160960
0.707000, 682164.675374
0.708000, 680527.724441
0.709000, 678890.773509
0.710000, 677240.421854
0.711000, 675590.070199
0.712000, 673926.382974
0.713000, 672262.695749
0.714000, 670585.738634
0.715000, 668908.781519
0.716000, 667218.620718
0.717000, 665528.459916
0.718000, 663825.162153
0.719000, 662121.864389
0.720000, 660405.496907
0.721000, 658689.129424
0.722000, 656959.759983
0.723000, 655230.390541
0.724000, 653488.087412
0.725000, 651745.784284
0.726000, 649990.616251
0.727000, 648235.448219
0.728000, 646467.484573
0.729000, 644699.520928
0.730000, 642918.831466
0.731000, 641138.142004
0.732000, 639344.797024
0.733000, 637551.452044
0.734000, 635745.522345
0.735000, 633939.592645
0.736000, 632121.149520
0.737000, 630302.706396
0.738000, 628471.821636
0.739000, 626640.936875
0.740000, 624797.682759
0.741000, 622954.428643
0.742000, 621098.877940
0.743000, 619243.327237
0.744000, 617375.553201
0.745000, 615507.779165
0.746000, 613627.855532
0.747000, 611747.931900
0.748000, 609855.932886
0.749000, 607963.933873
0.750000, 606059.934172
0.751000, 604155.934472
0.752000, 602240.009250
0.753000, 600324.084028
0.754000, 598396.308923
0.755000, 596468.533818
0.756000, 594528.984935
0.757000, 592589.436052
0.758000, 590638.189960
0.759000, 588686.943869
0.760000, 586724.077601
0.761000, 584761.211333
0.762000, 582786.802380
0.763000, 580812.393426
0.764000, 578826.519734
0.765000, 576840.646041
0.766000, 574843.386008
0.767000, 572846.125974
0.768000, 570837.558449
0.769000, 568828.990924
0.770000, 566809.195201
0.771000, 564789.399478
0.772000, 562758.455296
0.773000, 560727.511115
0.774000, 558685.498652
0.775000, 556643.486189
0.776000, 554590.486060
0.777000, 552537.485931
0.778000, 550473.579186
0.779000, 548409.672440
0.780000, 546334.940557
0.781000, 544260.208674
0.782000, 542174.733560
0.783000, 540089.258447
0.784000, 537993.122433
0.785000, 535896.986420
0.786000, 533790.272259
0.787000, 531683.558098
0.788000, 529566.348959
0.789000, 527449.139820
0.790000, 525321.519287
0.791000, 523193.898753
0.792000, 521055.950820
0.793000, 518918.002886
0.794000, 516769.811956
0.795000, 514621.621026
0.796000, 512463.271905
0.797000, 510304.922785
0.798000, 508136.500682
0.799000, 505968.078579
0.800000, 503789.669099
0.801000, 501611.259620
0.802000, 499422.948763
0.803000, 497234.637907
0.804000, 495036.512065
0.805000, 492838.386222
0.806000, 490630.532172
0.807000, 488422.678122
0.808000, 486205.183026
0.809000, 483987.687930
0.810000, 481760.639332
0.811000, 479533.590734
0.812000, 477297.076553
0.813000, 475060.562372
0.814000, 472814.670902
0.815000, 470568.779433
0.816000, 468313.599338
0.817000, 466058.419244
0.818000, 463794.039555
0.819000, 461529.659866
0.820000, 459256.169977
0.821000, 456982.680088
0.822000, 454700.169752
0.823000, 452417.659417
0.824000, 450126.218743
0.825000, 447834.778070
0.826000, 445534.497522
0.827000, 443234.216974
0.828000, 440925.187362
0.829000, 438616.157749
0.830000, 436298.470230
0.831000, 433980.782710
0.832000, 431654.528781
0.833000, 429328.274852
0.834000, 426993.546351
0.835000, 424658.817850
0.836000, 422315.706947
0.837000, 419972.596044
0.838000, 417621.195242
0.839000, 415269.794439
0.840000, 412910.196567
0.841000, 410550.598694
0.842000, 408182.896904
0.843000, 405815.195114
0.844000, 403439.482880
0.845000, 401063.770646
0.846000, 398680.141756
0.847000, 396296.512866
0.848000, 393905.061422
0.849000, 391513.609978
0.850000, 389114.430391
0.851000, 386715.250804
0.852000, 384308.437789
0.853000, 381901.624773
0.854000, 379487.273347
0.855000, 377072.921921
0.856000, 374651.127398
0.857000, 372229.332875
0.858000, 369800.190864
0.859000, 367371.048852
0.860000, 364934.655251
0.861000, 362498.261650
0.862000, 360054.712643
0.863000, 357611.163636
0.864000, 355160.555691
0.865000, 352709.947747
0.866000, 350252.377609
0.867000, 347794.807472
0.868000, 345330.372163
0.869000, 342865.936854
0.870000, 340394.733665
0.871000, 337923.530476
0.872000, 335445.656966
0.873000, 332967.783456
0.874000, 330483.337446
0.875000, 327998.891437
0.876000, 325507.971011
0.877000, 323017.050584
0.878000, 320519.754078
0.879000, 318022.457571
0.880000, 315518.883574
0.881000, 313015.309576
0.882000, 310505.556924
0.883000, 307995.804272
0.884000, 305479.972047
0.885000, 302964.139822
0.886000, 300442.327344
0.887000, 297920.514866
0.888000, 295392.821692
0.889000, 292865.128518
0.890000, 290331.654437
0.891000, 287798.180356
0.892000, 285259.025386
0.893000, 282719.870415
0.894000, 280175.134796
0.895000, 277630.399178
0.896000, 275080.183373
0.897000, 272529.967567
0.898000, 269974.372254
0.899000, 267418.776941
0.900000, 264857.903010
0.901000, 262297.029079
0.902000, 259730.977629
0.903000, 257164.926179
0.904000, 254593.798514
0.905000, 252022.670848
0.906000, 249446.568471
0.907000, 246870.466094
0.908000, 244289.490705
0.909000, 241708.515317
0.910000, 239122.768809
0.911000, 236537.022301
0.912000, 233946.606755
0.913000, 231356.191209
0.914000, 228761.208889
0.915000, 226166.226570
0.916000, 223566.779923
0.917000, 220967.333276
0.918000, 218363.524923
0.919000, 215759.716570
0.920000, 213151.649305
0.921000, 210543.582040
0.922000, 207931.358825
0.923000, 205319.135609
0.924000, 202702.859570
0.925000, 200086.583531
0.926000, 197466.357954
0.927000, 194846.132377
0.928000, 192222.060704
0.929000, 189597.989032
0.930000, 186970.174857
0.931000, 184342.360682
0.932000, 181710.907747
0.933000, 179079.454812
0.934000, 176444.467002
0.935000, 173809.479191
0.936000, 171171.060531
0.937000, 168532.641870
0.938000, 165890.896519
0.939000, 163249.151169
0.940000, 160604.183420
0.941000, 157959.215671
0.942000, 155311.129942
0.943000, 152663.044213
0.944000, 150011.945046
0.945000, 147360.845880
0.946000, 144706.837936
0.947000, 142052.829993
0.948000, 139396.018048
0.949000, 136739.206103
0.950000, 134079.695043
0.951000, 131420.183984
0.952000, 128758.078802
0.953000, 126095.973621
0.954000, 123431.379412
0.955000, 120766.785204
0.956000, 118099.807163
0.957000, 115432.829122
0.958000, 112763.572536
0.959000, 110094.315950
0.960000, 107422.886196
0.961000, 104751.456442
0.962000, 102077.958984
0.963000, 99404.461526
0.964000, 96729.001909
0.965000, 94053.542292
0.966000, 91376.226139
0.967000, 88698.909986
0.968000, 86019.842992
0.969000, 83340.775998
0.970000, 80660.063929
0.971000, 77979.351859
0.972000, 75297.100544
0.973000, 72614.849229
0.974000, 69931.164559
0.975000, 67247.479889
0.976000, 64562.467812
0.977000, 61877.455734
0.978000, 59191.222248
0.979000, 56504.988763
0.980000, 53817.639917
0.981000, 51130.291071
0.982000, 48441.932957
0.983000, 45753.574843
0.984000, 43064.313593
0.985000, 40375.052342
0.986000, 37684.994123
0.987000, 34994.935904
0.988000, 32304.186914
0.989000, 29613.437925
0.990000, 26922.104392
0.991000, 24230.770858
0.992000, 21538.959030
0.993000, 18847.147202
0.994000, 16154.963348
0.995000, 13462.779493
0.996000, 10770.329895
0.997000, 8077.880297
0.998000, 5385.271248
0.999000, 2692.662200
1.000000, 0.000000
