0.000000, 0.000000
0.001000, 28.739146
0.002000, 57.477724
0.003000, 86.216303
0.004000, 114.953179
0.005000, 143.690056
0.006000, 172.424096
0.007000, 201.158136
0.008000, 229.888206
0.009000, 258.618276
0.010000, 287.343240
0.011000, 316.068205
0.012000, 344.786931
0.013000, 373.505656
0.014000, 402.217010
0.015000, 430.928363
0.016000, 459.631210
0.017000, 488.334057
0.018000, 517.027264
0.019000, 545.720472
0.020000, 574.402907
0.021000, 603.085343
0.022000, 631.755874
0.023000, 660.426405
0.024000, 689.083900
0.025000, 717.741395
0.026000, 746.384723
0.027000, 775.028050
0.028000, 803.656079
0.029000, 832.284108
0.030000, 860.895708
0.031000, 889.507309
0.032000, 918.101351
0.033000, 946.695393
0.034000, 975.270748
0.035000, 1003.846104
0.036000, 1032.401644
0.037000, 1060.957184
0.038000, 1089.491782
0.039000, 1118.026380
0.040000, 1146.538909
0.041000, 1175.051438
0.042000, 1203.540772
0.043000, 1232.030107
0.044000, 1260.495122
0.045000, 1288.960137
0.046000, 1317.399710
0.047000, 1345.839282
0.048000, 1374.252288
0.049000, 1402.665295
0.050000, 1431.050614
0.051000, 1459.435933
0.052000, 1487.792444
0.053000, 1516.148956
0.054000, 1544.475539
0.055000, 1572.802123
0.056000, 1601.097661
0.057000, 1629.393199
0.058000, 1657.656574
0.059000, 1685.919949
0.060000, 1714.150045
0.061000, 1742.380142
0.062000, 1770.575845
0.063000, 1798.771548
0.064000, 1826.931745
0.065000, 1855.091943
0.066000, 1883.215522
0.067000, 1911.339101
0.068000, 1939.424952
0.069000, 1967.510803
0.070000, 1995.557817
0.071000, 2023.604831
0.072000, 2051.611901
0.073000, 2079.618971
0.074000, 2107.584991
0.075000, 2135.551011
0.076000, 2163.474877
0.077000, 2191.398743
0.078000, 2219.279352
0.079000, 2247.159962
0.080000, 2274.996214
0.081000, 2302.832467
0.082000, 2330.623264
0.083000, 2358.414060
0.084000, 2386.158304
0.085000, 2413.902548
0.086000, 2441.599143
0.087000, 2469.295738
0.088000, 2496.943591
0.089000, 2524.591445
0.090000, 2552.189465
0.091000, 2579.787485
0.092000, 2607.334583
0.093000, 2634.881680
0.094000, 2662.376767
0.095000, 2689.871854
0.096000, 2717.313845
0.097000, 2744.755837
0.098000, 2772.143649
0.099000, 2799.531461
0.100000, 2826.864013
0.101000, 2854.196565
0.102000, 2881.472777
0.103000, 2908.748989
0.104000, 2935.967786
0.105000, 2963.186582
0.106000, 2990.346887
0.107000, 3017.507193
0.108000, 3044.607935
0.109000, 3071.708678
0.110000, 3098.748787
0.111000, 3125.788897
0.112000, 3152.767306
0.113000, 3179.745715
0.114000, 3206.661359
0.115000, 3233.577002
0.116000, 3260.428818
0.117000, 3287.280634
0.118000, 3314.067561
0.119000, 3340.854489
0.120000, 3367.575471
0.121000, 3394.296452
0.122000, 3420.950434
0.123000, 3447.604415
0.124000, 3474.190344
0.125000, 3500.776273
0.126000, 3527.293099
0.127000, 3553.809925
0.128000, 3580.256602
0.129000, 3606.703280
0.130000, 3633.078763
0.131000, 3659.454247
0.132000, 3685.757497
0.133000, 3712.060746
0.134000, 3738.290723
0.135000, 3764.520699
0.136000, 3790.676367
0.137000, 3816.832036
0.138000, 3842.912363
0.139000, 3868.992690
0.140000, 3894.996646
0.141000, 3921.000603
0.142000, 3946.927162
0.143000, 3972.853721
0.144000, 3998.701860
0.145000, 4024.549999
0.146000, 4050.318696
0.147000, 4076.087393
0.148000, 4101.775632
0.149000, 4127.463871
0.150000, 4153.070638
0.151000, 4178.677404
0.152000, 4204.201687
0.153000, 4229.725970
0.154000, 4255.166761
0.155000, 4280.607553
0.156000, 4305.963849
0.157000, 4331.320145
0.158000, 4356.590945
0.159000, 4381.861744
0.160000, 4407.046050
0.161000, 4432.230355
0.162000, 4457.327172
0.163000, 4482.423989
0.164000, 4507.432327
0.165000, 4532.440665
0.166000, 4557.359536
0.167000, 4582.278407
0.168000, 4607.106828
0.169000, 4631.935249
0.170000, 4656.672239
0.171000, 4681.409230
0.172000, 4706.053814
0.173000, 4730.698397
0.174000, 4755.249601
0.175000, 4779.800804
0.176000, 4804.257659
0.177000, 4828.714513
0.178000, 4853.076053
0.179000, 4877.437593
0.180000, 4901.702856
0.181000, 4925.968119
0.182000, 4950.136148
0.183000, 4974.304177
0.184000, 4998.374017
0.185000, 5022.443858
0.186000, 5046.414559
0.187000, 5070.385261
0.188000, 5094.255878
0.189000, 5118.126494
0.190000, 5141.896083
0.191000, 5165.665673
0.192000, 5189.333296
0.193000, 5213.000919
0.194000, 5236.565642
0.195000, 5260.130365
0.196000, 5283.591258
0.197000, 5307.052151
0.198000, 5330.408287
0.199000, 5353.764423
0.200000, 5377.014880
0.201000, 5400.265337
0.202000, 5423.409198
0.203000, 5446.553059
0.204000, 5469.589409
0.205000, 5492.625760
0.206000, 5515.553690
0.207000, 5538.481621
0.208000, 5561.300227
0.209000, 5584.118832
0.210000, 5606.827213
0.211000, 5629.535593
0.212000, 5652.132850
0.213000, 5674.730108
0.214000, 5697.215352
0.215000, 5719.700595
0.216000, 5742.072937
0.217000, 5764.445278
0.218000, 5786.703835
0.219000, 5808.962391
0.220000, 5831.106283
0.221000, 5853.250176
0.222000, 5875.278530
0.223000, 5897.306884
0.224000, 5919.218831
0.225000, 5941.130777
0.226000, 5962.925451
0.227000, 5984.720124
0.228000, 6006.396664
0.229000, 6028.073205
0.230000, 6049.630756
0.231000, 6071.188308
0.232000, 6092.626019
0.233000, 6114.063730
0.234000, 6135.380755
0.235000, 6156.697780
0.236000, 6177.893277
0.237000, 6199.088774
0.238000, 6220.161906
0.239000, 6241.235038
0.240000, 6262.184974
0.241000, 6283.134909
0.242000, 6303.960821
0.243000, 6324.786733
0.244000, 6345.487799
0.245000, 6366.188865
0.246000, 6386.764268
0.247000, 6407.339671
0.248000, 6427.788599
0.249000, 6448.237526
0.250000, 6468.559171
0.251000, 6488.880816
0.252000, 6509.074376
0.253000, 6529.267936
0.254000, 6549.332613
0.255000, 6569.397291
0.256000, 6589.332294
0.257000, 6609.267298
0.258000, 6629.071840
0.259000, 6648.876382
0.260000, 6668.549681
0.261000, 6688.222980
0.262000, 6707.764260
0.263000, 6727.305539
0.264000, 6746.714027
0.265000, 6766.122515
0.266000, 6785.397445
0.267000, 6804.672376
0.268000, 6823.812988
0.269000, 6842.953600
0.270000, 6861.959138
0.271000, 6880.964676
0.272000, 6899.834390
0.273000, 6918.704104
0.274000, 6937.437248
0.275000, 6956.170392
0.276000, 6974.766228
0.277000, 6993.362064
0.278000, 7011.819856
0.279000, 7030.277649
0.280000, 7048.596670
0.281000, 7066.915691
0.282000, 7085.095217
0.283000, 7103.274743
0.284000, 7121.314056
0.285000, 7139.353370
0.286000, 7157.251759
0.287000, 7175.150147
0.288000, 7192.906905
0.289000, 7210.663662
0.290000, 7228.278087
0.291000, 7245.892512
0.292000, 7263.363910
0.293000, 7280.835307
0.294000, 7298.162987
0.295000, 7315.490667
0.296000, 7332.673946
0.297000, 7349.857224
0.298000, 7366.895423
0.299000, 7383.933621
0.300000, 7400.826067
0.301000, 7417.718513
0.302000, 7434.464540
0.303000, 7451.210566
0.304000, 7467.809513
0.305000, 7484.408459
0.306000, 7500.859669
0.307000, 7517.310879
0.308000, 7533.613704
0.309000, 7549.916529
0.310000, 7566.070325
0.311000, 7582.224121
0.312000, 7598.228251
0.313000, 7614.232380
0.314000, 7630.086211
0.315000, 7645.940042
0.316000, 7661.642949
0.317000, 7677.345856
0.318000, 7692.897218
0.319000, 7708.448581
0.320000, 7723.847785
0.321000, 7739.246990
0.322000, 7754.493428
0.323000, 7769.739866
0.324000, 7784.832936
0.325000, 7799.926007
0.326000, 7814.865113
0.327000, 7829.804219
0.328000, 7844.588772
0.329000, 7859.373325
0.330000, 7874.002740
0.331000, 7888.632156
0.332000, 7903.105856
0.333000, 7917.579557
0.334000, 7931.896971
0.335000, 7946.214385
0.336000, 7960.374948
0.337000, 7974.535511
0.338000, 7988.538664
0.339000, 8002.541816
0.340000, 8016.387005
0.341000, 8030.232194
0.342000, 8043.918873
0.343000, 8057.605552
0.344000, 8071.133181
0.345000, 8084.660810
0.346000, 8098.028855
0.347000, 8111.396899
0.348000, 8124.604832
0.349000, 8137.812765
0.350000, 8150.860064
0.351000, 8163.907363
0.352000, 8176.793513
0.353000, 8189.679664
0.354000, 8202.404157
0.355000, 8215.128651
0.356000, 8227.690984
0.357000, 8240.253318
0.358000, 8252.652996
0.359000, 8265.052674
0.360000, 8277.289207
0.361000, 8289.525741
0.362000, 8301.598646
0.363000, 8313.671551
0.364000, 8325.580351
0.365000, 8337.489151
0.366000, 8349.233376
0.367000, 8360.977602
0.368000, 8372.556788
0.369000, 8384.135975
0.370000, 8395.549666
0.371000, 8406.963357
0.372000, 8418.211102
0.373000, 8429.458847
0.374000, 8440.540202
0.375000, 8451.621556
0.376000, 8462.536083
0.377000, 8473.450610
0.378000, 8484.197878
0.379000, 8494.945146
0.380000, 8505.524731
0.381000, 8516.104316
0.382000, 8526.515801
0.383000, 8536.927285
0.384000, 8547.170258
0.385000, 8557.413231
0.386000, 8567.487288
0.387000, 8577.561345
0.388000, 8587.466088
0.389000, 8597.370831
0.390000, 8607.105870
0.391000, 8616.840908
0.392000, 8626.405858
0.393000, 8635.970807
0.394000, 8645.365290
0.395000, 8654.759772
0.396000, 8663.983418
0.397000, 8673.207063
0.398000, 8682.259506
0.399000, 8691.311950
0.400000, 8700.192834
0.401000, 8709.073719
0.402000, 8717.782693
0.403000, 8726.491668
0.404000, 8735.028389
0.405000, 8743.565111
0.406000, 8751.929242
0.407000, 8760.293372
0.408000, 8768.484582
0.409000, 8776.675793
0.410000, 8784.693759
0.411000, 8792.711725
0.412000, 8800.556130
0.413000, 8808.400536
0.414000, 8816.071071
0.415000, 8823.741606
0.416000, 8831.237968
0.417000, 8838.734330
0.418000, 8846.056223
0.419000, 8853.378116
0.420000, 8860.525251
0.421000, 8867.672386
0.422000, 8874.644481
0.423000, 8881.616575
0.424000, 8888.413354
0.425000, 8895.210133
0.426000, 8901.831329
0.427000, 8908.452524
0.428000, 8914.897874
0.429000, 8921.343224
0.430000, 8927.612475
0.431000, 8933.881725
0.432000, 8939.974628
0.433000, 8946.067531
0.434000, 8951.983847
0.435000, 8957.900163
0.436000, 8963.639657
0.437000, 8969.379151
0.438000, 8974.941597
0.439000, 8980.504044
0.440000, 8985.889223
0.441000, 8991.274402
0.442000, 8996.482100
0.443000, 9001.689799
0.444000, 9006.719812
0.445000, 9011.749826
0.446000, 9016.601955
0.447000, 9021.454084
0.448000, 9026.128137
0.449000, 9030.802190
0.450000, 9035.297983
0.451000, 9039.793776
0.452000, 9044.111131
0.453000, 9048.428486
0.454000, 9052.567233
0.455000, 9056.705980
0.456000, 9060.665955
0.457000, 9064.625930
0.458000, 9068.406977
0.459000, 9072.188025
0.460000, 9075.789995
0.461000, 9079.391965
0.462000, 9082.814715
0.463000, 9086.237466
0.464000, 9089.480862
0.465000, 9092.724258
0.466000, 9095.788172
0.467000, 9098.852085
0.468000, 9101.736395
0.469000, 9104.620705
0.470000, 9107.325298
0.471000, 9110.029890
0.472000, 9112.554659
0.473000, 9115.079427
0.474000, 9117.424271
0.475000, 9119.769116
0.476000, 9121.933944
0.477000, 9124.098772
0.478000, 9126.083498
0.479000, 9128.068224
0.480000, 9129.872770
0.481000, 9131.677316
0.482000, 9133.301610
0.483000, 9134.925905
0.484000, 9136.369884
0.485000, 9137.813862
0.486000, 9139.077469
0.487000, 9140.341075
0.488000, 9141.424258
0.489000, 9142.507442
0.490000, 9143.410160
0.491000, 9144.312879
0.492000, 9145.035096
0.493000, 9145.757314
0.494000, 9146.299002
0.495000, 9146.840690
0.496000, 9147.201827
0.497000, 9147.562964
0.498000, 9147.743537
0.499000, 9147.924109
0.500000, 9147.924109
0.501000, 9147.924109
0.502000, 9147.743537
0.503000, 9147.562964
0.504000, 9147.201827
0.505000, 9146.840690
0.506000, 9146.299002
0.507000, 9145.757314
0.508000, 9145.035096
0.509000, 9144.312879
0.510000, 9143.410160
0.511000, 9142.507442
0.512000, 9141.424258
0.513000, 9140.341075
0.514000, 9139.077469
0.515000, 9137.813862
0.516000, 9136.369884
0.517000, 9134.925905
0.518000, 9133.301610
0.519000, 9131.677316
0.520000, 9129.872770
0.521000, 9128.068224
0.522000, 9126.083498
0.523000, 9124.098772
0.524000, 9121.933944
0.525000, 9119.769116
0.526000, 9117.424271
0.527000, 9115.079427
0.528000, 9112.554659
0.529000, 9110.029890
0.530000, 9107.325298
0.531000, 9104.620705
0.532000, 9101.736395
0.533000, 9098.852085
0.534000, 9095.788172
0.535000, 9092.724258
0.536000, 9089.480862
0.537000, 9086.237466
0.538000, 9082.814715
0.539000, 9079.391965
0.540000, 9075.789995
0.541000, 9072.188025
0.542000, 9068.406977
0.543000, 9064.625930
0.544000, 9060.665955
0.545000, 9056.705980
0.546000, 9052.567233
0.547000, 9048.428486
0.548000, 9044.111131
0.549000, 9039.793776
0.550000, 9035.297983
0.551000, 9030.802190
0.552000, 9026.128137
0.553000, 9021.454084
0.554000, 9016.601955
0.555000, 9011.749826
0.556000, 9006.719812
0.557000, 9001.689799
0.558000, 8996.482100
0.559000, 8991.274402
0.560000, 8985.889223
0.561000, 8980.504044
0.562000, 8974.941597
0.563000, 8969.379151
0.564000, 8963.639657
0.565000, 8957.900163
0.566000, 8951.983847
0.567000, 8946.067531
0.568000, 8939.974628
0.569000, 8933.881725
0.570000, 8927.612475
0.571000, 8921.343224
0.572000, 8914.897874
0.573000, 8908.452524
0.574000, 8901.831329
0.575000, 8895.210133
0.576000, 8888.413354
0.577000, 8881.616575
0.578000, 8874.644481
0.579000, 8867.672386
0.580000, 8860.525251
0.581000, 8853.378116
0.582000, 8846.056223
0.583000, 8838.734330
0.584000, 8831.237968
0.585000, 8823.741606
0.586000, 8816.071071
0.587000, 8808.400536
0.588000, 8800.556130
0.589000, 8792.711725
0.590000, 8784.693759
0.591000, 8776.675793
0.592000, 8768.484582
0.593000, 8760.293372
0.594000, 8751.929242
0.595000, 8743.565111
0.596000, 8735.028389
0.597000, 8726.491668
0.598000, 8717.782693
0.599000, 8709.073719
0.600000, 8700.192834
0.601000, 8691.311950
0.602000, 8682.259506
0.603000, 8673.207063
0.604000, 8663.983418
0.605000, 8654.759772
0.606000, 8645.365290
0.607000, 8635.970807
0.608000, 8626.405858
0.609000, 8616.840908
0.610000, 8607.105870
0.611000, 8597.370831
0.612000, 8587.466088
0.613000, 8577.561345
0.614000, 8567.487288
0.615000, 8557.413231
0.616000, 8547.170258
0.617000, 8536.927285
0.618000, 8526.515801
0.619000, 8516.104316
0.620000, 8505.524731
0.621000, 8494.945146
0.622000, 8484.197878
0.623000, 8473.450610
0.624000, 8462.536083
0.625000, 8451.621556
0.626000, 8440.540202
0.627000, 8429.458847
0.628000, 8418.211102
0.629000, 8406.963357
0.630000, 8395.549666
0.631000, 8384.135975
0.632000, 8372.556788
0.633000, 8360.977602
0.634000, 8349.233376
0.635000, 8337.489151
0.636000, 8325.580351
0.637000, 8313.671551
0.638000, 8301.598646
0.639000, 8289.525741
0.640000, 8277.289207
0.641000, 8265.052674
0.642000, 8252.652996
0.643000, 8240.253318
0.644000, 8227.690984
0.645000, 8215.128651
0.646000, 8202.404157
0.647000, 8189.679664
0.648000, 8176.793513
0.649000, 8163.907363
0.650000, 8150.860064
0.651000, 8137.812765
0.652000, 8124.604832
0.653000, 8111.396899
0.654000, 8098.028855
0.655000, 8084.660810
0.656000, 8071.133181
0.657000, 8057.605552
0.658000, 8043.918873
0.659000, 8030.232194
0.660000, 8016.387005
0.661000, 8002.541816
0.662000, 7988.538664
0.663000, 7974.535511
0.664000, 7960.374948
0.665000, 7946.214385
0.666000, 7931.896971
0.667000, 7917.579557
0.668000, 7903.105856
0.669000, 7888.632156
0.670000, 7874.002740
0.671000, 7859.373325
0.672000, 7844.588772
0.673000, 7829.804219
0.674000, 7814.865113
0.675000, 7799.926007
0.676000, 7784.832936
0.677000, 7769.739866
0.678000, 7754.493428
0.679000, 7739.246990
0.680000, 7723.847785
0.681000, 7708.448581
0.682000, 7692.897218
0.683000, 7677.345856
0.684000, 7661.642949
0.685000, 7645.940042
0.686000, 7630.086211
0.687000, 7614.232380
0.688000, 7598.228251
0.689000, 7582.224121
0.690000, 7566.070325
0.691000, 7549.916529
0.692000, 7533.613704
0.693000, 7517.310879
0.694000, 7500.859669
0.695000, 7484.408459
0.696000, 7467.809513
0.697000, 7451.210566
0.698000, 7434.464540
0.699000, 7417.718513
0.700000, 7400.826067
0.701000, 7383.933621
0.702000, 7366.895423
0.703000, 7349.857224
0.704000, 7332.673946
0.705000, 7315.490667
0.706000, 7298.162987
0.707000, 7280.835307
0.708000, 7263.363910
0.709000, 7245.892512
0.710000, 7228.278087
0.711000, 7210.663662
0.712000, 7192.906905
0.713000, 7175.150147
0.714000, 7157.251759
0.715000, 7139.353370
0.716000, 7121.314056
0.717000, 7103.274743
0.718000, 7085.095217
0.719000, 7066.915691
0.720000, 7048.596670
0.721000, 7030.277649
0.722000, 7011.819856
0.723000, 6993.362064
0.724000, 6974.766228
0.725000, 6956.170392
0.726000, 6937.437248
0.727000, 6918.704104
0.728000, 6899.834390
0.729000, 6880.964676
0.730000, 6861.959138
0.731000, 6842.953600
0.732000, 6823.812988
0.733000, 6804.672376
0.734000, 6785.397445
0.735000, 6766.122515
0.736000, 6746.714027
0.737000, 6727.305539
0.738000, 6707.764260
0.739000, 6688.222980
0.740000, 6668.549681
0.741000, 6648.876382
0.742000, 6629.071840
0.743000, 6609.267298
0.744000, 6589.332294
0.745000, 6569.397291
0.746000, 6549.332613
0.747000, 6529.267936
0.748000, 6509.074376
0.749000, 6488.880816
0.750000, 6468.559171
0.751000, 6448.237526
0.752000, 6427.788599
0.753000, 6407.339671
0.754000, 6386.764268
0.755000, 6366.188865
0.756000, 6345.487799
0.757000, 6324.786733
0.758000, 6303.960821
0.759000, 6283.134909
0.760000, 6262.184974
0.761000, 6241.235038
0.762000, 6220.161906
0.763000, 6199.088774
0.764000, 6177.893277
0.765000, 6156.697780
0.766000, 6135.380755
0.767000, 6114.063730
0.768000, 6092.626019
0.769000, 6071.188308
0.770000, 6049.630756
0.771000, 6028.073205
0.772000, 6006.396664
0.773000, 5984.720124
0.774000, 5962.925451
0.775000, 5941.130777
0.776000, 5919.218831
0.777000, 5897.306884
0.778000, 5875.278530
0.779000, 5853.250176
0.780000, 5831.106283
0.781000, 5808.962391
0.782000, 5786.703835
0.783000, 5764.445278
0.784000, 5742.072937
0.785000, 5719.700595
0.786000, 5697.215352
0.787000, 5674.730108
0.788000, 5652.132850
0.789000, 5629.535593
0.790000, 5606.827213
0.791000, 5584.118832
0.792000, 5561.300227
0.793000, 5538.481621
0.794000, 5515.553690
0.795000, 5492.625760
0.796000, 5469.589409
0.797000, 5446.553059
0.798000, 5423.409198
0.799000, 5400.265337
0.800000, 5377.014880
0.801000, 5353.764423
0.802000, 5330.408287
0.803000, 5307.052151
0.804000, 5283.591258
0.805000, 5260.130365
0.806000, 5236.565642
0.807000, 5213.000919
0.808000, 5189.333296
0.809000, 5165.665673
0.810000, 5141.896083
0.811000, 5118.126494
0.812000, 5094.255878
0.813000, 5070.385261
0.814000, 5046.414559
0.815000, 5022.443858
0.816000, 4998.374017
0.817000, 4974.304177
0.818000, 4950.136148
0.819000, 4925.968119
0.820000, 4901.702856
0.821000, 4877.437593
0.822000, 4853.076053
0.823000, 4828.714513
0.824000, 4804.257659
0.825000, 4779.800804
0.826000, 4755.249601
0.827000, 4730.698397
0.828000, 4706.053814
0.829000, 4681.409230
0.830000, 4656.672239
0.831000, 4631.935249
0.832000, 4607.106828
0.833000, 4582.278407
0.834000, 4557.359536
0.835000, 4532.440665
0.836000, 4507.432327
0.837000, 4482.423989
0.838000, 4457.327172
0.839000, 4432.230355
0.840000, 4407.046050
0.841000, 4381.861744
0.842000, 4356.590945
0.843000, 4331.320145
0.844000, 4305.963849
0.845000, 4280.607553
0.846000, 4255.166761
0.847000, 4229.725970
0.848000, 4204.201687
0.849000, 4178.677404
0.850000, 4153.070638
0.851000, 4127.463871
0.852000, 4101.775632
0.853000, 4076.087393
0.854000, 4050.318696
0.855000, 4024.549999
0.856000, 3998.701860
0.857000, 3972.853721
0.858000, 3946.927162
0.859000, 3921.000603
0.860000, 3894.996646
0.861000, 3868.992690
0.862000, 3842.912363
0.863000, 3816.832036
0.864000, 3790.676367
0.865000, 3764.520699
0.866000, 3738.290723
0.867000, 3712.060746
0.868000, 3685.757497
0.869000, 3659.454247
0.870000, 3633.078763
0.871000, 3606.703280
0.872000, 3580.256602
0.873000, 3553.809925
0.874000, 3527.293099
0.875000, 3500.776273
0.876000, 3474.190344
0.877000, 3447.604415
0.878000, 3420.950434
0.879000, 3394.296452
0.880000, 3367.575471
0.881000, 3340.854489
0.882000, 3314.067561
0.883000, 3287.280634
0.884000, 3260.428818
0.885000, 3233.577002
0.886000, 3206.661359
0.887000, 3179.745715
0.888000, 3152.767306
0.889000, 3125.788897
0.890000, 3098.748787
0.891000, 3071.708678
0.892000, 3044.607935
0.893000, 3017.507193
0.894000, 2990.346887
0.895000, 2963.186582
0.896000, 2935.967786
0.897000, 2908.748989
0.898000, 2881.472777
0.899000, 2854.196565
0.900000, 2826.864013
0.901000, 2799.531461
0.902000, 2772.143649
0.903000, 2744.755837
0.904000, 2717.313845
0.905000, 2689.871854
0.906000, 2662.376767
0.907000, 2634.881680
0.908000, 2607.334583
0.909000, 2579.787485
0.910000, 2552.189465
0.911000, 2524.591445
0.912000, 2496.943591
0.913000, 2469.295738
0.914000, 2441.599143
0.915000, 2413.902548
0.916000, 2386.158304
0.917000, 2358.414060
0.918000, 2330.623264
0.919000, 2302.832467
0.920000, 2274.996214
0.921000, 2247.159962
0.922000, 2219.279352
0.923000, 2191.398743
0.924000, 2163.474877
0.925000, 2135.551011
0.926000, 2107.584991
0.927000, 2079.618971
0.928000, 2051.611901
0.929000, 2023.604831
0.930000, 1995.557817
0.931000, 1967.510803
0.932000, 1939.424952
0.933000, 1911.339101
0.934000, 1883.215522
0.935000, 1855.091943
0.936000, 1826.931745
0.937000, 1798.771548
0.938000, 1770.575845
0.939000, 1742.380142
0.940000, 1714.150045
0.941000, 1685.919949
0.942000, 1657.656574
0.943000, 1629.393199
0.944000, 1601.097661
0.945000, 1572.802123
0.946000, 1544.475539
0.947000, 1516.148956
0.948000, 1487.792444
0.949000, 1459.435933
0.950000, 1431.050614
0.951000, 1402.665295
0.952000, 1374.252288
0.953000, 1345.839282
0.954000, 1317.399710
0.955000, 1288.960137
0.956000, 1260.495122
0.957000, 1232.030107
0.958000, 1203.540772
0.959000, 1175.051438
0.960000, 1146.538909
0.961000, 1118.026380
0.962000, 1089.491782
0.963000, 1060.957184
0.964000, 1032.401644
0.965000, 1003.846104
0.966000, 975.270748
0.967000, 946.695393
0.968000, 918.101351
0.969000, 889.507309
0.970000, 860.895708
0.971000, 832.284108
0.972000, 803.656079
0.973000, 775.028050
0.974000, 746.384723
0.975000, 717.741395
0.976000, 689.083900
0.977000, 660.426405
0.978000, 631.755874
0.979000, 603.085343
0.980000, 574.402907
0.981000, 545.720472
0.982000, 517.027264
0.983000, 488.334057
0.984000, 459.631210
0.985000, 430.928363
0.986000, 402.217010
0.987000, 373.505656
0.988000, 344.786931
0.989000, 316.068205
0.990000, 287.343240
0.991000, 258.618276
0.992000, 229.888206
0.993000, 201.158136
0.994000, 172.424096
0.995000, 143.690056
0.996000, 114.953179
0.997000, 86.216303
0.998000, 57.477724
0.999000, 28.739146
1.000000, 0.000000
