0.000000, 0.000000
0.001000, 823.802793
0.002000, 1647.589324
0.003000, 2471.375856
0.004000, 3295.113605
0.005000, 4118.851354
0.006000, 4942.507800
0.007000, 5766.164246
0.008000, 6589.706873
0.009000, 7413.249500
0.010000, 8236.645796
0.011000, 9060.042092
0.012000, 9883.259550
0.013000, 10706.477009
0.014000, 11529.483130
0.015000, 12352.489252
0.016000, 13175.251546
0.017000, 13998.013840
0.018000, 14820.499826
0.019000, 15642.985811
0.020000, 16465.163017
0.021000, 17287.340223
0.022000, 18109.176192
0.023000, 18931.012161
0.024000, 19752.474448
0.025000, 20573.936735
0.026000, 21394.992910
0.027000, 22216.049085
0.028000, 23036.666734
0.029000, 23857.284383
0.030000, 24677.431110
0.031000, 25497.577837
0.032000, 26317.221263
0.033000, 27136.864690
0.034000, 27955.972458
0.035000, 28775.080226
0.036000, 29593.619998
0.037000, 30412.159771
0.038000, 31230.099234
0.039000, 32048.038696
0.040000, 32865.345558
0.041000, 33682.652420
0.042000, 34499.294415
0.043000, 35315.936410
0.044000, 36131.881298
0.045000, 36947.826187
0.046000, 37763.041757
0.047000, 38578.257327
0.048000, 39392.711396
0.049000, 40207.165464
0.050000, 41020.825878
0.051000, 41834.486291
0.052000, 42647.320927
0.053000, 43460.155564
0.054000, 44272.132334
0.055000, 45084.109104
0.056000, 45895.195953
0.057000, 46706.282801
0.058000, 47516.447708
0.059000, 48326.612614
0.060000, 49135.823595
0.061000, 49945.034575
0.062000, 50753.259683
0.063000, 51561.484792
0.064000, 52368.692120
0.065000, 53175.899449
0.066000, 53982.057131
0.067000, 54788.214813
0.068000, 55593.291022
0.069000, 56398.367232
0.070000, 57202.330186
0.071000, 58006.293140
0.072000, 58809.111099
0.073000, 59611.929059
0.074000, 60413.570330
0.075000, 61215.211601
0.076000, 62015.644536
0.077000, 62816.077471
0.078000, 63615.270471
0.079000, 64414.463470
0.080000, 65212.384984
0.081000, 66010.306497
0.082000, 66806.925023
0.083000, 67603.543549
0.084000, 68398.827639
0.085000, 69194.111730
0.086000, 69988.029987
0.087000, 70781.948245
0.088000, 71574.469328
0.089000, 72366.990410
0.090000, 73158.083030
0.091000, 73949.175651
0.092000, 74738.808577
0.093000, 75528.441504
0.094000, 76316.583564
0.095000, 77104.725624
0.096000, 77891.345703
0.097000, 78677.965781
0.098000, 79463.032824
0.099000, 80248.099867
0.100000, 81031.582882
0.101000, 81815.065896
0.102000, 82596.933951
0.103000, 83378.802006
0.104000, 84159.024234
0.105000, 84939.246463
0.106000, 85717.792064
0.107000, 86496.337665
0.108000, 87273.175902
0.109000, 88050.014139
0.110000, 88825.114344
0.111000, 89600.214549
0.112000, 90373.546123
0.113000, 91146.877696
0.114000, 91918.410109
0.115000, 92689.942521
0.116000, 93459.645313
0.117000, 94229.348105
0.118000, 94997.190891
0.119000, 95765.033676
0.120000, 96530.986142
0.121000, 97296.938608
0.122000, 98060.970515
0.123000, 98825.002423
0.124000, 99587.083609
0.125000, 100349.164796
0.126000, 101109.265176
0.127000, 101869.365556
0.128000, 102627.455122
0.129000, 103385.544688
0.130000, 104141.593511
0.131000, 104897.642335
0.132000, 105651.620569
0.133000, 106405.598803
0.134000, 107157.476682
0.135000, 107909.354561
0.136000, 108659.102401
0.137000, 109408.850241
0.138000, 110156.438445
0.139000, 110904.026648
0.140000, 111649.425701
0.141000, 112394.824754
0.142000, 113138.005229
0.143000, 113881.185704
0.144000, 114622.118262
0.145000, 115363.050820
0.146000, 116101.706211
0.147000, 116840.361601
0.148000, 117576.710662
0.149000, 118313.059724
0.150000, 119047.073387
0.151000, 119781.087050
0.152000, 120512.736337
0.153000, 121244.385624
0.154000, 121973.641650
0.155000, 122702.897677
0.156000, 123429.731653
0.157000, 124156.565630
0.158000, 124880.948862
0.159000, 125605.332094
0.160000, 126327.235984
0.161000, 127049.139875
0.162000, 127768.535924
0.163000, 128487.931973
0.164000, 129204.791780
0.165000, 129921.651588
0.166000, 130635.946853
0.167000, 131350.242118
0.168000, 132061.944642
0.169000, 132773.647166
0.170000, 133482.728851
0.171000, 134191.810537
0.172000, 134898.243391
0.173000, 135604.676246
0.174000, 136308.432380
0.175000, 137012.188514
0.176000, 137713.240144
0.177000, 138414.291775
0.178000, 139112.611226
0.179000, 139810.930678
0.180000, 140506.490381
0.181000, 141202.050084
0.182000, 141894.822579
0.183000, 142587.595075
0.184000, 143277.553013
0.185000, 143967.510951
0.186000, 144654.627095
0.187000, 145341.743238
0.188000, 146025.990459
0.189000, 146710.237680
0.190000, 147391.588967
0.191000, 148072.940254
0.192000, 148751.368708
0.193000, 149429.797162
0.194000, 150105.276000
0.195000, 150780.754837
0.196000, 151453.257392
0.197000, 152125.759947
0.198000, 152795.259669
0.199000, 153464.759391
0.200000, 154131.229851
0.201000, 154797.700310
0.202000, 155461.115195
0.203000, 156124.530081
0.204000, 156784.863201
0.205000, 157445.196322
0.206000, 158102.421610
0.207000, 158759.646897
0.208000, 159413.738405
0.209000, 160067.829913
0.210000, 160718.761819
0.211000, 161369.693725
0.212000, 162017.440331
0.213000, 162665.186937
0.214000, 163309.722672
0.215000, 163954.258407
0.216000, 164595.557825
0.217000, 165236.857243
0.218000, 165874.895027
0.219000, 166512.932811
0.220000, 167147.683772
0.221000, 167782.434734
0.222000, 168413.873813
0.223000, 169045.312893
0.224000, 169673.415163
0.225000, 170301.517433
0.226000, 170926.258097
0.227000, 171550.998760
0.228000, 172172.353154
0.229000, 172793.707548
0.230000, 173411.651142
0.231000, 174029.594736
0.232000, 174644.103135
0.233000, 175258.611534
0.234000, 175869.660478
0.235000, 176480.709422
0.236000, 177088.274788
0.237000, 177695.840154
0.238000, 178299.897956
0.239000, 178903.955758
0.240000, 179504.482149
0.241000, 180105.008540
0.242000, 180701.979813
0.243000, 181298.951085
0.244000, 181892.343671
0.245000, 182485.736258
0.246000, 183075.526732
0.247000, 183665.317206
0.248000, 184251.482284
0.249000, 184837.647362
0.250000, 185420.163903
0.251000, 186002.680445
0.252000, 186581.525452
0.253000, 187160.370459
0.254000, 187735.521081
0.255000, 188310.671703
0.256000, 188882.105234
0.257000, 189453.538765
0.258000, 190021.232645
0.259000, 190588.926524
0.260000, 191152.858342
0.261000, 191716.790160
0.262000, 192276.937652
0.263000, 192837.085145
0.264000, 193393.426198
0.265000, 193949.767251
0.266000, 194502.279902
0.267000, 195054.792553
0.268000, 195603.454990
0.269000, 196152.117426
0.270000, 196696.907988
0.271000, 197241.698549
0.272000, 197782.595729
0.273000, 198323.492908
0.274000, 198860.475351
0.275000, 199397.457795
0.276000, 199930.504303
0.277000, 200463.550811
0.278000, 200992.640341
0.279000, 201521.729870
0.280000, 202046.841533
0.281000, 202571.953196
0.282000, 203093.066262
0.283000, 203614.179328
0.284000, 204131.273224
0.285000, 204648.367121
0.286000, 205161.421434
0.287000, 205674.475747
0.288000, 206183.470221
0.289000, 206692.464696
0.290000, 207197.379239
0.291000, 207702.293781
0.292000, 208203.108458
0.293000, 208703.923135
0.294000, 209200.618176
0.295000, 209697.313216
0.296000, 210189.869011
0.297000, 210682.424806
0.298000, 211170.821910
0.299000, 211659.219014
0.300000, 212143.438146
0.301000, 212627.657279
0.302000, 213107.679323
0.303000, 213587.701368
0.304000, 214063.507374
0.305000, 214539.313380
0.306000, 215010.884564
0.307000, 215482.455748
0.308000, 215949.773492
0.309000, 216417.091237
0.310000, 216880.137093
0.311000, 217343.182950
0.312000, 217801.938638
0.313000, 218260.694326
0.314000, 218715.141735
0.315000, 219169.589144
0.316000, 219619.710332
0.317000, 220069.831521
0.318000, 220515.608720
0.319000, 220961.385919
0.320000, 221402.801529
0.321000, 221844.217139
0.322000, 222281.253734
0.323000, 222718.290330
0.324000, 223150.930656
0.325000, 223583.570983
0.326000, 224011.797962
0.327000, 224440.024940
0.328000, 224863.821665
0.329000, 225287.618390
0.330000, 225706.968130
0.331000, 226126.317870
0.332000, 226541.204070
0.333000, 226956.090270
0.334000, 227366.496551
0.335000, 227776.902832
0.336000, 228182.812992
0.337000, 228588.723152
0.338000, 228990.121166
0.339000, 229391.519181
0.340000, 229788.389203
0.341000, 230185.259225
0.342000, 230577.585587
0.343000, 230969.911950
0.344000, 231357.679163
0.345000, 231745.446377
0.346000, 232128.639135
0.347000, 232511.831892
0.348000, 232890.435064
0.349000, 233269.038237
0.350000, 233643.036879
0.351000, 234017.035520
0.352000, 234386.414866
0.353000, 234755.794212
0.354000, 235120.539679
0.355000, 235485.285146
0.356000, 235845.382336
0.357000, 236205.479525
0.358000, 236560.914220
0.359000, 236916.348916
0.360000, 237267.107085
0.361000, 237617.865255
0.362000, 237963.933051
0.363000, 238310.000847
0.364000, 238651.364608
0.365000, 238992.728369
0.366000, 239329.374618
0.367000, 239666.020867
0.368000, 239997.936314
0.369000, 240329.851761
0.370000, 240657.023303
0.371000, 240984.194844
0.372000, 241306.609564
0.373000, 241629.024284
0.374000, 241946.669453
0.375000, 242264.314623
0.376000, 242577.177702
0.377000, 242890.040782
0.378000, 243198.109420
0.379000, 243506.178058
0.380000, 243809.440093
0.381000, 244112.702127
0.382000, 244411.145586
0.383000, 244709.589045
0.384000, 245003.202146
0.385000, 245296.815247
0.386000, 245585.586399
0.387000, 245874.357551
0.388000, 246158.275354
0.389000, 246442.193156
0.390000, 246721.246401
0.391000, 247000.299646
0.392000, 247274.477316
0.393000, 247548.654986
0.394000, 247817.946258
0.395000, 248087.237530
0.396000, 248351.631772
0.397000, 248616.026014
0.398000, 248875.512789
0.399000, 249134.999563
0.400000, 249389.568626
0.401000, 249644.137689
0.402000, 249893.778991
0.403000, 250143.420292
0.404000, 250388.123977
0.405000, 250632.827661
0.406000, 250872.584068
0.407000, 251112.340475
0.408000, 251347.140140
0.409000, 251581.939804
0.410000, 251811.773456
0.411000, 252041.607109
0.412000, 252266.465675
0.413000, 252491.324242
0.414000, 252711.198846
0.415000, 252931.073451
0.416000, 253145.955412
0.417000, 253360.837373
0.418000, 253570.718209
0.419000, 253780.599044
0.420000, 253985.470468
0.421000, 254190.341891
0.422000, 254390.195815
0.423000, 254590.049739
0.424000, 254784.878273
0.425000, 254979.706807
0.426000, 255169.502261
0.427000, 255359.297714
0.428000, 255544.052593
0.429000, 255728.807472
0.430000, 255908.514484
0.431000, 256088.221495
0.432000, 256262.873544
0.433000, 256437.525594
0.434000, 256607.115786
0.435000, 256776.705978
0.436000, 256941.227617
0.437000, 257105.749257
0.438000, 257265.195849
0.439000, 257424.642442
0.440000, 257579.007692
0.441000, 257733.372942
0.442000, 257882.650756
0.443000, 258031.928571
0.444000, 258176.113055
0.445000, 258320.297540
0.446000, 258459.383003
0.447000, 258598.468467
0.448000, 258732.449418
0.449000, 258866.430368
0.450000, 258995.301518
0.451000, 259124.172667
0.452000, 259247.928927
0.453000, 259371.685187
0.454000, 259490.321671
0.455000, 259608.958156
0.456000, 259722.470183
0.457000, 259835.982209
0.458000, 259944.365295
0.459000, 260052.748382
0.460000, 260155.998250
0.461000, 260259.248117
0.462000, 260357.360691
0.463000, 260455.473264
0.464000, 260548.444669
0.465000, 260641.416074
0.466000, 260729.242640
0.467000, 260817.069207
0.468000, 260899.747468
0.469000, 260982.425729
0.470000, 261059.952420
0.471000, 261137.479112
0.472000, 261209.851173
0.473000, 261282.223234
0.474000, 261349.437808
0.475000, 261416.652381
0.476000, 261478.706814
0.477000, 261540.761247
0.478000, 261597.653089
0.479000, 261654.544931
0.480000, 261706.271936
0.481000, 261757.998942
0.482000, 261804.559068
0.483000, 261851.119195
0.484000, 261892.510604
0.485000, 261933.902014
0.486000, 261970.123073
0.487000, 262006.344131
0.488000, 262037.393409
0.489000, 262068.442687
0.490000, 262094.318958
0.491000, 262120.195229
0.492000, 262140.897472
0.493000, 262161.599714
0.494000, 262177.127112
0.495000, 262192.654509
0.496000, 262203.006448
0.497000, 262213.358387
0.498000, 262218.534458
0.499000, 262223.710530
0.500000, 262223.710530
0.501000, 262223.710530
0.502000, 262218.534458
0.503000, 262213.358387
0.504000, 262203.006448
0.505000, 262192.654509
0.506000, 262177.127112
0.507000, 262161.599714
0.508000, 262140.897472
0.509000, 262120.195229
0.510000, 262094.318958
0.511000, 262068.442687
0.512000, 262037.393409
0.513000, 262006.344131
0.514000, 261970.123073
0.515000, 261933.902014
0.516000, 261892.510604
0.517000, 261851.119195
0.518000, 261804.559068
0.519000, 261757.998942
0.520000, 261706.271936
0.521000, 261654.544931
0.522000, 261597.653089
0.523000, 261540.761247
0.524000, 261478.706814
0.525000, 261416.652381
0.526000, 261349.437808
0.527000, 261282.223234
0.528000, 261209.851173
0.529000, 261137.479112
0.530000, 261059.952420
0.531000, 260982.425729
0.532000, 260899.747468
0.533000, 260817.069207
0.534000, 260729.242640
0.535000, 260641.416074
0.536000, 260548.444669
0.537000, 260455.473264
0.538000, 260357.360691
0.539000, 260259.248117
0.540000, 260155.998250
0.541000, 260052.748382
0.542000, 259944.365295
0.543000, 259835.982209
0.544000, 259722.470183
0.545000, 259608.958156
0.546000, 259490.321671
0.547000, 259371.685187
0.548000, 259247.928927
0.549000, 259124.172667
0.550000, 258995.301518
0.551000, 258866.430368
0.552000, 258732.449418
0.553000, 258598.468467
0.554000, 258459.383003
0.555000, 258320.297540
0.556000, 258176.113055
0.557000, 258031.928571
0.558000, 257882.650756
0.559000, 257733.372942
0.560000, 257579.007692
0.561000, 257424.642442
0.562000, 257265.195849
0.563000, 257105.749257
0.564000, 256941.227617
0.565000, 256776.705978
0.566000, 256607.115786
0.567000, 256437.525594
0.568000, 256262.873544
0.569000, 256088.221495
0.570000, 255908.514484
0.571000, 255728.807472
0.572000, 255544.052593
0.573000, 255359.297714
0.574000, 255169.502261
0.575000, 254979.706807
0.576000, 254784.878273
0.577000, 254590.049739
0.578000, 254390.195815
0.579000, 254190.341891
0.580000, 253985.470468
0.581000, 253780.599044
0.582000, 253570.718209
0.583000, 253360.837373
0.584000, 253145.955412
0.585000, 252931.073451
0.586000, 252711.198846
0.587000, 252491.324242
0.588000, 252266.465675
0.589000, 252041.607109
0.590000, 251811.773456
0.591000, 251581.939804
0.592000, 251347.140140
0.593000, 251112.340475
0.594000, 250872.584068
0.595000, 250632.827661
0.596000, 250388.123977
0.597000, 250143.420292
0.598000, 249893.778991
0.599000, 249644.137689
0.600000, 249389.568626
0.601000, 249134.999563
0.602000, 248875.512789
0.603000, 248616.026014
0.604000, 248351.631772
0.605000, 248087.237530
0.606000, 247817.946258
0.607000, 247548.654986
0.608000, 247274.477316
0.609000, 247000.299646
0.610000, 246721.246401
0.611000, 246442.193156
0.612000, 246158.275354
0.613000, 245874.357551
0.614000, 245585.586399
0.615000, 245296.815247
0.616000, 245003.202146
0.617000, 244709.589045
0.618000, 244411.145586
0.619000, 244112.702127
0.620000, 243809.440093
0.621000, 243506.178058
0.622000, 243198.109420
0.623000, 242890.040782
0.624000, 242577.177702
0.625000, 242264.314623
0.626000, 241946.669453
0.627000, 241629.024284
0.628000, 241306.609564
0.629000, 240984.194844
0.630000, 240657.023303
0.631000, 240329.851761
0.632000, 239997.936314
0.633000, 239666.020867
0.634000, 239329.374618
0.635000, 238992.728369
0.636000, 238651.364608
0.637000, 238310.000847
0.638000, 237963.933051
0.639000, 237617.865255
0.640000, 237267.107085
0.641000, 236916.348916
0.642000, 236560.914220
0.643000, 236205.479525
0.644000, 235845.382336
0.645000, 235485.285146
0.646000, 235120.539679
0.647000, 234755.794212
0.648000, 234386.414866
0.649000, 234017.035520
0.650000, 233643.036879
0.651000, 233269.038237
0.652000, 232890.435064
0.653000, 232511.831892
0.654000, 232128.639135
0.655000, 231745.446377
0.656000, 231357.679163
0.657000, 230969.911950
0.658000, 230577.585587
0.659000, 230185.259225
0.660000, 229788.389203
0.661000, 229391.519181
0.662000, 228990.121166
0.663000, 228588.723152
0.664000, 228182.812992
0.665000, 227776.902832
0.666000, 227366.496551
0.667000, 226956.090270
0.668000, 226541.204070
0.669000, 226126.317870
0.670000, 225706.968130
0.671000, 225287.618390
0.672000, 224863.821665
0.673000, 224440.024940
0.674000, 224011.797962
0.675000, 223583.570983
0.676000, 223150.930656
0.677000, 222718.290330
0.678000, 222281.253734
0.679000, 221844.217139
0.680000, 221402.801529
0.681000, 220961.385919
0.682000, 220515.608720
0.683000, 220069.831521
0.684000, 219619.710332
0.685000, 219169.589144
0.686000, 218715.141735
0.687000, 218260.694326
0.688000, 217801.938638
0.689000, 217343.182950
0.690000, 216880.137093
0.691000, 216417.091237
0.692000, 215949.773492
0.693000, 215482.455748
0.694000, 215010.884564
0.695000, 214539.313380
0.696000, 214063.507374
0.697000, 213587.701368
0.698000, 213107.679323
0.699000, 212627.657279
0.700000, 212143.438146
0.701000, 211659.219014
0.702000, 211170.821910
0.703000, 210682.424806
0.704000, 210189.869011
0.705000, 209697.313216
0.706000, 209200.618176
0.707000, 208703.923135
0.708000, 208203.108458
0.709000, 207702.293781
0.710000, 207197.379239
0.711000, 206692.464696
0.712000, 206183.470221
0.713000, 205674.475747
0.714000, 205161.421434
0.715000, 204648.367121
0.716000, 204131.273224
0.717000, 203614.179328
0.718000, 203093.066262
0.719000, 202571.953196
0.720000, 202046.841533
0.721000, 201521.729870
0.722000, 200992.640341
0.723000, 200463.550811
0.724000, 199930.504303
0.725000, 199397.457795
0.726000, 198860.475351
0.727000, 198323.492908
0.728000, 197782.595729
0.729000, 197241.698549
0.730000, 196696.907988
0.731000, 196152.117426
0.732000, 195603.454990
0.733000, 195054.792553
0.734000, 194502.279902
0.735000, 193949.767251
0.736000, 193393.426198
0.737000, 192837.085145
0.738000, 192276.937652
0.739000, 191716.790160
0.740000, 191152.858342
0.741000, 190588.926524
0.742000, 190021.232645
0.743000, 189453.538765
0.744000, 188882.105234
0.745000, 188310.671703
0.746000, 187735.521081
0.747000, 187160.370459
0.748000, 186581.525452
0.749000, 186002.680445
0.750000, 185420.163903
0.751000, 184837.647362
0.752000, 184251.482284
0.753000, 183665.317206
0.754000, 183075.526732
0.755000, 182485.736258
0.756000, 181892.343671
0.757000, 181298.951085
0.758000, 180701.979813
0.759000, 180105.008540
0.760000, 179504.482149
0.761000, 178903.955758
0.762000, 178299.897956
0.763000, 177695.840154
0.764000, 177088.274788
0.765000, 176480.709422
0.766000, 175869.660478
0.767000, 175258.611534
0.768000, 174644.103135
0.769000, 174029.594736
0.770000, 173411.651142
0.771000, 172793.707548
0.772000, 172172.353154
0.773000, 171550.998760
0.774000, 170926.258097
0.775000, 170301.517433
0.776000, 169673.415163
0.777000, 169045.312893
0.778000, 168413.873813
0.779000, 167782.434734
0.780000, 167147.683772
0.781000, 166512.932811
0.782000, 165874.895027
0.783000, 165236.857243
0.784000, 164595.557825
0.785000, 163954.258407
0.786000, 163309.722672
0.787000, 162665.186937
0.788000, 162017.440331
0.789000, 161369.693725
0.790000, 160718.761819
0.791000, 160067.829913
0.792000, 159413.738405
0.793000, 158759.646897
0.794000, 158102.421610
0.795000, 157445.196322
0.796000, 156784.863201
0.797000, 156124.530081
0.798000, 155461.115195
0.799000, 154797.700310
0.800000, 154131.229851
0.801000, 153464.759391
0.802000, 152795.259669
0.803000, 152125.759947
0.804000, 151453.257392
0.805000, 150780.754837
0.806000, 150105.276000
0.807000, 149429.797162
0.808000, 148751.368708
0.809000, 148072.940254
0.810000, 147391.588967
0.811000, 146710.237680
0.812000, 146025.990459
0.813000, 145341.743238
0.814000, 144654.627095
0.815000, 143967.510951
0.816000, 143277.553013
0.817000, 142587.595075
0.818000, 141894.822579
0.819000, 141202.050084
0.820000, 140506.490381
0.821000, 139810.930678
0.822000, 139112.611226
0.823000, 138414.291775
0.824000, 137713.240144
0.825000, 137012.188514
0.826000, 136308.432380
0.827000, 135604.676246
0.828000, 134898.243391
0.829000, 134191.810537
0.830000, 133482.728851
0.831000, 132773.647166
0.832000, 132061.944642
0.833000, 131350.242118
0.834000, 130635.946853
0.835000, 129921.651588
0.836000, 129204.791780
0.837000, 128487.931973
0.838000, 127768.535924
0.839000, 127049.139875
0.840000, 126327.235984
0.841000, 125605.332094
0.842000, 124880.948862
0.843000, 124156.565630
0.844000, 123429.731653
0.845000, 122702.897677
0.846000, 121973.641650
0.847000, 121244.385624
0.848000, 120512.736337
0.849000, 119781.087050
0.850000, 119047.073387
0.851000, 118313.059724
0.852000, 117576.710662
0.853000, 116840.361601
0.854000, 116101.706211
0.855000, 115363.050820
0.856000, 114622.118262
0.857000, 113881.185704
0.858000, 113138.005229
0.859000, 112394.824754
0.860000, 111649.425701
0.861000, 110904.026648
0.862000, 110156.438445
0.863000, 109408.850241
0.864000, 108659.102401
0.865000, 107909.354561
0.866000, 107157.476682
0.867000, 106405.598803
0.868000, 105651.620569
0.869000, 104897.642335
0.870000, 104141.593511
0.871000, 103385.544688
0.872000, 102627.455122
0.873000, 101869.365556
0.874000, 101109.265176
0.875000, 100349.164796
0.876000, 99587.083609
0.877000, 98825.002423
0.878000, 98060.970515
0.879000, 97296.938608
0.880000, 96530.986142
0.881000, 95765.033676
0.882000, 94997.190891
0.883000, 94229.348105
0.884000, 93459.645313
0.885000, 92689.942521
0.886000, 91918.410109
0.887000, 91146.877696
0.888000, 90373.546123
0.889000, 89600.214549
0.890000, 88825.114344
0.891000, 88050.014139
0.892000, 87273.175902
0.893000, 86496.337665
0.894000, 85717.792064
0.895000, 84939.246463
0.896000, 84159.024234
0.897000, 83378.802006
0.898000, 82596.933951
0.899000, 81815.065896
0.900000, 81031.582882
0.901000, 80248.099867
0.902000, 79463.032824
0.903000, 78677.965781
0.904000, 77891.345703
0.905000, 77104.725624
0.906000, 76316.583564
0.907000, 75528.441504
0.908000, 74738.808577
0.909000, 73949.175651
0.910000, 73158.083030
0.911000, 72366.990410
0.912000, 71574.469328
0.913000, 70781.948245
0.914000, 69988.029987
0.915000, 69194.111730
0.916000, 68398.827639
0.917000, 67603.543549
0.918000, 66806.925023
0.919000, 66010.306497
0.920000, 65212.384984
0.921000, 64414.463470
0.922000, 63615.270471
0.923000, 62816.077471
0.924000, 62015.644536
0.925000, 61215.211601
0.926000, 60413.570330
0.927000, 59611.929059
0.928000, 58809.111099
0.929000, 58006.293140
0.930000, 57202.330186
0.931000, 56398.367232
0.932000, 55593.291022
0.933000, 54788.214813
0.934000, 53982.057131
0.935000, 53175.899449
0.936000, 52368.692120
0.937000, 51561.484792
0.938000, 50753.259683
0.939000, 49945.034575
0.940000, 49135.823595
0.941000, 48326.612614
0.942000, 47516.447708
0.943000, 46706.282801
0.944000, 45895.195953
0.945000, 45084.109104
0.946000, 44272.132334
0.947000, 43460.155564
0.948000, 42647.320927
0.949000, 41834.486291
0.950000, 41020.825878
0.951000, 40207.165464
0.952000, 39392.711396
0.953000, 38578.257327
0.954000, 37763.041757
0.955000, 36947.826187
0.956000, 36131.881298
0.957000, 35315.936410
0.958000, 34499.294415
0.959000, 33682.652420
0.960000, 32865.345558
0.961000, 32048.038696
0.962000, 31230.099234
0.963000, 30412.159771
0.964000, 29593.619998
0.965000, 28775.080226
0.966000, 27955.972458
0.967000, 27136.864690
0.968000, 26317.221263
0.969000, 25497.577837
0.970000, 24677.431110
0.971000, 23857.284383
0.972000, 23036.666734
0.973000, 22216.049085
0.974000, 21394.992910
0.975000, 20573.936735
0.976000, 19752.474448
0.977000, 18931.012161
0.978000, 18109.176192
0.979000, 17287.340223
0.980000, 16465.163017
0.981000, 15642.985811
0.982000, 14820.499826
0.983000, 13998.013840
0.984000, 13175.251546
0.985000, 12352.489252
0.986000, 11529.483130
0.987000, 10706.477009
0.988000, 9883.259550
0.989000, 9060.042092
0.990000, 8236.645796
0.991000, 7413.249500
0.992000, 6589.706873
0.993000, 5766.164246
0.994000, 4942.507800
0.995000, 4118.851354
0.996000, 3295.113605
0.997000, 2471.375856
0.998000, 1647.589324
0.999000, 823.802793
1.000000, 0.000000
