0.000000, 0.000000
0.001000, 42692.537859
0.002000, 85384.233003
0.003000, 128075.928147
0.004000, 170765.095182
0.005000, 213454.262218
0.006000, 256139.215848
0.007000, 298824.169479
0.008000, 341503.224577
0.009000, 384182.279674
0.010000, 426853.751343
0.011000, 469525.223011
0.012000, 512187.426653
0.013000, 554849.630296
0.014000, 597500.881681
0.015000, 640152.133067
0.016000, 682790.748397
0.017000, 725429.363728
0.018000, 768053.659704
0.019000, 810677.955680
0.020000, 853286.249567
0.021000, 895894.543455
0.022000, 938485.153151
0.023000, 981075.762846
0.024000, 1023647.006947
0.025000, 1066218.251047
0.026000, 1108768.448912
0.027000, 1151318.646777
0.028000, 1193846.118597
0.029000, 1236373.590418
0.030000, 1278876.657282
0.031000, 1321379.724147
0.032000, 1363856.708106
0.033000, 1406333.692066
0.034000, 1448782.916203
0.035000, 1491232.140340
0.036000, 1533651.928831
0.037000, 1576071.717322
0.038000, 1618460.395507
0.039000, 1660849.073691
0.040000, 1703204.968137
0.041000, 1745560.862583
0.042000, 1787882.301152
0.043000, 1830203.739721
0.044000, 1872489.051635
0.045000, 1914774.363549
0.046000, 1957021.879456
0.047000, 1999269.395363
0.048000, 2041477.447404
0.049000, 2083685.499445
0.050000, 2125852.421319
0.051000, 2168019.343192
0.052000, 2210143.470220
0.053000, 2252267.597247
0.054000, 2294347.266441
0.055000, 2336426.935634
0.056000, 2378460.485760
0.057000, 2420494.035886
0.058000, 2462479.807532
0.059000, 2504465.579178
0.060000, 2546401.914818
0.061000, 2588338.250458
0.062000, 2630223.494516
0.063000, 2672108.738575
0.064000, 2713941.237494
0.065000, 2755773.736414
0.066000, 2797551.838720
0.067000, 2839329.941025
0.068000, 2881051.997389
0.069000, 2922774.053752
0.070000, 2964438.417058
0.071000, 3006102.780364
0.072000, 3047707.805774
0.073000, 3089312.831185
0.074000, 3130856.876205
0.075000, 3172400.921225
0.076000, 3213882.345767
0.077000, 3255363.770309
0.078000, 3296780.936757
0.079000, 3338198.103206
0.080000, 3379549.376481
0.081000, 3420900.649757
0.082000, 3462184.397382
0.083000, 3503468.145008
0.084000, 3544682.737172
0.085000, 3585897.329336
0.086000, 3627041.138956
0.087000, 3668184.948577
0.088000, 3709256.351367
0.089000, 3750327.754157
0.090000, 3791325.128688
0.091000, 3832322.503219
0.092000, 3873244.230985
0.093000, 3914165.958751
0.094000, 3955010.424232
0.095000, 3995854.889712
0.096000, 4036620.480439
0.097000, 4077386.071165
0.098000, 4118071.177781
0.099000, 4158756.284397
0.100000, 4199359.300725
0.101000, 4239962.317052
0.102000, 4280481.640154
0.103000, 4321000.963255
0.104000, 4361434.993497
0.105000, 4401869.023739
0.106000, 4442216.164854
0.107000, 4482563.305970
0.108000, 4522821.965124
0.109000, 4563080.624278
0.110000, 4603249.212127
0.111000, 4643417.799976
0.112000, 4683494.730733
0.113000, 4723571.661490
0.114000, 4763555.352986
0.115000, 4803539.044482
0.116000, 4843427.918231
0.117000, 4883316.791979
0.118000, 4923109.273234
0.119000, 4962901.754490
0.120000, 5002596.272313
0.121000, 5042290.790137
0.122000, 5081885.777458
0.123000, 5121480.764778
0.124000, 5160974.658453
0.125000, 5200468.552128
0.126000, 5239859.793006
0.127000, 5279251.033884
0.128000, 5318538.066866
0.129000, 5357825.099848
0.130000, 5397006.373950
0.131000, 5436187.648052
0.132000, 5475261.616464
0.133000, 5514335.584875
0.134000, 5553300.705024
0.135000, 5592265.825172
0.136000, 5631120.558781
0.137000, 5669975.292390
0.138000, 5708718.105540
0.139000, 5747460.918691
0.140000, 5786090.281884
0.141000, 5824719.645077
0.142000, 5863234.033290
0.143000, 5901748.421504
0.144000, 5940146.314257
0.145000, 5978544.207010
0.146000, 6016824.088418
0.147000, 6055103.969826
0.148000, 6093264.328667
0.149000, 6131424.687507
0.150000, 6169464.017273
0.151000, 6207503.347039
0.152000, 6245420.146003
0.153000, 6283336.944968
0.154000, 6321129.716240
0.155000, 6358922.487513
0.156000, 6396589.739100
0.157000, 6434256.990687
0.158000, 6471797.235549
0.159000, 6509337.480412
0.160000, 6546749.236525
0.161000, 6584160.992638
0.162000, 6621442.783051
0.163000, 6658724.573463
0.164000, 6695874.926353
0.165000, 6733025.279243
0.166000, 6770042.727979
0.167000, 6807060.176714
0.168000, 6843943.259910
0.169000, 6880826.343105
0.170000, 6917573.604679
0.171000, 6954320.866254
0.172000, 6990930.855488
0.173000, 7027540.844722
0.174000, 7064012.116317
0.175000, 7100483.387911
0.176000, 7136814.502043
0.177000, 7173145.616174
0.178000, 7209335.138552
0.179000, 7245524.660930
0.180000, 7281571.162855
0.181000, 7317617.664779
0.182000, 7353519.723196
0.183000, 7389421.781613
0.184000, 7425177.979170
0.185000, 7460934.176727
0.186000, 7496543.101831
0.187000, 7532152.026935
0.188000, 7567612.273806
0.189000, 7603072.520678
0.190000, 7638382.689407
0.191000, 7673692.858136
0.192000, 7708851.554738
0.193000, 7744010.251340
0.194000, 7779016.087810
0.195000, 7814021.924279
0.196000, 7848873.518646
0.197000, 7883725.113013
0.198000, 7918421.089395
0.199000, 7953117.065778
0.200000, 7987656.054438
0.201000, 8022195.043099
0.202000, 8056575.680497
0.203000, 8090956.317896
0.204000, 8125177.246743
0.205000, 8159398.175591
0.206000, 8193458.044904
0.207000, 8227517.914218
0.208000, 8261415.379371
0.209000, 8295312.844525
0.210000, 8329046.567305
0.211000, 8362780.290085
0.212000, 8396348.938741
0.213000, 8429917.587398
0.214000, 8463319.836699
0.215000, 8496722.086000
0.216000, 8529956.617281
0.217000, 8563191.148562
0.218000, 8596256.649781
0.219000, 8629322.151000
0.220000, 8662217.316788
0.221000, 8695112.482575
0.222000, 8727836.014287
0.223000, 8760559.545998
0.224000, 8793110.151765
0.225000, 8825660.757531
0.226000, 8858037.152310
0.227000, 8890413.547089
0.228000, 8922614.452716
0.229000, 8954815.358343
0.230000, 8986839.503581
0.231000, 9018863.648819
0.232000, 9050709.769410
0.233000, 9082555.890002
0.234000, 9114222.728716
0.235000, 9145889.567429
0.236000, 9177375.874113
0.237000, 9208862.180797
0.238000, 9240166.712426
0.239000, 9271471.244054
0.240000, 9302592.764778
0.241000, 9333714.285502
0.242000, 9364651.566697
0.243000, 9395588.847892
0.244000, 9426340.668207
0.245000, 9457092.488522
0.246000, 9487657.633927
0.247000, 9518222.779333
0.248000, 9548600.043170
0.249000, 9578977.307007
0.250000, 9609165.490033
0.251000, 9639353.673058
0.252000, 9669351.583495
0.253000, 9699349.493932
0.254000, 9729155.947514
0.255000, 9758962.401096
0.256000, 9788576.221115
0.257000, 9818190.041134
0.258000, 9847610.058488
0.259000, 9877030.075841
0.260000, 9906255.129077
0.261000, 9935480.182313
0.262000, 9964509.117676
0.263000, 9993538.053039
0.264000, 10022369.724517
0.265000, 10051201.395995
0.266000, 10079834.665362
0.267000, 10108467.934730
0.268000, 10136901.671594
0.269000, 10165335.408459
0.270000, 10193568.490305
0.271000, 10221801.572152
0.272000, 10249832.884387
0.273000, 10277864.196622
0.274000, 10305692.632617
0.275000, 10333521.068612
0.276000, 10361145.529747
0.277000, 10388769.990883
0.278000, 10416189.386594
0.279000, 10443608.782304
0.280000, 10470822.030118
0.281000, 10498035.277933
0.282000, 10525041.303518
0.283000, 10552047.329104
0.284000, 10578845.066309
0.285000, 10605642.803515
0.286000, 10632231.194411
0.287000, 10658819.585307
0.288000, 10685197.580231
0.289000, 10711575.575154
0.290000, 10737742.132745
0.291000, 10763908.690337
0.292000, 10789862.777587
0.293000, 10815816.864837
0.294000, 10841557.457121
0.295000, 10867298.049406
0.296000, 10892824.130531
0.297000, 10918350.211656
0.298000, 10943660.773895
0.299000, 10968971.336135
0.300000, 10994065.380271
0.301000, 11019159.424407
0.302000, 11044035.959770
0.303000, 11068912.495133
0.304000, 11093570.539640
0.305000, 11118228.584147
0.306000, 11142667.164340
0.307000, 11167105.744534
0.308000, 11191323.895620
0.309000, 11215542.046707
0.310000, 11239538.812595
0.311000, 11263535.578484
0.312000, 11287310.011823
0.313000, 11311084.445163
0.314000, 11334635.607379
0.315000, 11358186.769595
0.316000, 11381513.730929
0.317000, 11404840.692263
0.318000, 11427942.531805
0.319000, 11451044.371348
0.320000, 11473920.177078
0.321000, 11496795.982808
0.322000, 11519444.851628
0.323000, 11542093.720449
0.324000, 11564514.758221
0.325000, 11586935.795993
0.326000, 11609128.117572
0.327000, 11631320.439151
0.328000, 11653283.168423
0.329000, 11675245.897695
0.330000, 11696978.167609
0.331000, 11718710.437522
0.332000, 11740211.390124
0.333000, 11761712.342727
0.334000, 11782981.129197
0.335000, 11804249.915667
0.336000, 11825285.696350
0.337000, 11846321.477033
0.338000, 11867123.421472
0.339000, 11887925.365911
0.340000, 11908492.652881
0.341000, 11929059.939851
0.342000, 11949391.757391
0.343000, 11969723.574931
0.344000, 11989819.120375
0.345000, 12009914.665819
0.346000, 12029773.145830
0.347000, 12049631.625841
0.348000, 12069252.256439
0.349000, 12088872.887038
0.350000, 12108254.893635
0.351000, 12127636.900233
0.352000, 12146779.517661
0.353000, 12165922.135089
0.354000, 12184824.607630
0.355000, 12203727.080171
0.356000, 12222388.661587
0.357000, 12241050.243003
0.358000, 12259470.196568
0.359000, 12277890.150132
0.360000, 12296067.748657
0.361000, 12314245.347181
0.362000, 12332179.873045
0.363000, 12350114.398909
0.364000, 12367805.144089
0.365000, 12385495.889268
0.366000, 12402942.155362
0.367000, 12420388.421456
0.368000, 12437589.519716
0.369000, 12454790.617976
0.370000, 12471745.869333
0.371000, 12488701.120689
0.372000, 12505409.855777
0.373000, 12522118.590865
0.374000, 12538580.150053
0.375000, 12555041.709241
0.376000, 12571255.442655
0.377000, 12587469.176068
0.378000, 12603434.443617
0.379000, 12619399.711165
0.380000, 12635115.882567
0.381000, 12650832.053970
0.382000, 12666298.508778
0.383000, 12681764.963586
0.384000, 12696981.091211
0.385000, 12712197.218836
0.386000, 12727162.418572
0.387000, 12742127.618307
0.388000, 12756841.299353
0.389000, 12771554.980398
0.390000, 12786016.561882
0.391000, 12800478.143366
0.392000, 12814687.054371
0.393000, 12828895.965376
0.394000, 12842851.644957
0.395000, 12856807.324539
0.396000, 12870509.221751
0.397000, 12884211.118963
0.398000, 12897658.692878
0.399000, 12911106.266793
0.400000, 12924298.986525
0.401000, 12937491.706256
0.402000, 12950429.050977
0.403000, 12963366.395699
0.404000, 12976047.854666
0.405000, 12988729.313633
0.406000, 13001154.386203
0.407000, 13013579.458774
0.408000, 13025747.654427
0.409000, 13037915.850080
0.410000, 13049826.688437
0.411000, 13061737.526794
0.412000, 13073390.537635
0.413000, 13085043.548475
0.414000, 13096438.271759
0.415000, 13107832.995042
0.416000, 13118968.980925
0.417000, 13130104.966807
0.418000, 13140981.775659
0.419000, 13151858.584510
0.420000, 13162475.786933
0.421000, 13173092.989356
0.422000, 13183450.166201
0.423000, 13193807.343046
0.424000, 13203904.085430
0.425000, 13214000.827814
0.426000, 13223836.737135
0.427000, 13233672.646455
0.428000, 13243247.334408
0.429000, 13252822.022360
0.430000, 13262135.110952
0.431000, 13271448.199544
0.432000, 13280499.321110
0.433000, 13289550.442677
0.434000, 13298339.239896
0.435000, 13307128.037114
0.436000, 13315654.163018
0.437000, 13324180.288922
0.438000, 13332443.406914
0.439000, 13340706.524906
0.440000, 13348706.308773
0.441000, 13356706.092640
0.442000, 13364442.226564
0.443000, 13372178.360488
0.444000, 13379650.539059
0.445000, 13387122.717631
0.446000, 13394330.645861
0.447000, 13401538.574091
0.448000, 13408481.967423
0.449000, 13415425.360756
0.450000, 13422103.945077
0.451000, 13428782.529398
0.452000, 13435196.041049
0.453000, 13441609.552699
0.454000, 13447757.738486
0.455000, 13453905.924272
0.456000, 13459788.541473
0.457000, 13465671.158675
0.458000, 13471287.975056
0.459000, 13476904.791438
0.460000, 13482255.585257
0.461000, 13487606.379075
0.462000, 13492690.939092
0.463000, 13497775.499108
0.464000, 13502593.624592
0.465000, 13507411.750075
0.466000, 13511963.250815
0.467000, 13516514.751555
0.468000, 13520799.447866
0.469000, 13525084.144177
0.470000, 13529101.866906
0.471000, 13533119.589635
0.472000, 13536870.180170
0.473000, 13540620.770705
0.474000, 13544104.080978
0.475000, 13547587.391251
0.476000, 13550803.283748
0.477000, 13554019.176245
0.478000, 13556967.524007
0.479000, 13559915.871769
0.480000, 13562596.558402
0.481000, 13565277.245034
0.482000, 13567690.164707
0.483000, 13570103.084380
0.484000, 13572248.141836
0.485000, 13574393.199292
0.486000, 13576270.309848
0.487000, 13578147.420404
0.488000, 13579756.509954
0.489000, 13581365.599505
0.490000, 13582706.604526
0.491000, 13584047.609547
0.492000, 13585120.477098
0.493000, 13586193.344649
0.494000, 13586998.032375
0.495000, 13587802.720102
0.496000, 13588339.196235
0.497000, 13588875.672368
0.498000, 13589143.915730
0.499000, 13589412.159092
0.500000, 13589412.159092
0.501000, 13589412.159092
0.502000, 13589143.915730
0.503000, 13588875.672368
0.504000, 13588339.196235
0.505000, 13587802.720102
0.506000, 13586998.032375
0.507000, 13586193.344649
0.508000, 13585120.477098
0.509000, 13584047.609547
0.510000, 13582706.604526
0.511000, 13581365.599505
0.512000, 13579756.509954
0.513000, 13578147.420404
0.514000, 13576270.309848
0.515000, 13574393.199292
0.516000, 13572248.141836
0.517000, 13570103.084380
0.518000, 13567690.164707
0.519000, 13565277.245034
0.520000, 13562596.558402
0.521000, 13559915.871769
0.522000, 13556967.524007
0.523000, 13554019.176245
0.524000, 13550803.283748
0.525000, 13547587.391251
0.526000, 13544104.080978
0.527000, 13540620.770705
0.528000, 13536870.180170
0.529000, 13533119.589635
0.530000, 13529101.866906
0.531000, 13525084.144177
0.532000, 13520799.447866
0.533000, 13516514.751555
0.534000, 13511963.250815
0.535000, 13507411.750075
0.536000, 13502593.624592
0.537000, 13497775.499108
0.538000, 13492690.939092
0.539000, 13487606.379075
0.540000, 13482255.585257
0.541000, 13476904.791438
0.542000, 13471287.975056
0.543000, 13465671.158675
0.544000, 13459788.541473
0.545000, 13453905.924272
0.546000, 13447757.738486
0.547000, 13441609.552699
0.548000, 13435196.041049
0.549000, 13428782.529398
0.550000, 13422103.945077
0.551000, 13415425.360756
0.552000, 13408481.967423
0.553000, 13401538.574091
0.554000, 13394330.645861
0.555000, 13387122.717631
0.556000, 13379650.539059
0.557000, 13372178.360488
0.558000, 13364442.226564
0.559000, 13356706.092640
0.560000, 13348706.308773
0.561000, 13340706.524906
0.562000, 13332443.406914
0.563000, 13324180.288922
0.564000, 13315654.163018
0.565000, 13307128.037114
0.566000, 13298339.239896
0.567000, 13289550.442677
0.568000, 13280499.321110
0.569000, 13271448.199544
0.570000, 13262135.110952
0.571000, 13252822.022360
0.572000, 13243247.334408
0.573000, 13233672.646455
0.574000, 13223836.737135
0.575000, 13214000.827814
0.576000, 13203904.085430
0.577000, 13193807.343046
0.578000, 13183450.166201
0.579000, 13173092.989356
0.580000, 13162475.786933
0.581000, 13151858.584510
0.582000, 13140981.775659
0.583000, 13130104.966807
0.584000, 13118968.980925
0.585000, 13107832.995042
0.586000, 13096438.271759
0.587000, 13085043.548475
0.588000, 13073390.537635
0.589000, 13061737.526794
0.590000, 13049826.688437
0.591000, 13037915.850080
0.592000, 13025747.654427
0.593000, 13013579.458774
0.594000, 13001154.386203
0.595000, 12988729.313633
0.596000, 12976047.854666
0.597000, 12963366.395699
0.598000, 12950429.050977
0.599000, 12937491.706256
0.600000, 12924298.986525
0.601000, 12911106.266793
0.602000, 12897658.692878
0.603000, 12884211.118963
0.604000, 12870509.221751
0.605000, 12856807.324539
0.606000, 12842851.644957
0.607000, 12828895.965376
0.608000, 12814687.054371
0.609000, 12800478.143366
0.610000, 12786016.561882
0.611000, 12771554.980398
0.612000, 12756841.299353
0.613000, 12742127.618307
0.614000, 12727162.418572
0.615000, 12712197.218836
0.616000, 12696981.091211
0.617000, 12681764.963586
0.618000, 12666298.508778
0.619000, 12650832.053970
0.620000, 12635115.882567
0.621000, 12619399.711165
0.622000, 12603434.443617
0.623000, 12587469.176068
0.624000, 12571255.442655
0.625000, 12555041.709241
0.626000, 12538580.150053
0.627000, 12522118.590865
0.628000, 12505409.855777
0.629000, 12488701.120689
0.630000, 12471745.869333
0.631000, 12454790.617976
0.632000, 12437589.519716
0.633000, 12420388.421456
0.634000, 12402942.155362
0.635000, 12385495.889268
0.636000, 12367805.144089
0.637000, 12350114.398909
0.638000, 12332179.873045
0.639000, 12314245.347181
0.640000, 12296067.748657
0.641000, 12277890.150132
0.642000, 12259470.196568
0.643000, 12241050.243003
0.644000, 12222388.661587
0.645000, 12203727.080171
0.646000, 12184824.607630
0.647000, 12165922.135089
0.648000, 12146779.517661
0.649000, 12127636.900233
0.650000, 12108254.893635
0.651000, 12088872.887038
0.652000, 12069252.256439
0.653000, 12049631.625841
0.654000, 12029773.145830
0.655000, 12009914.665819
0.656000, 11989819.120375
0.657000, 11969723.574931
0.658000, 11949391.757391
0.659000, 11929059.939851
0.660000, 11908492.652881
0.661000, 11887925.365911
0.662000, 11867123.421472
0.663000, 11846321.477033
0.664000, 11825285.696350
0.665000, 11804249.915667
0.666000, 11782981.129197
0.667000, 11761712.342727
0.668000, 11740211.390124
0.669000, 11718710.437522
0.670000, 11696978.167609
0.671000, 11675245.897695
0.672000, 11653283.168423
0.673000, 11631320.439151
0.674000, 11609128.117572
0.675000, 11586935.795993
0.676000, 11564514.758221
0.677000, 11542093.720449
0.678000, 11519444.851628
0.679000, 11496795.982808
0.680000, 11473920.177078
0.681000, 11451044.371348
0.682000, 11427942.531805
0.683000, 11404840.692263
0.684000, 11381513.730929
0.685000, 11358186.769595
0.686000, 11334635.607379
0.687000, 11311084.445163
0.688000, 11287310.011823
0.689000, 11263535.578484
0.690000, 11239538.812595
0.691000, 11215542.046707
0.692000, 11191323.895620
0.693000, 11167105.744534
0.694000, 11142667.164340
0.695000, 11118228.584147
0.696000, 11093570.539640
0.697000, 11068912.495133
0.698000, 11044035.959770
0.699000, 11019159.424407
0.700000, 10994065.380271
0.701000, 10968971.336135
0.702000, 10943660.773895
0.703000, 10918350.211656
0.704000, 10892824.130531
0.705000, 10867298.049406
0.706000, 10841557.457121
0.707000, 10815816.864837
0.708000, 10789862.777587
0.709000, 10763908.690337
0.710000, 10737742.132745
0.711000, 10711575.575154
0.712000, 10685197.580231
0.713000, 10658819.585307
0.714000, 10632231.194411
0.715000, 10605642.803515
0.716000, 10578845.066309
0.717000, 10552047.329104
0.718000, 10525041.303518
0.719000, 10498035.277933
0.720000, 10470822.030118
0.721000, 10443608.782304
0.722000, 10416189.386594
0.723000, 10388769.990883
0.724000, 10361145.529747
0.725000, 10333521.068612
0.726000, 10305692.632617
0.727000, 10277864.196622
0.728000, 10249832.884387
0.729000, 10221801.572152
0.730000, 10193568.490305
0.731000, 10165335.408459
0.732000, 10136901.671594
0.733000, 10108467.934730
0.734000, 10079834.665362
0.735000, 10051201.395995
0.736000, 10022369.724517
0.737000, 9993538.053039
0.738000, 9964509.117676
0.739000, 9935480.182313
0.740000, 9906255.129077
0.741000, 9877030.075841
0.742000, 9847610.058488
0.743000, 9818190.041134
0.744000, 9788576.221115
0.745000, 9758962.401096
0.746000, 9729155.947514
0.747000, 9699349.493932
0.748000, 9669351.583495
0.749000, 9639353.673058
0.750000, 9609165.490033
0.751000, 9578977.307007
0.752000, 9548600.043170
0.753000, 9518222.779333
0.754000, 9487657.633927
0.755000, 9457092.488522
0.756000, 9426340.668207
0.757000, 9395588.847892
0.758000, 9364651.566697
0.759000, 9333714.285502
0.760000, 9302592.764778
0.761000, 9271471.244054
0.762000, 9240166.712426
0.763000, 9208862.180797
0.764000, 9177375.874113
0.765000, 9145889.567429
0.766000, 9114222.728716
0.767000, 9082555.890002
0.768000, 9050709.769410
0.769000, 9018863.648819
0.770000, 8986839.503581
0.771000, 8954815.358343
0.772000, 8922614.452716
0.773000, 8890413.547089
0.774000, 8858037.152310
0.775000, 8825660.757531
0.776000, 8793110.151765
0.777000, 8760559.545998
0.778000, 8727836.014287
0.779000, 8695112.482575
0.780000, 8662217.316788
0.781000, 8629322.151000
0.782000, 8596256.649781
0.783000, 8563191.148562
0.784000, 8529956.617281
0.785000, 8496722.086000
0.786000, 8463319.836699
0.787000, 8429917.587398
0.788000, 8396348.938741
0.789000, 8362780.290085
0.790000, 8329046.567305
0.791000, 8295312.844525
0.792000, 8261415.379371
0.793000, 8227517.914218
0.794000, 8193458.044904
0.795000, 8159398.175591
0.796000, 8125177.246743
0.797000, 8090956.317896
0.798000, 8056575.680497
0.799000, 8022195.043099
0.800000, 7987656.054438
0.801000, 7953117.065778
0.802000, 7918421.089395
0.803000, 7883725.113013
0.804000, 7848873.518646
0.805000, 7814021.924279
0.806000, 7779016.087810
0.807000, 7744010.251340
0.808000, 7708851.554738
0.809000, 7673692.858136
0.810000, 7638382.689407
0.811000, 7603072.520678
0.812000, 7567612.273806
0.813000, 7532152.026935
0.814000, 7496543.101831
0.815000, 7460934.176727
0.816000, 7425177.979170
0.817000, 7389421.781613
0.818000, 7353519.723196
0.819000, 7317617.664779
0.820000, 7281571.162855
0.821000, 7245524.660930
0.822000, 7209335.138552
0.823000, 7173145.616174
0.824000, 7136814.502043
0.825000, 7100483.387911
0.826000, 7064012.116317
0.827000, 7027540.844722
0.828000, 6990930.855488
0.829000, 6954320.866254
0.830000, 6917573.604679
0.831000, 6880826.343105
0.832000, 6843943.259910
0.833000, 6807060.176714
0.834000, 6770042.727979
0.835000, 6733025.279243
0.836000, 6695874.926353
0.837000, 6658724.573463
0.838000, 6621442.783051
0.839000, 6584160.992638
0.840000, 6546749.236525
0.841000, 6509337.480412
0.842000, 6471797.235549
0.843000, 6434256.990687
0.844000, 6396589.739100
0.845000, 6358922.487513
0.846000, 6321129.716240
0.847000, 6283336.944968
0.848000, 6245420.146003
0.849000, 6207503.347039
0.850000, 6169464.017273
0.851000, 6131424.687507
0.852000, 6093264.328667
0.853000, 6055103.969826
0.854000, 6016824.088418
0.855000, 5978544.207010
0.856000, 5940146.314257
0.857000, 5901748.421504
0.858000, 5863234.033290
0.859000, 5824719.645077
0.860000, 5786090.281884
0.861000, 5747460.918691
0.862000, 5708718.105540
0.863000, 5669975.292390
0.864000, 5631120.558781
0.865000, 5592265.825172
0.866000, 5553300.705024
0.867000, 5514335.584875
0.868000, 5475261.616464
0.869000, 5436187.648052
0.870000, 5397006.373950
0.871000, 5357825.099848
0.872000, 5318538.066866
0.873000, 5279251.033884
0.874000, 5239859.793006
0.875000, 5200468.552128
0.876000, 5160974.658453
0.877000, 5121480.764778
0.878000, 5081885.777458
0.879000, 5042290.790137
0.880000, 5002596.272313
0.881000, 4962901.754490
0.882000, 4923109.273234
0.883000, 4883316.791979
0.884000, 4843427.918231
0.885000, 4803539.044482
0.886000, 4763555.352986
0.887000, 4723571.661490
0.888000, 4683494.730733
0.889000, 4643417.799976
0.890000, 4603249.212127
0.891000, 4563080.624278
0.892000, 4522821.965124
0.893000, 4482563.305970
0.894000, 4442216.164854
0.895000, 4401869.023739
0.896000, 4361434.993497
0.897000, 4321000.963255
0.898000, 4280481.640154
0.899000, 4239962.317052
0.900000, 4199359.300725
0.901000, 4158756.284397
0.902000, 4118071.177781
0.903000, 4077386.071165
0.904000, 4036620.480439
0.905000, 3995854.889712
0.906000, 3955010.424232
0.907000, 3914165.958751
0.908000, 3873244.230985
0.909000, 3832322.503219
0.910000, 3791325.128688
0.911000, 3750327.754157
0.912000, 3709256.351367
0.913000, 3668184.948577
0.914000, 3627041.138956
0.915000, 3585897.329336
0.916000, 3544682.737172
0.917000, 3503468.145008
0.918000, 3462184.397382
0.919000, 3420900.649757
0.920000, 3379549.376481
0.921000, 3338198.103206
0.922000, 3296780.936757
0.923000, 3255363.770309
0.924000, 3213882.345767
0.925000, 3172400.921225
0.926000, 3130856.876205
0.927000, 3089312.831185
0.928000, 3047707.805774
0.929000, 3006102.780364
0.930000, 2964438.417058
0.931000, 2922774.053752
0.932000, 2881051.997389
0.933000, 2839329.941025
0.934000, 2797551.838720
0.935000, 2755773.736414
0.936000, 2713941.237494
0.937000, 2672108.738575
0.938000, 2630223.494516
0.939000, 2588338.250458
0.940000, 2546401.914818
0.941000, 2504465.579178
0.942000, 2462479.807532
0.943000, 2420494.035886
0.944000, 2378460.485760
0.945000, 2336426.935634
0.946000, 2294347.266441
0.947000, 2252267.597247
0.948000, 2210143.470220
0.949000, 2168019.343192
0.950000, 2125852.421319
0.951000, 2083685.499445
0.952000, 2041477.447404
0.953000, 1999269.395363
0.954000, 1957021.879456
0.955000, 1914774.363549
0.956000, 1872489.051635
0.957000, 1830203.739721
0.958000, 1787882.301152
0.959000, 1745560.862583
0.960000, 1703204.968137
0.961000, 1660849.073691
0.962000, 1618460.395507
0.963000, 1576071.717322
0.964000, 1533651.928831
0.965000, 1491232.140340
0.966000, 1448782.916203
0.967000, 1406333.692066
0.968000, 1363856.708106
0.969000, 1321379.724147
0.970000, 1278876.657282
0.971000, 1236373.590418
0.972000, 1193846.118597
0.973000, 1151318.646777
0.974000, 1108768.448912
0.975000, 1066218.251047
0.976000, 1023647.006947
0.977000, 981075.762846
0.978000, 938485.153151
0.979000, 895894.543455
0.980000, 853286.249567
0.981000, 810677.955680
0.982000, 768053.659704
0.983000, 725429.363728
0.984000, 682790.748397
0.985000, 640152.133067
0.986000, 597500.881681
0.987000, 554849.630296
0.988000, 512187.426653
0.989000, 469525.223011
0.990000, 426853.751343
0.991000, 384182.279674
0.992000, 341503.224577
0.993000, 298824.169479
0.994000, 256139.215848
0.995000, 213454.262218
0.996000, 170765.095182
0.997000, 128075.928147
0.998000, 85384.233003
0.999000, 42692.537859
1.000000, 0.000000
