0.000000, 0.000000
0.001000, 4.863355
0.002000, 9.726613
0.003000, 14.589872
0.004000, 19.452842
0.005000, 24.315813
0.006000, 29.178304
0.007000, 34.040794
0.008000, 38.902613
0.009000, 43.764431
0.010000, 48.625386
0.011000, 53.486341
0.012000, 58.346240
0.013000, 63.206139
0.014000, 68.064791
0.015000, 72.923442
0.016000, 77.780654
0.017000, 82.637866
0.018000, 87.493447
0.019000, 92.349027
0.020000, 97.202785
0.021000, 102.056543
0.022000, 106.908286
0.023000, 111.760030
0.024000, 116.609567
0.025000, 121.459104
0.026000, 126.306244
0.027000, 131.153384
0.028000, 135.997935
0.029000, 140.842486
0.030000, 145.684257
0.031000, 150.526027
0.032000, 155.364827
0.033000, 160.203627
0.034000, 165.039264
0.035000, 169.874901
0.036000, 174.707185
0.037000, 179.539469
0.038000, 184.368210
0.039000, 189.196950
0.040000, 194.021955
0.041000, 198.846961
0.042000, 203.668041
0.043000, 208.489122
0.044000, 213.306087
0.045000, 218.123052
0.046000, 222.935712
0.047000, 227.748371
0.048000, 232.556535
0.049000, 237.364699
0.050000, 242.168178
0.051000, 246.971656
0.052000, 251.770260
0.053000, 256.568864
0.054000, 261.362403
0.055000, 266.155942
0.056000, 270.944227
0.057000, 275.732513
0.058000, 280.515356
0.059000, 285.298198
0.060000, 290.075409
0.061000, 294.852621
0.062000, 299.624012
0.063000, 304.395403
0.064000, 309.160785
0.065000, 313.926168
0.066000, 318.685354
0.067000, 323.444540
0.068000, 328.197341
0.069000, 332.950143
0.070000, 337.696372
0.071000, 342.442601
0.072000, 347.182071
0.073000, 351.921540
0.074000, 356.654064
0.075000, 361.386587
0.076000, 366.111976
0.077000, 370.837366
0.078000, 375.555436
0.079000, 380.273505
0.080000, 384.984068
0.081000, 389.694632
0.082000, 394.397503
0.083000, 399.100374
0.084000, 403.795367
0.085000, 408.490360
0.086000, 413.177290
0.087000, 417.864220
0.088000, 422.542902
0.089000, 427.221584
0.090000, 431.891832
0.091000, 436.562081
0.092000, 441.223712
0.093000, 445.885344
0.094000, 450.538174
0.095000, 455.191004
0.096000, 459.834849
0.097000, 464.478693
0.098000, 469.113370
0.099000, 473.748046
0.100000, 478.373371
0.101000, 482.998696
0.102000, 487.614487
0.103000, 492.230279
0.104000, 496.836353
0.105000, 501.442428
0.106000, 506.038605
0.107000, 510.634782
0.108000, 515.220879
0.109000, 519.806977
0.110000, 524.382813
0.111000, 528.958650
0.112000, 533.524046
0.113000, 538.089441
0.114000, 542.644216
0.115000, 547.198990
0.116000, 551.742963
0.117000, 556.286936
0.118000, 560.819928
0.119000, 565.352920
0.120000, 569.874753
0.121000, 574.396586
0.122000, 578.907080
0.123000, 583.417575
0.124000, 587.916553
0.125000, 592.415532
0.126000, 596.902817
0.127000, 601.390101
0.128000, 605.865515
0.129000, 610.340929
0.130000, 614.804295
0.131000, 619.267661
0.132000, 623.718803
0.133000, 628.169946
0.134000, 632.608689
0.135000, 637.047431
0.136000, 641.473599
0.137000, 645.899767
0.138000, 650.313186
0.139000, 654.726604
0.140000, 659.127099
0.141000, 663.527594
0.142000, 667.914991
0.143000, 672.302389
0.144000, 676.676515
0.145000, 681.050642
0.146000, 685.411325
0.147000, 689.772009
0.148000, 694.119076
0.149000, 698.466144
0.150000, 702.799425
0.151000, 707.132705
0.152000, 711.452028
0.153000, 715.771350
0.154000, 720.076544
0.155000, 724.381738
0.156000, 728.672633
0.157000, 732.963528
0.158000, 737.239955
0.159000, 741.516382
0.160000, 745.778172
0.161000, 750.039962
0.162000, 754.286947
0.163000, 758.533932
0.164000, 762.765944
0.165000, 766.997956
0.166000, 771.214829
0.167000, 775.431701
0.168000, 779.633267
0.169000, 783.834833
0.170000, 788.020926
0.171000, 792.207020
0.172000, 796.377476
0.173000, 800.547932
0.174000, 804.702586
0.175000, 808.857241
0.176000, 812.995928
0.177000, 817.134616
0.178000, 821.257175
0.179000, 825.379733
0.180000, 829.485999
0.181000, 833.592265
0.182000, 837.682077
0.183000, 841.771889
0.184000, 845.845084
0.185000, 849.918280
0.186000, 853.974699
0.187000, 858.031119
0.188000, 862.070601
0.189000, 866.110083
0.190000, 870.132469
0.191000, 874.154856
0.192000, 878.159987
0.193000, 882.165118
0.194000, 886.152835
0.195000, 890.140553
0.196000, 894.110700
0.197000, 898.080848
0.198000, 902.033268
0.199000, 905.985687
0.200000, 909.920224
0.201000, 913.854760
0.202000, 917.771258
0.203000, 921.687756
0.204000, 925.586061
0.205000, 929.484365
0.206000, 933.364322
0.207000, 937.244279
0.208000, 941.105736
0.209000, 944.967193
0.210000, 948.809997
0.211000, 952.652801
0.212000, 956.476801
0.213000, 960.300800
0.214000, 964.105844
0.215000, 967.910888
0.216000, 971.696826
0.217000, 975.482764
0.218000, 979.249447
0.219000, 983.016130
0.220000, 986.763409
0.221000, 990.510688
0.222000, 994.238416
0.223000, 997.966143
0.224000, 1001.674171
0.225000, 1005.382200
0.226000, 1009.070382
0.227000, 1012.758565
0.228000, 1016.426757
0.229000, 1020.094949
0.230000, 1023.743005
0.231000, 1027.391061
0.232000, 1031.018838
0.233000, 1034.646614
0.234000, 1038.253967
0.235000, 1041.861320
0.236000, 1045.448108
0.237000, 1049.034896
0.238000, 1052.600977
0.239000, 1056.167057
0.240000, 1059.712290
0.241000, 1063.257523
0.242000, 1066.781768
0.243000, 1070.306014
0.244000, 1073.809132
0.245000, 1077.312250
0.246000, 1080.794103
0.247000, 1084.275956
0.248000, 1087.736406
0.249000, 1091.196856
0.250000, 1094.635767
0.251000, 1098.074678
0.252000, 1101.491914
0.253000, 1104.909150
0.254000, 1108.304576
0.255000, 1111.700002
0.256000, 1115.073484
0.257000, 1118.446966
0.258000, 1121.798371
0.259000, 1125.149776
0.260000, 1128.478971
0.261000, 1131.808166
0.262000, 1135.115021
0.263000, 1138.421875
0.264000, 1141.706258
0.265000, 1144.990641
0.266000, 1148.252423
0.267000, 1151.514204
0.268000, 1154.753256
0.269000, 1157.992308
0.270000, 1161.208502
0.271000, 1164.424696
0.272000, 1167.617906
0.273000, 1170.811115
0.274000, 1173.981214
0.275000, 1177.151312
0.276000, 1180.298175
0.277000, 1183.445037
0.278000, 1186.568540
0.279000, 1189.692042
0.280000, 1192.792061
0.281000, 1195.892080
0.282000, 1198.968493
0.283000, 1202.044906
0.284000, 1205.097591
0.285000, 1208.150277
0.286000, 1211.179115
0.287000, 1214.207953
0.288000, 1217.212823
0.289000, 1220.217693
0.290000, 1223.198478
0.291000, 1226.179262
0.292000, 1229.135843
0.293000, 1232.092423
0.294000, 1235.024683
0.295000, 1237.956944
0.296000, 1240.864767
0.297000, 1243.772591
0.298000, 1246.655864
0.299000, 1249.539137
0.300000, 1252.397745
0.301000, 1255.256353
0.302000, 1258.090184
0.303000, 1260.924014
0.304000, 1263.732955
0.305000, 1266.541896
0.306000, 1269.325836
0.307000, 1272.109777
0.308000, 1274.868607
0.309000, 1277.627437
0.310000, 1280.361048
0.311000, 1283.094658
0.312000, 1285.802942
0.313000, 1288.511226
0.314000, 1291.194075
0.315000, 1293.876924
0.316000, 1296.534234
0.317000, 1299.191543
0.318000, 1301.823208
0.319000, 1304.454872
0.320000, 1307.060788
0.321000, 1309.666704
0.322000, 1312.246768
0.323000, 1314.826832
0.324000, 1317.380942
0.325000, 1319.935053
0.326000, 1322.463109
0.327000, 1324.991165
0.328000, 1327.493067
0.329000, 1329.994968
0.330000, 1332.470617
0.331000, 1334.946266
0.332000, 1337.395564
0.333000, 1339.844863
0.334000, 1342.267713
0.335000, 1344.690564
0.336000, 1347.086872
0.337000, 1349.483180
0.338000, 1351.852850
0.339000, 1354.222520
0.340000, 1356.565459
0.341000, 1358.908398
0.342000, 1361.224513
0.343000, 1363.540628
0.344000, 1365.829829
0.345000, 1368.119029
0.346000, 1370.381223
0.347000, 1372.643418
0.348000, 1374.878518
0.349000, 1377.113618
0.350000, 1379.321534
0.351000, 1381.529451
0.352000, 1383.710098
0.353000, 1385.890744
0.354000, 1388.044035
0.355000, 1390.197325
0.356000, 1392.323174
0.357000, 1394.449023
0.358000, 1396.547346
0.359000, 1398.645670
0.360000, 1400.716386
0.361000, 1402.787102
0.362000, 1404.830127
0.363000, 1406.873153
0.364000, 1408.888409
0.365000, 1410.903664
0.366000, 1412.891069
0.367000, 1414.878475
0.368000, 1416.837952
0.369000, 1418.797428
0.370000, 1420.728899
0.371000, 1422.660370
0.372000, 1424.563759
0.373000, 1426.467148
0.374000, 1428.342380
0.375000, 1430.217612
0.376000, 1432.064612
0.377000, 1433.911612
0.378000, 1435.730309
0.379000, 1437.549005
0.380000, 1439.339325
0.381000, 1441.129645
0.382000, 1442.891519
0.383000, 1444.653392
0.384000, 1446.386750
0.385000, 1448.120107
0.386000, 1449.824880
0.387000, 1451.529652
0.388000, 1453.205773
0.389000, 1454.881894
0.390000, 1456.529297
0.391000, 1458.176699
0.392000, 1459.795319
0.393000, 1461.413938
0.394000, 1463.003710
0.395000, 1464.593483
0.396000, 1466.154345
0.397000, 1467.715208
0.398000, 1469.247099
0.399000, 1470.778990
0.400000, 1472.281849
0.401000, 1473.784709
0.402000, 1475.258477
0.403000, 1476.732245
0.404000, 1478.176863
0.405000, 1479.621482
0.406000, 1481.036894
0.407000, 1482.452306
0.408000, 1483.838456
0.409000, 1485.224605
0.410000, 1486.581438
0.411000, 1487.938271
0.412000, 1489.265733
0.413000, 1490.593195
0.414000, 1491.891234
0.415000, 1493.189273
0.416000, 1494.457837
0.417000, 1495.726402
0.418000, 1496.965443
0.419000, 1498.204483
0.420000, 1499.413950
0.421000, 1500.623417
0.422000, 1501.803263
0.423000, 1502.983109
0.424000, 1504.133288
0.425000, 1505.283466
0.426000, 1506.403932
0.427000, 1507.524397
0.428000, 1508.615105
0.429000, 1509.705814
0.430000, 1510.766722
0.431000, 1511.827630
0.432000, 1512.858695
0.433000, 1513.889761
0.434000, 1514.890944
0.435000, 1515.892127
0.436000, 1516.863387
0.437000, 1517.834648
0.438000, 1518.775947
0.439000, 1519.717247
0.440000, 1520.628549
0.441000, 1521.539851
0.442000, 1522.421118
0.443000, 1523.302386
0.444000, 1524.153586
0.445000, 1525.004785
0.446000, 1525.825882
0.447000, 1526.646979
0.448000, 1527.437941
0.449000, 1528.228903
0.450000, 1528.989699
0.451000, 1529.750495
0.452000, 1530.481096
0.453000, 1531.211696
0.454000, 1531.912072
0.455000, 1532.612447
0.456000, 1533.282570
0.457000, 1533.952693
0.458000, 1534.592537
0.459000, 1535.232381
0.460000, 1535.841921
0.461000, 1536.451461
0.462000, 1537.030673
0.463000, 1537.609885
0.464000, 1538.158745
0.465000, 1538.707606
0.466000, 1539.226094
0.467000, 1539.744582
0.468000, 1540.232676
0.469000, 1540.720771
0.470000, 1541.178453
0.471000, 1541.636135
0.472000, 1542.063387
0.473000, 1542.490638
0.474000, 1542.887442
0.475000, 1543.284246
0.476000, 1543.650587
0.477000, 1544.016928
0.478000, 1544.352792
0.479000, 1544.688655
0.480000, 1544.994028
0.481000, 1545.299400
0.482000, 1545.574270
0.483000, 1545.849139
0.484000, 1546.093495
0.485000, 1546.337851
0.486000, 1546.551684
0.487000, 1546.765516
0.488000, 1546.948817
0.489000, 1547.132118
0.490000, 1547.284880
0.491000, 1547.437641
0.492000, 1547.559858
0.493000, 1547.682074
0.494000, 1547.773741
0.495000, 1547.865408
0.496000, 1547.926521
0.497000, 1547.987634
0.498000, 1548.018191
0.499000, 1548.048748
0.500000, 1548.048748
0.501000, 1548.048748
0.502000, 1548.018191
0.503000, 1547.987634
0.504000, 1547.926521
0.505000, 1547.865408
0.506000, 1547.773741
0.507000, 1547.682074
0.508000, 1547.559858
0.509000, 1547.437641
0.510000, 1547.284880
0.511000, 1547.132118
0.512000, 1546.948817
0.513000, 1546.765516
0.514000, 1546.551684
0.515000, 1546.337851
0.516000, 1546.093495
0.517000, 1545.849139
0.518000, 1545.574270
0.519000, 1545.299400
0.520000, 1544.994028
0.521000, 1544.688655
0.522000, 1544.352792
0.523000, 1544.016928
0.524000, 1543.650587
0.525000, 1543.284246
0.526000, 1542.887442
0.527000, 1542.490638
0.528000, 1542.063387
0.529000, 1541.636135
0.530000, 1541.178453
0.531000, 1540.720771
0.532000, 1540.232676
0.533000, 1539.744582
0.534000, 1539.226094
0.535000, 1538.707606
0.536000, 1538.158745
0.537000, 1537.609885
0.538000, 1537.030673
0.539000, 1536.451461
0.540000, 1535.841921
0.541000, 1535.232381
0.542000, 1534.592537
0.543000, 1533.952693
0.544000, 1533.282570
0.545000, 1532.612447
0.546000, 1531.912072
0.547000, 1531.211696
0.548000, 1530.481096
0.549000, 1529.750495
0.550000, 1528.989699
0.551000, 1528.228903
0.552000, 1527.437941
0.553000, 1526.646979
0.554000, 1525.825882
0.555000, 1525.004785
0.556000, 1524.153586
0.557000, 1523.302386
0.558000, 1522.421118
0.559000, 1521.539851
0.560000, 1520.628549
0.561000, 1519.717247
0.562000, 1518.775947
0.563000, 1517.834648
0.564000, 1516.863387
0.565000, 1515.892127
0.566000, 1514.890944
0.567000, 1513.889761
0.568000, 1512.858695
0.569000, 1511.827630
0.570000, 1510.766722
0.571000, 1509.705814
0.572000, 1508.615105
0.573000, 1507.524397
0.574000, 1506.403932
0.575000, 1505.283466
0.576000, 1504.133288
0.577000, 1502.983109
0.578000, 1501.803263
0.579000, 1500.623417
0.580000, 1499.413950
0.581000, 1498.204483
0.582000, 1496.965443
0.583000, 1495.726402
0.584000, 1494.457837
0.585000, 1493.189273
0.586000, 1491.891234
0.587000, 1490.593195
0.588000, 1489.265733
0.589000, 1487.938271
0.590000, 1486.581438
0.591000, 1485.224605
0.592000, 1483.838456
0.593000, 1482.452306
0.594000, 1481.036894
0.595000, 1479.621482
0.596000, 1478.176863
0.597000, 1476.732245
0.598000, 1475.258477
0.599000, 1473.784709
0.600000, 1472.281849
0.601000, 1470.778990
0.602000, 1469.247099
0.603000, 1467.715208
0.604000, 1466.154345
0.605000, 1464.593483
0.606000, 1463.003710
0.607000, 1461.413938
0.608000, 1459.795319
0.609000, 1458.176699
0.610000, 1456.529297
0.611000, 1454.881894
0.612000, 1453.205773
0.613000, 1451.529652
0.614000, 1449.824880
0.615000, 1448.120107
0.616000, 1446.386750
0.617000, 1444.653392
0.618000, 1442.891519
0.619000, 1441.129645
0.620000, 1439.339325
0.621000, 1437.549005
0.622000, 1435.730309
0.623000, 1433.911612
0.624000, 1432.064612
0.625000, 1430.217612
0.626000, 1428.342380
0.627000, 1426.467148
0.628000, 1424.563759
0.629000, 1422.660370
0.630000, 1420.728899
0.631000, 1418.797428
0.632000, 1416.837952
0.633000, 1414.878475
0.634000, 1412.891069
0.635000, 1410.903664
0.636000, 1408.888409
0.637000, 1406.873153
0.638000, 1404.830127
0.639000, 1402.787102
0.640000, 1400.716386
0.641000, 1398.645670
0.642000, 1396.547346
0.643000, 1394.449023
0.644000, 1392.323174
0.645000, 1390.197325
0.646000, 1388.044035
0.647000, 1385.890744
0.648000, 1383.710098
0.649000, 1381.529451
0.650000, 1379.321534
0.651000, 1377.113618
0.652000, 1374.878518
0.653000, 1372.643418
0.654000, 1370.381223
0.655000, 1368.119029
0.656000, 1365.829829
0.657000, 1363.540628
0.658000, 1361.224513
0.659000, 1358.908398
0.660000, 1356.565459
0.661000, 1354.222520
0.662000, 1351.852850
0.663000, 1349.483180
0.664000, 1347.086872
0.665000, 1344.690564
0.666000, 1342.267713
0.667000, 1339.844863
0.668000, 1337.395564
0.669000, 1334.946266
0.670000, 1332.470617
0.671000, 1329.994968
0.672000, 1327.493067
0.673000, 1324.991165
0.674000, 1322.463109
0.675000, 1319.935053
0.676000, 1317.380942
0.677000, 1314.826832
0.678000, 1312.246768
0.679000, 1309.666704
0.680000, 1307.060788
0.681000, 1304.454872
0.682000, 1301.823208
0.683000, 1299.191543
0.684000, 1296.534234
0.685000, 1293.876924
0.686000, 1291.194075
0.687000, 1288.511226
0.688000, 1285.802942
0.689000, 1283.094658
0.690000, 1280.361048
0.691000, 1277.627437
0.692000, 1274.868607
0.693000, 1272.109777
0.694000, 1269.325836
0.695000, 1266.541896
0.696000, 1263.732955
0.697000, 1260.924014
0.698000, 1258.090184
0.699000, 1255.256353
0.700000, 1252.397745
0.701000, 1249.539137
0.702000, 1246.655864
0.703000, 1243.772591
0.704000, 1240.864767
0.705000, 1237.956944
0.706000, 1235.024683
0.707000, 1232.092423
0.708000, 1229.135843
0.709000, 1226.179262
0.710000, 1223.198478
0.711000, 1220.217693
0.712000, 1217.212823
0.713000, 1214.207953
0.714000, 1211.179115
0.715000, 1208.150277
0.716000, 1205.097591
0.717000, 1202.044906
0.718000, 1198.968493
0.719000, 1195.892080
0.720000, 1192.792061
0.721000, 1189.692042
0.722000, 1186.568540
0.723000, 1183.445037
0.724000, 1180.298175
0.725000, 1177.151312
0.726000, 1173.981214
0.727000, 1170.811115
0.728000, 1167.617906
0.729000, 1164.424696
0.730000, 1161.208502
0.731000, 1157.992308
0.732000, 1154.753256
0.733000, 1151.514204
0.734000, 1148.252423
0.735000, 1144.990641
0.736000, 1141.706258
0.737000, 1138.421875
0.738000, 1135.115021
0.739000, 1131.808166
0.740000, 1128.478971
0.741000, 1125.149776
0.742000, 1121.798371
0.743000, 1118.446966
0.744000, 1115.073484
0.745000, 1111.700002
0.746000, 1108.304576
0.747000, 1104.909150
0.748000, 1101.491914
0.749000, 1098.074678
0.750000, 1094.635767
0.751000, 1091.196856
0.752000, 1087.736406
0.753000, 1084.275956
0.754000, 1080.794103
0.755000, 1077.312250
0.756000, 1073.809132
0.757000, 1070.306014
0.758000, 1066.781768
0.759000, 1063.257523
0.760000, 1059.712290
0.761000, 1056.167057
0.762000, 1052.600977
0.763000, 1049.034896
0.764000, 1045.448108
0.765000, 1041.861320
0.766000, 1038.253967
0.767000, 1034.646614
0.768000, 1031.018838
0.769000, 1027.391061
0.770000, 1023.743005
0.771000, 1020.094949
0.772000, 1016.426757
0.773000, 1012.758565
0.774000, 1009.070382
0.775000, 1005.382200
0.776000, 1001.674171
0.777000, 997.966143
0.778000, 994.238416
0.779000, 990.510688
0.780000, 986.763409
0.781000, 983.016130
0.782000, 979.249447
0.783000, 975.482764
0.784000, 971.696826
0.785000, 967.910888
0.786000, 964.105844
0.787000, 960.300800
0.788000, 956.476801
0.789000, 952.652801
0.790000, 948.809997
0.791000, 944.967193
0.792000, 941.105736
0.793000, 937.244279
0.794000, 933.364322
0.795000, 929.484365
0.796000, 925.586061
0.797000, 921.687756
0.798000, 917.771258
0.799000, 913.854760
0.800000, 909.920224
0.801000, 905.985687
0.802000, 902.033268
0.803000, 898.080848
0.804000, 894.110700
0.805000, 890.140553
0.806000, 886.152835
0.807000, 882.165118
0.808000, 878.159987
0.809000, 874.154856
0.810000, 870.132469
0.811000, 866.110083
0.812000, 862.070601
0.813000, 858.031119
0.814000, 853.974699
0.815000, 849.918280
0.816000, 845.845084
0.817000, 841.771889
0.818000, 837.682077
0.819000, 833.592265
0.820000, 829.485999
0.821000, 825.379733
0.822000, 821.257175
0.823000, 817.134616
0.824000, 812.995928
0.825000, 808.857241
0.826000, 804.702586
0.827000, 800.547932
0.828000, 796.377476
0.829000, 792.207020
0.830000, 788.020926
0.831000, 783.834833
0.832000, 779.633267
0.833000, 775.431701
0.834000, 771.214829
0.835000, 766.997956
0.836000, 762.765944
0.837000, 758.533932
0.838000, 754.286947
0.839000, 750.039962
0.840000, 745.778172
0.841000, 741.516382
0.842000, 737.239955
0.843000, 732.963528
0.844000, 728.672633
0.845000, 724.381738
0.846000, 720.076544
0.847000, 715.771350
0.848000, 711.452028
0.849000, 707.132705
0.850000, 702.799425
0.851000, 698.466144
0.852000, 694.119076
0.853000, 689.772009
0.854000, 685.411325
0.855000, 681.050642
0.856000, 676.676515
0.857000, 672.302389
0.858000, 667.914991
0.859000, 663.527594
0.860000, 659.127099
0.861000, 654.726604
0.862000, 650.313186
0.863000, 645.899767
0.864000, 641.473599
0.865000, 637.047431
0.866000, 632.608689
0.867000, 628.169946
0.868000, 623.718803
0.869000, 619.267661
0.870000, 614.804295
0.871000, 610.340929
0.872000, 605.865515
0.873000, 601.390101
0.874000, 596.902817
0.875000, 592.415532
0.876000, 587.916553
0.877000, 583.417575
0.878000, 578.907080
0.879000, 574.396586
0.880000, 569.874753
0.881000, 565.352920
0.882000, 560.819928
0.883000, 556.286936
0.884000, 551.742963
0.885000, 547.198990
0.886000, 542.644216
0.887000, 538.089441
0.888000, 533.524046
0.889000, 528.958650
0.890000, 524.382813
0.891000, 519.806977
0.892000, 515.220879
0.893000, 510.634782
0.894000, 506.038605
0.895000, 501.442428
0.896000, 496.836353
0.897000, 492.230279
0.898000, 487.614487
0.899000, 482.998696
0.900000, 478.373371
0.901000, 473.748046
0.902000, 469.113370
0.903000, 464.478693
0.904000, 459.834849
0.905000, 455.191004
0.906000, 450.538174
0.907000, 445.885344
0.908000, 441.223712
0.909000, 436.562081
0.910000, 431.891832
0.911000, 427.221584
0.912000, 422.542902
0.913000, 417.864220
0.914000, 413.177290
0.915000, 408.490360
0.916000, 403.795367
0.917000, 399.100374
0.918000, 394.397503
0.919000, 389.694632
0.920000, 384.984068
0.921000, 380.273505
0.922000, 375.555436
0.923000, 370.837366
0.924000, 366.111976
0.925000, 361.386587
0.926000, 356.654064
0.927000, 351.921540
0.928000, 347.182071
0.929000, 342.442601
0.930000, 337.696372
0.931000, 332.950143
0.932000, 328.197341
0.933000, 323.444540
0.934000, 318.685354
0.935000, 313.926168
0.936000, 309.160785
0.937000, 304.395403
0.938000, 299.624012
0.939000, 294.852621
0.940000, 290.075409
0.941000, 285.298198
0.942000, 280.515356
0.943000, 275.732513
0.944000, 270.944227
0.945000, 266.155942
0.946000, 261.362403
0.947000, 256.568864
0.948000, 251.770260
0.949000, 246.971656
0.950000, 242.168178
0.951000, 237.364699
0.952000, 232.556535
0.953000, 227.748371
0.954000, 222.935712
0.955000, 218.123052
0.956000, 213.306087
0.957000, 208.489122
0.958000, 203.668041
0.959000, 198.846961
0.960000, 194.021955
0.961000, 189.196950
0.962000, 184.368210
0.963000, 179.539469
0.964000, 174.707185
0.965000, 169.874901
0.966000, 165.039264
0.967000, 160.203627
0.968000, 155.364827
0.969000, 150.526027
0.970000, 145.684257
0.971000, 140.842486
0.972000, 135.997935
0.973000, 131.153384
0.974000, 126.306244
0.975000, 121.459104
0.976000, 116.609567
0.977000, 111.760030
0.978000, 106.908286
0.979000, 102.056543
0.980000, 97.202785
0.981000, 92.349027
0.982000, 87.493447
0.983000, 82.637866
0.984000, 77.780654
0.985000, 72.923442
0.986000, 68.064791
0.987000, 63.206139
0.988000, 58.346240
0.989000, 53.486341
0.990000, 48.625386
0.991000, 43.764431
0.992000, 38.902613
0.993000, 34.040794
0.994000, 29.178304
0.995000, 24.315813
0.996000, 19.452842
0.997000, 14.589872
0.998000, 9.726613
0.999000, 4.863355
1.000000, 0.000000
