0.000000, 0.000000
0.001000, 10.711288
0.002000, 21.422364
0.003000, 32.133440
0.004000, 42.843881
0.005000, 53.554323
0.006000, 64.263708
0.007000, 74.973093
0.008000, 85.680997
0.009000, 96.388902
0.010000, 107.094904
0.011000, 117.800906
0.012000, 128.504583
0.013000, 139.208260
0.014000, 149.909189
0.015000, 160.610118
0.016000, 171.307877
0.017000, 182.005635
0.018000, 192.699801
0.019000, 203.393967
0.020000, 214.084119
0.021000, 224.774270
0.022000, 235.459984
0.023000, 246.145699
0.024000, 256.826554
0.025000, 267.507410
0.026000, 278.182985
0.027000, 288.858561
0.028000, 299.528434
0.029000, 310.198308
0.030000, 320.862058
0.031000, 331.525808
0.032000, 342.183015
0.033000, 352.840221
0.034000, 363.490463
0.035000, 374.140704
0.036000, 384.783561
0.037000, 395.426417
0.038000, 406.061468
0.039000, 416.696519
0.040000, 427.323345
0.041000, 437.950171
0.042000, 448.568352
0.043000, 459.186533
0.044000, 469.795650
0.045000, 480.404767
0.046000, 491.004402
0.047000, 501.604036
0.048000, 512.193769
0.049000, 522.783502
0.050000, 533.362916
0.051000, 543.942330
0.052000, 554.511006
0.053000, 565.079683
0.054000, 575.637206
0.055000, 586.194728
0.056000, 596.740680
0.057000, 607.286632
0.058000, 617.820596
0.059000, 628.354560
0.060000, 638.876122
0.061000, 649.397683
0.062000, 659.906425
0.063000, 670.415168
0.064000, 680.910677
0.065000, 691.406186
0.066000, 701.888048
0.067000, 712.369909
0.068000, 722.837709
0.069000, 733.305509
0.070000, 743.758834
0.071000, 754.212159
0.072000, 764.650596
0.073000, 775.089034
0.074000, 785.512172
0.075000, 795.935310
0.076000, 806.342737
0.077000, 816.750163
0.078000, 827.141468
0.079000, 837.532773
0.080000, 847.907546
0.081000, 858.282319
0.082000, 868.640150
0.083000, 878.997981
0.084000, 889.338461
0.085000, 899.678941
0.086000, 910.001662
0.087000, 920.324384
0.088000, 930.628939
0.089000, 940.933494
0.090000, 951.219476
0.091000, 961.505457
0.092000, 971.772460
0.093000, 982.039462
0.094000, 992.287080
0.095000, 1002.534698
0.096000, 1012.762527
0.097000, 1022.990355
0.098000, 1033.197991
0.099000, 1043.405627
0.100000, 1053.592666
0.101000, 1063.779706
0.102000, 1073.945748
0.103000, 1084.111790
0.104000, 1094.256432
0.105000, 1104.401074
0.106000, 1114.523916
0.107000, 1124.646759
0.108000, 1134.747401
0.109000, 1144.848044
0.110000, 1154.926089
0.111000, 1165.004133
0.112000, 1175.059181
0.113000, 1185.114229
0.114000, 1195.145885
0.115000, 1205.177540
0.116000, 1215.185406
0.117000, 1225.193272
0.118000, 1235.176953
0.119000, 1245.160635
0.120000, 1255.119738
0.121000, 1265.078841
0.122000, 1275.012973
0.123000, 1284.947105
0.124000, 1294.855873
0.125000, 1304.764641
0.126000, 1314.647654
0.127000, 1324.530667
0.128000, 1334.387534
0.129000, 1344.244402
0.130000, 1354.074736
0.131000, 1363.905070
0.132000, 1373.708481
0.133000, 1383.511892
0.134000, 1393.287994
0.135000, 1403.064096
0.136000, 1412.812503
0.137000, 1422.560910
0.138000, 1432.281236
0.139000, 1442.001563
0.140000, 1451.693426
0.141000, 1461.385288
0.142000, 1471.048304
0.143000, 1480.711321
0.144000, 1490.345109
0.145000, 1499.978897
0.146000, 1509.583077
0.147000, 1519.187257
0.148000, 1528.761449
0.149000, 1538.335642
0.150000, 1547.879469
0.151000, 1557.423296
0.152000, 1566.936381
0.153000, 1576.449466
0.154000, 1585.931433
0.155000, 1595.413400
0.156000, 1604.863875
0.157000, 1614.314350
0.158000, 1623.732960
0.159000, 1633.151570
0.160000, 1642.537942
0.161000, 1651.924315
0.162000, 1661.278080
0.163000, 1670.631846
0.164000, 1679.952634
0.165000, 1689.273422
0.166000, 1698.560866
0.167000, 1707.848309
0.168000, 1717.102042
0.169000, 1726.355774
0.170000, 1735.575429
0.171000, 1744.795084
0.172000, 1753.980299
0.173000, 1763.165513
0.174000, 1772.315925
0.175000, 1781.466336
0.176000, 1790.581582
0.177000, 1799.696829
0.178000, 1808.776551
0.179000, 1817.856273
0.180000, 1826.900112
0.181000, 1835.943951
0.182000, 1844.951551
0.183000, 1853.959150
0.184000, 1862.930153
0.185000, 1871.901157
0.186000, 1880.835211
0.187000, 1889.769265
0.188000, 1898.666016
0.189000, 1907.562768
0.190000, 1916.421866
0.191000, 1925.280963
0.192000, 1934.102058
0.193000, 1942.923152
0.194000, 1951.705895
0.195000, 1960.488638
0.196000, 1969.232682
0.197000, 1977.976727
0.198000, 1986.681727
0.199000, 1995.386728
0.200000, 2004.052342
0.201000, 2012.717956
0.202000, 2021.343840
0.203000, 2029.969724
0.204000, 2038.555539
0.205000, 2047.141353
0.206000, 2055.686759
0.207000, 2064.232164
0.208000, 2072.736824
0.209000, 2081.241483
0.210000, 2089.705061
0.211000, 2098.168638
0.212000, 2106.590800
0.213000, 2115.012961
0.214000, 2123.393374
0.215000, 2131.773787
0.216000, 2140.112120
0.217000, 2148.450454
0.218000, 2156.746379
0.219000, 2165.042304
0.220000, 2173.295493
0.221000, 2181.548682
0.222000, 2189.758808
0.223000, 2197.968935
0.224000, 2206.135676
0.225000, 2214.302417
0.226000, 2222.425450
0.227000, 2230.548482
0.228000, 2238.627486
0.229000, 2246.706489
0.230000, 2254.741144
0.231000, 2262.775800
0.232000, 2270.765790
0.233000, 2278.755780
0.234000, 2286.700789
0.235000, 2294.645799
0.236000, 2302.545514
0.237000, 2310.445229
0.238000, 2318.299338
0.239000, 2326.153446
0.240000, 2333.961639
0.241000, 2341.769831
0.242000, 2349.531800
0.243000, 2357.293768
0.244000, 2365.009205
0.245000, 2372.724642
0.246000, 2380.393243
0.247000, 2388.061845
0.248000, 2395.683308
0.249000, 2403.304771
0.250000, 2410.878795
0.251000, 2418.452819
0.252000, 2425.979105
0.253000, 2433.505391
0.254000, 2440.983641
0.255000, 2448.461892
0.256000, 2455.891812
0.257000, 2463.321732
0.258000, 2470.703028
0.259000, 2478.084324
0.260000, 2485.416705
0.261000, 2492.749086
0.262000, 2500.032262
0.263000, 2507.315438
0.264000, 2514.549122
0.265000, 2521.782806
0.266000, 2528.966712
0.267000, 2536.150618
0.268000, 2543.284462
0.269000, 2550.418307
0.270000, 2557.501809
0.271000, 2564.585310
0.272000, 2571.618189
0.273000, 2578.651068
0.274000, 2585.633046
0.275000, 2592.615025
0.276000, 2599.545827
0.277000, 2606.476629
0.278000, 2613.355982
0.279000, 2620.235335
0.280000, 2627.062967
0.281000, 2633.890598
0.282000, 2640.666239
0.283000, 2647.441880
0.284000, 2654.165263
0.285000, 2660.888645
0.286000, 2667.559504
0.287000, 2674.230363
0.288000, 2680.848435
0.289000, 2687.466507
0.290000, 2694.031531
0.291000, 2700.596554
0.292000, 2707.108271
0.293000, 2713.619987
0.294000, 2720.078139
0.295000, 2726.536290
0.296000, 2732.940622
0.297000, 2739.344955
0.298000, 2745.695214
0.299000, 2752.045474
0.300000, 2758.341411
0.301000, 2764.637348
0.302000, 2770.878713
0.303000, 2777.120078
0.304000, 2783.306626
0.305000, 2789.493173
0.306000, 2795.624658
0.307000, 2801.756143
0.308000, 2807.832324
0.309000, 2813.908505
0.310000, 2819.929141
0.311000, 2825.949778
0.312000, 2831.914633
0.313000, 2837.879488
0.314000, 2843.788325
0.315000, 2849.697163
0.316000, 2855.549750
0.317000, 2861.402337
0.318000, 2867.198442
0.319000, 2872.994547
0.320000, 2878.733942
0.321000, 2884.473337
0.322000, 2890.155795
0.323000, 2895.838253
0.324000, 2901.463549
0.325000, 2907.088846
0.326000, 2912.656759
0.327000, 2918.224672
0.328000, 2923.734981
0.329000, 2929.245291
0.330000, 2934.697780
0.331000, 2940.150269
0.332000, 2945.544722
0.333000, 2950.939175
0.334000, 2956.275379
0.335000, 2961.611583
0.336000, 2966.889327
0.337000, 2972.167071
0.338000, 2977.386147
0.339000, 2982.605223
0.340000, 2987.765425
0.341000, 2992.925628
0.342000, 2998.026752
0.343000, 3003.127876
0.344000, 3008.169721
0.345000, 3013.211566
0.346000, 3018.193933
0.347000, 3023.176300
0.348000, 3028.098992
0.349000, 3033.021684
0.350000, 3037.884507
0.351000, 3042.747330
0.352000, 3047.550091
0.353000, 3052.352853
0.354000, 3057.095364
0.355000, 3061.837874
0.356000, 3066.519947
0.357000, 3071.202020
0.358000, 3075.823469
0.359000, 3080.444919
0.360000, 3085.005564
0.361000, 3089.566208
0.362000, 3094.065867
0.363000, 3098.565526
0.364000, 3103.004022
0.365000, 3107.442518
0.366000, 3111.819676
0.367000, 3116.196833
0.368000, 3120.512480
0.369000, 3124.828127
0.370000, 3129.082092
0.371000, 3133.336057
0.372000, 3137.528173
0.373000, 3141.720289
0.374000, 3145.850390
0.375000, 3149.980491
0.376000, 3154.048414
0.377000, 3158.116337
0.378000, 3162.121922
0.379000, 3166.127506
0.380000, 3170.070594
0.381000, 3174.013682
0.382000, 3177.894118
0.383000, 3181.774553
0.384000, 3185.592183
0.385000, 3189.409814
0.386000, 3193.164487
0.387000, 3196.919161
0.388000, 3200.610731
0.389000, 3204.302300
0.390000, 3207.930619
0.391000, 3211.558939
0.392000, 3215.123865
0.393000, 3218.688790
0.394000, 3222.190182
0.395000, 3225.691574
0.396000, 3229.129293
0.397000, 3232.567012
0.398000, 3235.940923
0.399000, 3239.314835
0.400000, 3242.624804
0.401000, 3245.934774
0.402000, 3249.180672
0.403000, 3252.426570
0.404000, 3255.608268
0.405000, 3258.789966
0.406000, 3261.907338
0.407000, 3265.024710
0.408000, 3268.077633
0.409000, 3271.130556
0.410000, 3274.118910
0.411000, 3277.107264
0.412000, 3280.030931
0.413000, 3282.954598
0.414000, 3285.813461
0.415000, 3288.672325
0.416000, 3291.466274
0.417000, 3294.260222
0.418000, 3296.989145
0.419000, 3299.718067
0.420000, 3302.381856
0.421000, 3305.045645
0.422000, 3307.644195
0.423000, 3310.242745
0.424000, 3312.775954
0.425000, 3315.309163
0.426000, 3317.776930
0.427000, 3320.244697
0.428000, 3322.646926
0.429000, 3325.049155
0.430000, 3327.385750
0.431000, 3329.722345
0.432000, 3331.993214
0.433000, 3334.264083
0.434000, 3336.469136
0.435000, 3338.674190
0.436000, 3340.813341
0.437000, 3342.952492
0.438000, 3345.025656
0.439000, 3347.098820
0.440000, 3349.105915
0.441000, 3351.113010
0.442000, 3353.053957
0.443000, 3354.994904
0.444000, 3356.869627
0.445000, 3358.744349
0.446000, 3360.552772
0.447000, 3362.361196
0.448000, 3364.103249
0.449000, 3365.845303
0.450000, 3367.520917
0.451000, 3369.196532
0.452000, 3370.805641
0.453000, 3372.414751
0.454000, 3373.957292
0.455000, 3375.499833
0.456000, 3376.975744
0.457000, 3378.451656
0.458000, 3379.860879
0.459000, 3381.270103
0.460000, 3382.612583
0.461000, 3383.955063
0.462000, 3385.230747
0.463000, 3386.506431
0.464000, 3387.715269
0.465000, 3388.924106
0.466000, 3390.066048
0.467000, 3391.207991
0.468000, 3392.282994
0.469000, 3393.357998
0.470000, 3394.366019
0.471000, 3395.374040
0.472000, 3396.315039
0.473000, 3397.256039
0.474000, 3398.129979
0.475000, 3399.003920
0.476000, 3399.810767
0.477000, 3400.617614
0.478000, 3401.357336
0.479000, 3402.097057
0.480000, 3402.769625
0.481000, 3403.442192
0.482000, 3404.047578
0.483000, 3404.652965
0.484000, 3405.191146
0.485000, 3405.729327
0.486000, 3406.200282
0.487000, 3406.671238
0.488000, 3407.074948
0.489000, 3407.478658
0.490000, 3407.815108
0.491000, 3408.151558
0.492000, 3408.420733
0.493000, 3408.689909
0.494000, 3408.891800
0.495000, 3409.093691
0.496000, 3409.228290
0.497000, 3409.362888
0.498000, 3409.430189
0.499000, 3409.497489
0.500000, 3409.497489
0.501000, 3409.497489
0.502000, 3409.430189
0.503000, 3409.362888
0.504000, 3409.228290
0.505000, 3409.093691
0.506000, 3408.891800
0.507000, 3408.689909
0.508000, 3408.420733
0.509000, 3408.151558
0.510000, 3407.815108
0.511000, 3407.478658
0.512000, 3407.074948
0.513000, 3406.671238
0.514000, 3406.200282
0.515000, 3405.729327
0.516000, 3405.191146
0.517000, 3404.652965
0.518000, 3404.047578
0.519000, 3403.442192
0.520000, 3402.769625
0.521000, 3402.097057
0.522000, 3401.357336
0.523000, 3400.617614
0.524000, 3399.810767
0.525000, 3399.003920
0.526000, 3398.129979
0.527000, 3397.256039
0.528000, 3396.315039
0.529000, 3395.374040
0.530000, 3394.366019
0.531000, 3393.357998
0.532000, 3392.282994
0.533000, 3391.207991
0.534000, 3390.066048
0.535000, 3388.924106
0.536000, 3387.715269
0.537000, 3386.506431
0.538000, 3385.230747
0.539000, 3383.955063
0.540000, 3382.612583
0.541000, 3381.270103
0.542000, 3379.860879
0.543000, 3378.451656
0.544000, 3376.975744
0.545000, 3375.499833
0.546000, 3373.957292
0.547000, 3372.414751
0.548000, 3370.805641
0.549000, 3369.196532
0.550000, 3367.520917
0.551000, 3365.845303
0.552000, 3364.103249
0.553000, 3362.361196
0.554000, 3360.552772
0.555000, 3358.744349
0.556000, 3356.869627
0.557000, 3354.994904
0.558000, 3353.053957
0.559000, 3351.113010
0.560000, 3349.105915
0.561000, 3347.098820
0.562000, 3345.025656
0.563000, 3342.952492
0.564000, 3340.813341
0.565000, 3338.674190
0.566000, 3336.469136
0.567000, 3334.264083
0.568000, 3331.993214
0.569000, 3329.722345
0.570000, 3327.385750
0.571000, 3325.049155
0.572000, 3322.646926
0.573000, 3320.244697
0.574000, 3317.776930
0.575000, 3315.309163
0.576000, 3312.775954
0.577000, 3310.242745
0.578000, 3307.644195
0.579000, 3305.045645
0.580000, 3302.381856
0.581000, 3299.718067
0.582000, 3296.989145
0.583000, 3294.260222
0.584000, 3291.466274
0.585000, 3288.672325
0.586000, 3285.813461
0.587000, 3282.954598
0.588000, 3280.030931
0.589000, 3277.107264
0.590000, 3274.118910
0.591000, 3271.130556
0.592000, 3268.077633
0.593000, 3265.024710
0.594000, 3261.907338
0.595000, 3258.789966
0.596000, 3255.608268
0.597000, 3252.426570
0.598000, 3249.180672
0.599000, 3245.934774
0.600000, 3242.624804
0.601000, 3239.314835
0.602000, 3235.940923
0.603000, 3232.567012
0.604000, 3229.129293
0.605000, 3225.691574
0.606000, 3222.190182
0.607000, 3218.688790
0.608000, 3215.123865
0.609000, 3211.558939
0.610000, 3207.930619
0.611000, 3204.302300
0.612000, 3200.610731
0.613000, 3196.919161
0.614000, 3193.164487
0.615000, 3189.409814
0.616000, 3185.592183
0.617000, 3181.774553
0.618000, 3177.894118
0.619000, 3174.013682
0.620000, 3170.070594
0.621000, 3166.127506
0.622000, 3162.121922
0.623000, 3158.116337
0.624000, 3154.048414
0.625000, 3149.980491
0.626000, 3145.850390
0.627000, 3141.720289
0.628000, 3137.528173
0.629000, 3133.336057
0.630000, 3129.082092
0.631000, 3124.828127
0.632000, 3120.512480
0.633000, 3116.196833
0.634000, 3111.819676
0.635000, 3107.442518
0.636000, 3103.004022
0.637000, 3098.565526
0.638000, 3094.065867
0.639000, 3089.566208
0.640000, 3085.005564
0.641000, 3080.444919
0.642000, 3075.823469
0.643000, 3071.202020
0.644000, 3066.519947
0.645000, 3061.837874
0.646000, 3057.095364
0.647000, 3052.352853
0.648000, 3047.550091
0.649000, 3042.747330
0.650000, 3037.884507
0.651000, 3033.021684
0.652000, 3028.098992
0.653000, 3023.176300
0.654000, 3018.193933
0.655000, 3013.211566
0.656000, 3008.169721
0.657000, 3003.127876
0.658000, 2998.026752
0.659000, 2992.925628
0.660000, 2987.765425
0.661000, 2982.605223
0.662000, 2977.386147
0.663000, 2972.167071
0.664000, 2966.889327
0.665000, 2961.611583
0.666000, 2956.275379
0.667000, 2950.939175
0.668000, 2945.544722
0.669000, 2940.150269
0.670000, 2934.697780
0.671000, 2929.245291
0.672000, 2923.734981
0.673000, 2918.224672
0.674000, 2912.656759
0.675000, 2907.088846
0.676000, 2901.463549
0.677000, 2895.838253
0.678000, 2890.155795
0.679000, 2884.473337
0.680000, 2878.733942
0.681000, 2872.994547
0.682000, 2867.198442
0.683000, 2861.402337
0.684000, 2855.549750
0.685000, 2849.697163
0.686000, 2843.788325
0.687000, 2837.879488
0.688000, 2831.914633
0.689000, 2825.949778
0.690000, 2819.929141
0.691000, 2813.908505
0.692000, 2807.832324
0.693000, 2801.756143
0.694000, 2795.624658
0.695000, 2789.493173
0.696000, 2783.306626
0.697000, 2777.120078
0.698000, 2770.878713
0.699000, 2764.637348
0.700000, 2758.341411
0.701000, 2752.045474
0.702000, 2745.695214
0.703000, 2739.344955
0.704000, 2732.940622
0.705000, 2726.536290
0.706000, 2720.078139
0.707000, 2713.619987
0.708000, 2707.108271
0.709000, 2700.596554
0.710000, 2694.031531
0.711000, 2687.466507
0.712000, 2680.848435
0.713000, 2674.230363
0.714000, 2667.559504
0.715000, 2660.888645
0.716000, 2654.165263
0.717000, 2647.441880
0.718000, 2640.666239
0.719000, 2633.890598
0.720000, 2627.062967
0.721000, 2620.235335
0.722000, 2613.355982
0.723000, 2606.476629
0.724000, 2599.545827
0.725000, 2592.615025
0.726000, 2585.633046
0.727000, 2578.651068
0.728000, 2571.618189
0.729000, 2564.585310
0.730000, 2557.501809
0.731000, 2550.418307
0.732000, 2543.284462
0.733000, 2536.150618
0.734000, 2528.966712
0.735000, 2521.782806
0.736000, 2514.549122
0.737000, 2507.315438
0.738000, 2500.032262
0.739000, 2492.749086
0.740000, 2485.416705
0.741000, 2478.084324
0.742000, 2470.703028
0.743000, 2463.321732
0.744000, 2455.891812
0.745000, 2448.461892
0.746000, 2440.983641
0.747000, 2433.505391
0.748000, 2425.979105
0.749000, 2418.452819
0.750000, 2410.878795
0.751000, 2403.304771
0.752000, 2395.683308
0.753000, 2388.061845
0.754000, 2380.393243
0.755000, 2372.724642
0.756000, 2365.009205
0.757000, 2357.293768
0.758000, 2349.531800
0.759000, 2341.769831
0.760000, 2333.961639
0.761000, 2326.153446
0.762000, 2318.299338
0.763000, 2310.445229
0.764000, 2302.545514
0.765000, 2294.645799
0.766000, 2286.700789
0.767000, 2278.755780
0.768000, 2270.765790
0.769000, 2262.775800
0.770000, 2254.741144
0.771000, 2246.706489
0.772000, 2238.627486
0.773000, 2230.548482
0.774000, 2222.425450
0.775000, 2214.302417
0.776000, 2206.135676
0.777000, 2197.968935
0.778000, 2189.758808
0.779000, 2181.548682
0.780000, 2173.295493
0.781000, 2165.042304
0.782000, 2156.746379
0.783000, 2148.450454
0.784000, 2140.112120
0.785000, 2131.773787
0.786000, 2123.393374
0.787000, 2115.012961
0.788000, 2106.590800
0.789000, 2098.168638
0.790000, 2089.705061
0.791000, 2081.241483
0.792000, 2072.736824
0.793000, 2064.232164
0.794000, 2055.686759
0.795000, 2047.141353
0.796000, 2038.555539
0.797000, 2029.969724
0.798000, 2021.343840
0.799000, 2012.717956
0.800000, 2004.052342
0.801000, 1995.386728
0.802000, 1986.681727
0.803000, 1977.976727
0.804000, 1969.232682
0.805000, 1960.488638
0.806000, 1951.705895
0.807000, 1942.923152
0.808000, 1934.102058
0.809000, 1925.280963
0.810000, 1916.421866
0.811000, 1907.562768
0.812000, 1898.666016
0.813000, 1889.769265
0.814000, 1880.835211
0.815000, 1871.901157
0.816000, 1862.930153
0.817000, 1853.959150
0.818000, 1844.951551
0.819000, 1835.943951
0.820000, 1826.900112
0.821000, 1817.856273
0.822000, 1808.776551
0.823000, 1799.696829
0.824000, 1790.581582
0.825000, 1781.466336
0.826000, 1772.315925
0.827000, 1763.165513
0.828000, 1753.980299
0.829000, 1744.795084
0.830000, 1735.575429
0.831000, 1726.355774
0.832000, 1717.102042
0.833000, 1707.848309
0.834000, 1698.560866
0.835000, 1689.273422
0.836000, 1679.952634
0.837000, 1670.631846
0.838000, 1661.278080
0.839000, 1651.924315
0.840000, 1642.537942
0.841000, 1633.151570
0.842000, 1623.732960
0.843000, 1614.314350
0.844000, 1604.863875
0.845000, 1595.413400
0.846000, 1585.931433
0.847000, 1576.449466
0.848000, 1566.936381
0.849000, 1557.423296
0.850000, 1547.879469
0.851000, 1538.335642
0.852000, 1528.761449
0.853000, 1519.187257
0.854000, 1509.583077
0.855000, 1499.978897
0.856000, 1490.345109
0.857000, 1480.711321
0.858000, 1471.048304
0.859000, 1461.385288
0.860000, 1451.693426
0.861000, 1442.001563
0.862000, 1432.281236
0.863000, 1422.560910
0.864000, 1412.812503
0.865000, 1403.064096
0.866000, 1393.287994
0.867000, 1383.511892
0.868000, 1373.708481
0.869000, 1363.905070
0.870000, 1354.074736
0.871000, 1344.244402
0.872000, 1334.387534
0.873000, 1324.530667
0.874000, 1314.647654
0.875000, 1304.764641
0.876000, 1294.855873
0.877000, 1284.947105
0.878000, 1275.012973
0.879000, 1265.078841
0.880000, 1255.119738
0.881000, 1245.160635
0.882000, 1235.176953
0.883000, 1225.193272
0.884000, 1215.185406
0.885000, 1205.177540
0.886000, 1195.145885
0.887000, 1185.114229
0.888000, 1175.059181
0.889000, 1165.004133
0.890000, 1154.926089
0.891000, 1144.848044
0.892000, 1134.747401
0.893000, 1124.646759
0.894000, 1114.523916
0.895000, 1104.401074
0.896000, 1094.256432
0.897000, 1084.111790
0.898000, 1073.945748
0.899000, 1063.779706
0.900000, 1053.592666
0.901000, 1043.405627
0.902000, 1033.197991
0.903000, 1022.990355
0.904000, 1012.762527
0.905000, 1002.534698
0.906000, 992.287080
0.907000, 982.039462
0.908000, 971.772460
0.909000, 961.505457
0.910000, 951.219476
0.911000, 940.933494
0.912000, 930.628939
0.913000, 920.324384
0.914000, 910.001662
0.915000, 899.678941
0.916000, 889.338461
0.917000, 878.997981
0.918000, 868.640150
0.919000, 858.282319
0.920000, 847.907546
0.921000, 837.532773
0.922000, 827.141468
0.923000, 816.750163
0.924000, 806.342737
0.925000, 795.935310
0.926000, 785.512172
0.927000, 775.089034
0.928000, 764.650596
0.929000, 754.212159
0.930000, 743.758834
0.931000, 733.305509
0.932000, 722.837709
0.933000, 712.369909
0.934000, 701.888048
0.935000, 691.406186
0.936000, 680.910677
0.937000, 670.415168
0.938000, 659.906425
0.939000, 649.397683
0.940000, 638.876122
0.941000, 628.354560
0.942000, 617.820596
0.943000, 607.286632
0.944000, 596.740680
0.945000, 586.194728
0.946000, 575.637206
0.947000, 565.079683
0.948000, 554.511006
0.949000, 543.942330
0.950000, 533.362916
0.951000, 522.783502
0.952000, 512.193769
0.953000, 501.604036
0.954000, 491.004402
0.955000, 480.404767
0.956000, 469.795650
0.957000, 459.186533
0.958000, 448.568352
0.959000, 437.950171
0.960000, 427.323345
0.961000, 416.696519
0.962000, 406.061468
0.963000, 395.426417
0.964000, 384.783561
0.965000, 374.140704
0.966000, 363.490463
0.967000, 352.840221
0.968000, 342.183015
0.969000, 331.525808
0.970000, 320.862058
0.971000, 310.198308
0.972000, 299.528434
0.973000, 288.858561
0.974000, 278.182985
0.975000, 267.507410
0.976000, 256.826554
0.977000, 246.145699
0.978000, 235.459984
0.979000, 224.774270
0.980000, 214.084119
0.981000, 203.393967
0.982000, 192.699801
0.983000, 182.005635
0.984000, 171.307877
0.985000, 160.610118
0.986000, 149.909189
0.987000, 139.208260
0.988000, 128.504583
0.989000, 117.800906
0.990000, 107.094904
0.991000, 96.388902
0.992000, 85.680997
0.993000, 74.973093
0.994000, 64.263708
0.995000, 53.554323
0.996000, 42.843881
0.997000, 32.133440
0.998000, 21.422364
0.999000, 10.711288
1.000000, 0.000000
