0.000000, 0.000000
0.001000, 77184.710408
0.002000, 154367.897256
0.003000, 231551.084105
0.004000, 308729.700333
0.005000, 385908.316561
0.006000, 463079.315289
0.007000, 540250.314017
0.008000, 617410.648667
0.009000, 694570.983316
0.010000, 771717.607729
0.011000, 848864.232142
0.012000, 925994.100702
0.013000, 1003123.969262
0.014000, 1080234.037014
0.015000, 1157344.104765
0.016000, 1234431.327535
0.017000, 1311518.550304
0.018000, 1388579.884821
0.019000, 1465641.219337
0.020000, 1542673.623351
0.021000, 1619706.027364
0.022000, 1696706.459767
0.023000, 1773706.892170
0.024000, 1850672.313118
0.025000, 1927637.734066
0.026000, 2004565.105095
0.027000, 2081492.476124
0.028000, 2158378.760274
0.029000, 2235265.044423
0.030000, 2312107.206355
0.031000, 2388949.368286
0.032000, 2465744.374402
0.033000, 2542539.380518
0.034000, 2619284.199084
0.035000, 2696029.017649
0.036000, 2772720.618910
0.037000, 2849412.220171
0.038000, 2926047.576474
0.039000, 3002682.932778
0.040000, 3079259.018690
0.041000, 3155835.104603
0.042000, 3232348.897033
0.043000, 3308862.689462
0.044000, 3385311.167775
0.045000, 3461759.646088
0.046000, 3538139.792230
0.047000, 3614519.938371
0.048000, 3690828.736983
0.049000, 3767137.535595
0.050000, 3843371.974138
0.051000, 3919606.412680
0.052000, 3995763.481548
0.053000, 4071920.550416
0.054000, 4147997.243058
0.055000, 4224073.935700
0.056000, 4300067.248739
0.057000, 4376060.561778
0.058000, 4451967.495128
0.059000, 4527874.428478
0.060000, 4603691.985463
0.061000, 4679509.542448
0.062000, 4755234.729921
0.063000, 4830959.917395
0.064000, 4906589.745855
0.065000, 4982219.574315
0.066000, 5057751.058027
0.067000, 5133282.541738
0.068000, 5208712.698847
0.069000, 5284142.855956
0.070000, 5359468.708609
0.071000, 5434794.561262
0.072000, 5510013.135723
0.073000, 5585231.710184
0.074000, 5660340.036953
0.075000, 5735448.363722
0.076000, 5810443.477650
0.077000, 5885438.591579
0.078000, 5960317.531988
0.079000, 6035196.472398
0.080000, 6109956.283196
0.081000, 6184716.093994
0.082000, 6259353.823791
0.083000, 6333991.553588
0.084000, 6408504.255815
0.085000, 6483016.958042
0.086000, 6557401.691064
0.087000, 6631786.424087
0.088000, 6706040.251323
0.089000, 6780294.078559
0.090000, 6854414.068595
0.091000, 6928534.058631
0.092000, 7002517.285336
0.093000, 7076500.512042
0.094000, 7150344.054685
0.095000, 7224187.597329
0.096000, 7297888.540694
0.097000, 7371589.484060
0.098000, 7445144.918560
0.099000, 7518700.353060
0.100000, 7592107.374852
0.101000, 7665514.396644
0.102000, 7738770.107745
0.103000, 7812025.818846
0.104000, 7885127.327245
0.105000, 7958228.835644
0.106000, 8031173.255419
0.107000, 8104117.675195
0.108000, 8176902.126625
0.109000, 8249686.578056
0.110000, 8322308.187737
0.111000, 8394929.797417
0.112000, 8467385.698370
0.113000, 8539841.599324
0.114000, 8612128.931116
0.115000, 8684416.262907
0.116000, 8756532.171757
0.117000, 8828648.080606
0.118000, 8900589.719501
0.119000, 8972531.358396
0.120000, 9044295.887204
0.121000, 9116060.416012
0.122000, 9187645.001591
0.123000, 9259229.587171
0.124000, 9330631.403486
0.125000, 9402033.219801
0.126000, 9473249.448029
0.127000, 9544465.676258
0.128000, 9615493.504905
0.129000, 9686521.333553
0.130000, 9757357.958562
0.131000, 9828194.583571
0.132000, 9898837.208434
0.133000, 9969479.833296
0.134000, 10039925.669162
0.135000, 10110371.505028
0.136000, 10180617.770816
0.137000, 10250864.036604
0.138000, 10320907.959112
0.139000, 10390951.881621
0.140000, 10460790.695635
0.141000, 10530629.509649
0.142000, 10600260.458052
0.143000, 10669891.406456
0.144000, 10739311.740338
0.145000, 10808732.074219
0.146000, 10877939.052984
0.147000, 10947146.031748
0.148000, 11016136.923222
0.149000, 11085127.814696
0.150000, 11153899.895238
0.151000, 11222671.975779
0.152000, 11291222.530384
0.153000, 11359773.084989
0.154000, 11428099.407398
0.155000, 11496425.729808
0.156000, 11564525.122616
0.157000, 11632624.515424
0.158000, 11700494.290183
0.159000, 11768364.064943
0.160000, 11836001.542271
0.161000, 11903639.019599
0.162000, 11971041.529284
0.163000, 12038444.038969
0.164000, 12105608.920075
0.165000, 12172773.801181
0.166000, 12239698.402154
0.167000, 12306623.003127
0.168000, 12373304.681898
0.169000, 12439986.360669
0.170000, 12506422.484759
0.171000, 12572858.608850
0.172000, 12639046.555475
0.173000, 12705234.502101
0.174000, 12771171.658275
0.175000, 12837108.814449
0.176000, 12902792.577086
0.177000, 12968476.339722
0.178000, 13033904.115738
0.179000, 13099331.891754
0.180000, 13164501.098174
0.181000, 13229670.304594
0.182000, 13294578.368648
0.183000, 13359486.432702
0.184000, 13424130.791931
0.185000, 13488775.151161
0.186000, 13553153.253517
0.187000, 13617531.355873
0.188000, 13681640.659819
0.189000, 13745749.963765
0.190000, 13809587.938374
0.191000, 13873425.912984
0.192000, 13936990.038044
0.193000, 14000554.163103
0.194000, 14063841.929210
0.195000, 14127129.695317
0.196000, 14190138.603979
0.197000, 14253147.512640
0.198000, 14315875.076373
0.199000, 14378602.640105
0.200000, 14441046.382531
0.201000, 14503490.124957
0.202000, 14565647.580906
0.203000, 14627805.036854
0.204000, 14689673.752454
0.205000, 14751542.468054
0.206000, 14813120.000835
0.207000, 14874697.533616
0.208000, 14935981.452603
0.209000, 14997265.371589
0.210000, 15058253.257397
0.211000, 15119241.143205
0.212000, 15179930.588137
0.213000, 15240620.033069
0.214000, 15301008.641209
0.215000, 15361397.249350
0.216000, 15421482.636660
0.217000, 15481568.023970
0.218000, 15541347.818382
0.219000, 15601127.612794
0.220000, 15660599.454303
0.221000, 15720071.295813
0.222000, 15779232.836573
0.223000, 15838394.377334
0.224000, 15897243.281749
0.225000, 15956092.186164
0.226000, 16014626.130981
0.227000, 16073160.075797
0.228000, 16131376.750194
0.229000, 16189593.424591
0.230000, 16247490.530275
0.231000, 16305387.635958
0.232000, 16362962.887249
0.233000, 16420538.138541
0.234000, 16477789.262467
0.235000, 16535040.386394
0.236000, 16591965.122779
0.237000, 16648889.859165
0.238000, 16705485.960718
0.239000, 16762082.062272
0.240000, 16818347.294676
0.241000, 16874612.527080
0.242000, 16930544.669080
0.243000, 16986476.811080
0.244000, 17042073.654571
0.245000, 17097670.498061
0.246000, 17152929.848174
0.247000, 17208189.198287
0.248000, 17263108.873477
0.249000, 17318028.548668
0.250000, 17372606.380802
0.251000, 17427184.212935
0.252000, 17481418.047372
0.253000, 17535651.881810
0.254000, 17589539.577492
0.255000, 17643427.273174
0.256000, 17696966.702707
0.257000, 17750506.132240
0.258000, 17803695.181979
0.259000, 17856884.231717
0.260000, 17909720.801849
0.261000, 17962557.371981
0.262000, 18015039.376609
0.263000, 18067521.381237
0.264000, 18119646.748461
0.265000, 18171772.115685
0.266000, 18223538.787685
0.267000, 18275305.459685
0.268000, 18326711.392801
0.269000, 18378117.325918
0.270000, 18429160.490732
0.271000, 18480203.655547
0.272000, 18530882.036963
0.273000, 18581560.418379
0.274000, 18631872.015700
0.275000, 18682183.613022
0.276000, 18732126.440034
0.277000, 18782069.267046
0.278000, 18831641.352090
0.279000, 18881213.437134
0.280000, 18930412.823190
0.281000, 18979612.209246
0.282000, 19028436.954007
0.283000, 19077261.698767
0.284000, 19125709.874714
0.285000, 19174158.050661
0.286000, 19222227.745144
0.287000, 19270297.439626
0.288000, 19317986.754936
0.289000, 19365676.070245
0.290000, 19412983.123689
0.291000, 19460290.177132
0.292000, 19507213.101108
0.293000, 19554136.025084
0.294000, 19600672.967156
0.295000, 19647209.909228
0.296000, 19693359.032197
0.297000, 19739508.155166
0.298000, 19785267.637143
0.299000, 19831027.119121
0.300000, 19876395.153601
0.301000, 19921763.188082
0.302000, 19966737.984013
0.303000, 20011712.779944
0.304000, 20056292.561797
0.305000, 20100872.343650
0.306000, 20145055.351493
0.307000, 20189238.359335
0.308000, 20233022.848897
0.309000, 20276807.338459
0.310000, 20320191.581204
0.311000, 20363575.823949
0.312000, 20406558.107141
0.313000, 20449540.390333
0.314000, 20492119.017105
0.315000, 20534697.643878
0.316000, 20576870.933299
0.317000, 20619044.222721
0.318000, 20660810.509862
0.319000, 20702576.797003
0.320000, 20743934.433002
0.321000, 20785292.069002
0.322000, 20826239.421131
0.323000, 20867186.773260
0.324000, 20907722.224987
0.325000, 20948257.676715
0.326000, 20988379.627770
0.327000, 21028501.578825
0.328000, 21068208.445263
0.329000, 21107915.311700
0.330000, 21147205.525961
0.331000, 21186495.740222
0.332000, 21225367.751195
0.333000, 21264239.762168
0.334000, 21302692.035253
0.335000, 21341144.308339
0.336000, 21379175.325506
0.337000, 21417206.342674
0.338000, 21454814.602524
0.339000, 21492422.862375
0.340000, 21529606.880198
0.341000, 21566790.898022
0.342000, 21603549.205858
0.343000, 21640307.513693
0.344000, 21676638.660385
0.345000, 21712969.807078
0.346000, 21748872.358335
0.347000, 21784774.909593
0.348000, 21820247.448044
0.349000, 21855719.986496
0.350000, 21890761.111746
0.351000, 21925802.236997
0.352000, 21960410.565683
0.353000, 21995018.894368
0.354000, 22029193.060212
0.355000, 22063367.226056
0.356000, 22097105.879919
0.357000, 22130844.533783
0.358000, 22164146.343723
0.359000, 22197448.153663
0.360000, 22230311.804980
0.361000, 22263175.456298
0.362000, 22295599.651592
0.363000, 22328023.846886
0.364000, 22360007.306105
0.365000, 22391990.765324
0.366000, 22423532.225816
0.367000, 22455073.686308
0.368000, 22486171.902871
0.369000, 22517270.119433
0.370000, 22547923.864361
0.371000, 22578577.609289
0.372000, 22608785.672425
0.373000, 22638993.735561
0.374000, 22668754.924343
0.375000, 22698516.113125
0.376000, 22727829.252632
0.377000, 22757142.392139
0.378000, 22786006.325139
0.379000, 22814870.258138
0.380000, 22843283.845131
0.381000, 22871697.432124
0.382000, 22899659.551391
0.383000, 22927621.670659
0.384000, 22955131.218303
0.385000, 22982640.765948
0.386000, 23009696.655940
0.387000, 23036752.545932
0.388000, 23063353.710151
0.389000, 23089954.874371
0.390000, 23116100.262649
0.391000, 23142245.650928
0.392000, 23167934.231090
0.393000, 23193622.811252
0.394000, 23218853.569157
0.395000, 23244084.327062
0.396000, 23268856.266642
0.397000, 23293628.206223
0.398000, 23317940.349525
0.399000, 23342252.492827
0.400000, 23366103.880049
0.401000, 23389955.267271
0.402000, 23413344.956801
0.403000, 23436734.646331
0.404000, 23459661.714784
0.405000, 23482588.783238
0.406000, 23505052.325493
0.407000, 23527515.867748
0.408000, 23549514.996982
0.409000, 23571514.126217
0.410000, 23593047.973943
0.411000, 23614581.821669
0.412000, 23635649.537767
0.413000, 23656717.253866
0.414000, 23677318.006619
0.415000, 23697918.759372
0.416000, 23718051.735497
0.417000, 23738184.711623
0.418000, 23757849.116305
0.419000, 23777513.520987
0.420000, 23796708.577910
0.421000, 23815903.634832
0.422000, 23834628.586206
0.423000, 23853353.537580
0.424000, 23871607.644177
0.425000, 23889861.750775
0.426000, 23907644.291954
0.427000, 23925426.833133
0.428000, 23942737.106870
0.429000, 23960047.380607
0.430000, 23976884.703522
0.431000, 23993722.026436
0.432000, 24010085.733820
0.433000, 24026449.441204
0.434000, 24042338.887046
0.435000, 24058228.332888
0.436000, 24073642.889899
0.437000, 24089057.446911
0.438000, 24103996.506552
0.439000, 24118935.566193
0.440000, 24133398.538695
0.441000, 24147861.511198
0.442000, 24161847.825587
0.443000, 24175834.139977
0.444000, 24189343.244099
0.445000, 24202852.348221
0.446000, 24215883.708758
0.447000, 24228915.069296
0.448000, 24241468.171793
0.449000, 24254021.274290
0.450000, 24266095.623172
0.451000, 24278169.972054
0.452000, 24289765.090646
0.453000, 24301360.209238
0.454000, 24312475.639785
0.455000, 24323591.070332
0.456000, 24334226.374016
0.457000, 24344861.677700
0.458000, 24355016.434656
0.459000, 24365171.191613
0.460000, 24374845.000950
0.461000, 24384518.810287
0.462000, 24393711.290099
0.463000, 24402903.769912
0.464000, 24411614.557296
0.465000, 24420325.344680
0.466000, 24428554.095749
0.467000, 24436782.846818
0.468000, 24444529.236715
0.469000, 24452275.626612
0.470000, 24459539.349523
0.471000, 24466803.072433
0.472000, 24473583.841598
0.473000, 24480364.610763
0.474000, 24486662.158489
0.475000, 24492959.706214
0.476000, 24498773.783885
0.477000, 24504587.861556
0.478000, 24509918.239641
0.479000, 24515248.617727
0.480000, 24520095.085793
0.481000, 24524941.553859
0.482000, 24529303.920576
0.483000, 24533666.287293
0.484000, 24537544.380441
0.485000, 24541422.473590
0.486000, 24544816.140069
0.487000, 24548209.806549
0.488000, 24551118.912383
0.489000, 24554028.018218
0.490000, 24556452.448561
0.491000, 24558876.878904
0.492000, 24560816.538044
0.493000, 24562756.197183
0.494000, 24564211.008544
0.495000, 24565665.819905
0.496000, 24566635.726054
0.497000, 24567605.632204
0.498000, 24568090.594851
0.499000, 24568575.557499
0.500000, 24568575.557499
0.501000, 24568575.557499
0.502000, 24568090.594851
0.503000, 24567605.632204
0.504000, 24566635.726054
0.505000, 24565665.819905
0.506000, 24564211.008544
0.507000, 24562756.197183
0.508000, 24560816.538044
0.509000, 24558876.878904
0.510000, 24556452.448561
0.511000, 24554028.018218
0.512000, 24551118.912383
0.513000, 24548209.806549
0.514000, 24544816.140069
0.515000, 24541422.473590
0.516000, 24537544.380441
0.517000, 24533666.287293
0.518000, 24529303.920576
0.519000, 24524941.553859
0.520000, 24520095.085793
0.521000, 24515248.617727
0.522000, 24509918.239641
0.523000, 24504587.861556
0.524000, 24498773.783885
0.525000, 24492959.706214
0.526000, 24486662.158489
0.527000, 24480364.610763
0.528000, 24473583.841598
0.529000, 24466803.072433
0.530000, 24459539.349523
0.531000, 24452275.626612
0.532000, 24444529.236715
0.533000, 24436782.846818
0.534000, 24428554.095749
0.535000, 24420325.344680
0.536000, 24411614.557296
0.537000, 24402903.769912
0.538000, 24393711.290099
0.539000, 24384518.810287
0.540000, 24374845.000950
0.541000, 24365171.191613
0.542000, 24355016.434656
0.543000, 24344861.677700
0.544000, 24334226.374016
0.545000, 24323591.070332
0.546000, 24312475.639785
0.547000, 24301360.209238
0.548000, 24289765.090646
0.549000, 24278169.972054
0.550000, 24266095.623172
0.551000, 24254021.274290
0.552000, 24241468.171793
0.553000, 24228915.069296
0.554000, 24215883.708758
0.555000, 24202852.348221
0.556000, 24189343.244099
0.557000, 24175834.139977
0.558000, 24161847.825587
0.559000, 24147861.511198
0.560000, 24133398.538695
0.561000, 24118935.566193
0.562000, 24103996.506552
0.563000, 24089057.446911
0.564000, 24073642.889899
0.565000, 24058228.332888
0.566000, 24042338.887046
0.567000, 24026449.441204
0.568000, 24010085.733820
0.569000, 23993722.026436
0.570000, 23976884.703522
0.571000, 23960047.380607
0.572000, 23942737.106870
0.573000, 23925426.833133
0.574000, 23907644.291954
0.575000, 23889861.750775
0.576000, 23871607.644177
0.577000, 23853353.537580
0.578000, 23834628.586206
0.579000, 23815903.634832
0.580000, 23796708.577910
0.581000, 23777513.520987
0.582000, 23757849.116305
0.583000, 23738184.711623
0.584000, 23718051.735497
0.585000, 23697918.759372
0.586000, 23677318.006619
0.587000, 23656717.253866
0.588000, 23635649.537767
0.589000, 23614581.821669
0.590000, 23593047.973943
0.591000, 23571514.126217
0.592000, 23549514.996982
0.593000, 23527515.867748
0.594000, 23505052.325493
0.595000, 23482588.783238
0.596000, 23459661.714784
0.597000, 23436734.646331
0.598000, 23413344.956801
0.599000, 23389955.267271
0.600000, 23366103.880049
0.601000, 23342252.492827
0.602000, 23317940.349525
0.603000, 23293628.206223
0.604000, 23268856.266642
0.605000, 23244084.327062
0.606000, 23218853.569157
0.607000, 23193622.811252
0.608000, 23167934.231090
0.609000, 23142245.650928
0.610000, 23116100.262649
0.611000, 23089954.874371
0.612000, 23063353.710151
0.613000, 23036752.545932
0.614000, 23009696.655940
0.615000, 22982640.765948
0.616000, 22955131.218303
0.617000, 22927621.670659
0.618000, 22899659.551391
0.619000, 22871697.432124
0.620000, 22843283.845131
0.621000, 22814870.258138
0.622000, 22786006.325139
0.623000, 22757142.392139
0.624000, 22727829.252632
0.625000, 22698516.113125
0.626000, 22668754.924343
0.627000, 22638993.735561
0.628000, 22608785.672425
0.629000, 22578577.609289
0.630000, 22547923.864361
0.631000, 22517270.119433
0.632000, 22486171.902871
0.633000, 22455073.686308
0.634000, 22423532.225816
0.635000, 22391990.765324
0.636000, 22360007.306105
0.637000, 22328023.846886
0.638000, 22295599.651592
0.639000, 22263175.456298
0.640000, 22230311.804980
0.641000, 22197448.153663
0.642000, 22164146.343723
0.643000, 22130844.533783
0.644000, 22097105.879919
0.645000, 22063367.226056
0.646000, 22029193.060212
0.647000, 21995018.894368
0.648000, 21960410.565683
0.649000, 21925802.236997
0.650000, 21890761.111746
0.651000, 21855719.986496
0.652000, 21820247.448044
0.653000, 21784774.909593
0.654000, 21748872.358335
0.655000, 21712969.807078
0.656000, 21676638.660385
0.657000, 21640307.513693
0.658000, 21603549.205858
0.659000, 21566790.898022
0.660000, 21529606.880198
0.661000, 21492422.862375
0.662000, 21454814.602524
0.663000, 21417206.342674
0.664000, 21379175.325506
0.665000, 21341144.308339
0.666000, 21302692.035253
0.667000, 21264239.762168
0.668000, 21225367.751195
0.669000, 21186495.740222
0.670000, 21147205.525961
0.671000, 21107915.311700
0.672000, 21068208.445263
0.673000, 21028501.578825
0.674000, 20988379.627770
0.675000, 20948257.676715
0.676000, 20907722.224987
0.677000, 20867186.773260
0.678000, 20826239.421131
0.679000, 20785292.069002
0.680000, 20743934.433002
0.681000, 20702576.797003
0.682000, 20660810.509862
0.683000, 20619044.222721
0.684000, 20576870.933299
0.685000, 20534697.643878
0.686000, 20492119.017105
0.687000, 20449540.390333
0.688000, 20406558.107141
0.689000, 20363575.823949
0.690000, 20320191.581204
0.691000, 20276807.338459
0.692000, 20233022.848897
0.693000, 20189238.359335
0.694000, 20145055.351493
0.695000, 20100872.343650
0.696000, 20056292.561797
0.697000, 20011712.779944
0.698000, 19966737.984013
0.699000, 19921763.188082
0.700000, 19876395.153601
0.701000, 19831027.119121
0.702000, 19785267.637143
0.703000, 19739508.155166
0.704000, 19693359.032197
0.705000, 19647209.909228
0.706000, 19600672.967156
0.707000, 19554136.025084
0.708000, 19507213.101108
0.709000, 19460290.177132
0.710000, 19412983.123689
0.711000, 19365676.070245
0.712000, 19317986.754936
0.713000, 19270297.439626
0.714000, 19222227.745144
0.715000, 19174158.050661
0.716000, 19125709.874714
0.717000, 19077261.698767
0.718000, 19028436.954007
0.719000, 18979612.209246
0.720000, 18930412.823190
0.721000, 18881213.437134
0.722000, 18831641.352090
0.723000, 18782069.267046
0.724000, 18732126.440034
0.725000, 18682183.613022
0.726000, 18631872.015700
0.727000, 18581560.418379
0.728000, 18530882.036963
0.729000, 18480203.655547
0.730000, 18429160.490732
0.731000, 18378117.325918
0.732000, 18326711.392801
0.733000, 18275305.459685
0.734000, 18223538.787685
0.735000, 18171772.115685
0.736000, 18119646.748461
0.737000, 18067521.381237
0.738000, 18015039.376609
0.739000, 17962557.371981
0.740000, 17909720.801849
0.741000, 17856884.231717
0.742000, 17803695.181979
0.743000, 17750506.132240
0.744000, 17696966.702707
0.745000, 17643427.273174
0.746000, 17589539.577492
0.747000, 17535651.881810
0.748000, 17481418.047372
0.749000, 17427184.212935
0.750000, 17372606.380802
0.751000, 17318028.548668
0.752000, 17263108.873477
0.753000, 17208189.198287
0.754000, 17152929.848174
0.755000, 17097670.498061
0.756000, 17042073.654571
0.757000, 16986476.811080
0.758000, 16930544.669080
0.759000, 16874612.527080
0.760000, 16818347.294676
0.761000, 16762082.062272
0.762000, 16705485.960718
0.763000, 16648889.859165
0.764000, 16591965.122779
0.765000, 16535040.386394
0.766000, 16477789.262467
0.767000, 16420538.138541
0.768000, 16362962.887249
0.769000, 16305387.635958
0.770000, 16247490.530275
0.771000, 16189593.424591
0.772000, 16131376.750194
0.773000, 16073160.075797
0.774000, 16014626.130981
0.775000, 15956092.186164
0.776000, 15897243.281749
0.777000, 15838394.377334
0.778000, 15779232.836573
0.779000, 15720071.295813
0.780000, 15660599.454303
0.781000, 15601127.612794
0.782000, 15541347.818382
0.783000, 15481568.023970
0.784000, 15421482.636660
0.785000, 15361397.249350
0.786000, 15301008.641209
0.787000, 15240620.033069
0.788000, 15179930.588137
0.789000, 15119241.143205
0.790000, 15058253.257397
0.791000, 14997265.371589
0.792000, 14935981.452603
0.793000, 14874697.533616
0.794000, 14813120.000835
0.795000, 14751542.468054
0.796000, 14689673.752454
0.797000, 14627805.036854
0.798000, 14565647.580906
0.799000, 14503490.124957
0.800000, 14441046.382531
0.801000, 14378602.640105
0.802000, 14315875.076373
0.803000, 14253147.512640
0.804000, 14190138.603979
0.805000, 14127129.695317
0.806000, 14063841.929210
0.807000, 14000554.163103
0.808000, 13936990.038044
0.809000, 13873425.912984
0.810000, 13809587.938374
0.811000, 13745749.963765
0.812000, 13681640.659819
0.813000, 13617531.355873
0.814000, 13553153.253517
0.815000, 13488775.151161
0.816000, 13424130.791931
0.817000, 13359486.432702
0.818000, 13294578.368648
0.819000, 13229670.304594
0.820000, 13164501.098174
0.821000, 13099331.891754
0.822000, 13033904.115738
0.823000, 12968476.339722
0.824000, 12902792.577086
0.825000, 12837108.814449
0.826000, 12771171.658275
0.827000, 12705234.502101
0.828000, 12639046.555475
0.829000, 12572858.608850
0.830000, 12506422.484759
0.831000, 12439986.360669
0.832000, 12373304.681898
0.833000, 12306623.003127
0.834000, 12239698.402154
0.835000, 12172773.801181
0.836000, 12105608.920075
0.837000, 12038444.038969
0.838000, 11971041.529284
0.839000, 11903639.019599
0.840000, 11836001.542271
0.841000, 11768364.064943
0.842000, 11700494.290183
0.843000, 11632624.515424
0.844000, 11564525.122616
0.845000, 11496425.729808
0.846000, 11428099.407398
0.847000, 11359773.084989
0.848000, 11291222.530384
0.849000, 11222671.975779
0.850000, 11153899.895238
0.851000, 11085127.814696
0.852000, 11016136.923222
0.853000, 10947146.031748
0.854000, 10877939.052984
0.855000, 10808732.074219
0.856000, 10739311.740338
0.857000, 10669891.406456
0.858000, 10600260.458052
0.859000, 10530629.509649
0.860000, 10460790.695635
0.861000, 10390951.881621
0.862000, 10320907.959112
0.863000, 10250864.036604
0.864000, 10180617.770816
0.865000, 10110371.505028
0.866000, 10039925.669162
0.867000, 9969479.833296
0.868000, 9898837.208434
0.869000, 9828194.583571
0.870000, 9757357.958562
0.871000, 9686521.333553
0.872000, 9615493.504905
0.873000, 9544465.676258
0.874000, 9473249.448029
0.875000, 9402033.219801
0.876000, 9330631.403486
0.877000, 9259229.587171
0.878000, 9187645.001591
0.879000, 9116060.416012
0.880000, 9044295.887204
0.881000, 8972531.358396
0.882000, 8900589.719501
0.883000, 8828648.080606
0.884000, 8756532.171757
0.885000, 8684416.262907
0.886000, 8612128.931116
0.887000, 8539841.599324
0.888000, 8467385.698370
0.889000, 8394929.797417
0.890000, 8322308.187737
0.891000, 8249686.578056
0.892000, 8176902.126625
0.893000, 8104117.675195
0.894000, 8031173.255419
0.895000, 7958228.835644
0.896000, 7885127.327245
0.897000, 7812025.818846
0.898000, 7738770.107745
0.899000, 7665514.396644
0.900000, 7592107.374852
0.901000, 7518700.353060
0.902000, 7445144.918560
0.903000, 7371589.484060
0.904000, 7297888.540694
0.905000, 7224187.597329
0.906000, 7150344.054685
0.907000, 7076500.512042
0.908000, 7002517.285336
0.909000, 6928534.058631
0.910000, 6854414.068595
0.911000, 6780294.078559
0.912000, 6706040.251323
0.913000, 6631786.424087
0.914000, 6557401.691064
0.915000, 6483016.958042
0.916000, 6408504.255815
0.917000, 6333991.553588
0.918000, 6259353.823791
0.919000, 6184716.093994
0.920000, 6109956.283196
0.921000, 6035196.472398
0.922000, 5960317.531988
0.923000, 5885438.591579
0.924000, 5810443.477650
0.925000, 5735448.363722
0.926000, 5660340.036953
0.927000, 5585231.710184
0.928000, 5510013.135723
0.929000, 5434794.561262
0.930000, 5359468.708609
0.931000, 5284142.855956
0.932000, 5208712.698847
0.933000, 5133282.541738
0.934000, 5057751.058027
0.935000, 4982219.574315
0.936000, 4906589.745855
0.937000, 4830959.917395
0.938000, 4755234.729921
0.939000, 4679509.542448
0.940000, 4603691.985463
0.941000, 4527874.428478
0.942000, 4451967.495128
0.943000, 4376060.561778
0.944000, 4300067.248739
0.945000, 4224073.935700
0.946000, 4147997.243058
0.947000, 4071920.550416
0.948000, 3995763.481548
0.949000, 3919606.412680
0.950000, 3843371.974138
0.951000, 3767137.535595
0.952000, 3690828.736983
0.953000, 3614519.938371
0.954000, 3538139.792230
0.955000, 3461759.646088
0.956000, 3385311.167775
0.957000, 3308862.689462
0.958000, 3232348.897033
0.959000, 3155835.104603
0.960000, 3079259.018690
0.961000, 3002682.932778
0.962000, 2926047.576474
0.963000, 2849412.220171
0.964000, 2772720.618910
0.965000, 2696029.017649
0.966000, 2619284.199084
0.967000, 2542539.380518
0.968000, 2465744.374402
0.969000, 2388949.368286
0.970000, 2312107.206355
0.971000, 2235265.044423
0.972000, 2158378.760274
0.973000, 2081492.476124
0.974000, 2004565.105095
0.975000, 1927637.734066
0.976000, 1850672.313118
0.977000, 1773706.892170
0.978000, 1696706.459767
0.979000, 1619706.027364
0.980000, 1542673.623351
0.981000, 1465641.219337
0.982000, 1388579.884821
0.983000, 1311518.550304
0.984000, 1234431.327535
0.985000, 1157344.104765
0.986000, 1080234.037014
0.987000, 1003123.969262
0.988000, 925994.100702
0.989000, 848864.232142
0.990000, 771717.607729
0.991000, 694570.983316
0.992000, 617410.648667
0.993000, 540250.314017
0.994000, 463079.315289
0.995000, 385908.316561
0.996000, 308729.700333
0.997000, 231551.084105
0.998000, 154367.897256
0.999000, 77184.710408
1.000000, 0.000000
