0.000000, 0.000000
0.001000, 2810048.637062
0.002000, 5620023.621075
0.003000, 8429998.605087
0.004000, 11239752.639384
0.005000, 14049506.673680
0.006000, 16858892.489881
0.007000, 19668278.306082
0.008000, 22477148.682950
0.009000, 25286019.059818
0.010000, 28094226.842090
0.011000, 30902434.624362
0.012000, 33709832.741569
0.013000, 36517230.858776
0.014000, 39323672.344035
0.015000, 42130113.829294
0.016000, 44935451.838072
0.017000, 47740789.846849
0.018000, 50544877.675686
0.019000, 53348965.504523
0.020000, 56151656.609721
0.021000, 58954347.714919
0.022000, 61755495.731181
0.023000, 64556643.747442
0.024000, 67356102.506456
0.025000, 70155561.265470
0.026000, 72953184.814442
0.027000, 75750808.363414
0.028000, 78546450.983534
0.029000, 81342093.603654
0.030000, 84135609.828493
0.031000, 86929126.053333
0.032000, 89720370.687173
0.033000, 92511615.321012
0.034000, 95300443.457086
0.035000, 98089271.593159
0.036000, 100875538.631819
0.037000, 103661805.670478
0.038000, 106445367.337265
0.039000, 109228929.004052
0.040000, 112009641.367678
0.041000, 114790353.731303
0.042000, 117568073.221527
0.043000, 120345792.711751
0.044000, 123120376.137155
0.045000, 125894959.562559
0.046000, 128666264.128213
0.047000, 131437568.693867
0.048000, 134205452.018877
0.049000, 136973335.343886
0.050000, 139737655.478824
0.051000, 142501975.613762
0.052000, 145262591.057970
0.053000, 148023206.502179
0.054000, 150779976.220947
0.055000, 153536745.939715
0.056000, 156289529.381315
0.057000, 159042312.822916
0.058000, 161790969.935508
0.059000, 164539627.048101
0.060000, 167284018.296485
0.061000, 170028409.544869
0.062000, 172768395.927094
0.063000, 175508382.309319
0.064000, 178243825.373134
0.065000, 180979268.436949
0.066000, 183710030.296099
0.067000, 186440792.155249
0.068000, 189166735.505607
0.069000, 191892678.855965
0.070000, 194613666.991496
0.071000, 197334655.127026
0.072000, 200050551.955576
0.073000, 202766448.784126
0.074000, 205477118.843042
0.075000, 208187788.901959
0.076000, 210893097.373525
0.077000, 213598405.845091
0.078000, 216298218.571775
0.079000, 218998031.298458
0.080000, 221692214.797974
0.081000, 224386398.297490
0.082000, 227074819.777668
0.083000, 229763241.257846
0.084000, 232445768.631305
0.085000, 235128296.004763
0.086000, 237804797.903375
0.087000, 240481299.801987
0.088000, 243151645.591149
0.089000, 245821991.380311
0.090000, 248486051.172997
0.091000, 251150110.965683
0.092000, 253807755.636289
0.093000, 256465400.306894
0.094000, 259116501.504865
0.095000, 261767602.702836
0.096000, 264412032.866074
0.097000, 267056463.029312
0.098000, 269694095.397360
0.099000, 272331727.765408
0.100000, 274962436.392408
0.101000, 277593145.019408
0.102000, 280216804.786827
0.103000, 282840464.554246
0.104000, 285456951.183371
0.105000, 288073437.812496
0.106000, 290682627.876693
0.107000, 293291817.940889
0.108000, 295893588.877615
0.109000, 298495359.814342
0.110000, 301089589.936928
0.111000, 303683820.059514
0.112000, 306270388.568689
0.113000, 308856957.077865
0.114000, 311435744.073038
0.115000, 314014531.068212
0.116000, 316585417.558505
0.117000, 319156304.048798
0.118000, 321719171.963817
0.119000, 324282039.878837
0.120000, 326836772.079197
0.121000, 329391504.279558
0.122000, 331937984.567141
0.123000, 334484464.854724
0.124000, 337022577.982679
0.125000, 339560691.110635
0.126000, 342090322.793116
0.127000, 344619954.475598
0.128000, 347140991.397233
0.129000, 349662028.318869
0.130000, 352174358.143965
0.131000, 354686687.969060
0.132000, 357190199.350533
0.133000, 359693710.732006
0.134000, 362188293.320046
0.135000, 364682875.908085
0.136000, 367168420.358541
0.137000, 369653964.808997
0.138000, 372130362.791494
0.139000, 374606760.773990
0.140000, 377073904.979761
0.141000, 379541049.185531
0.142000, 381998833.334977
0.143000, 384456617.484424
0.144000, 386904936.334393
0.145000, 389353255.184363
0.146000, 391792004.535147
0.147000, 394230753.885931
0.148000, 396659830.587981
0.149000, 399088907.290030
0.150000, 401508209.250385
0.151000, 403927511.210739
0.152000, 406336937.399179
0.153000, 408746363.587618
0.154000, 411145814.042520
0.155000, 413545264.497422
0.156000, 415934640.331344
0.157000, 418324016.165265
0.158000, 420703219.570227
0.159000, 423082422.975189
0.160000, 425451357.227682
0.161000, 427820291.480175
0.162000, 430178860.945872
0.163000, 432537430.411569
0.164000, 434885540.549750
0.165000, 437233650.687932
0.166000, 439571208.055625
0.167000, 441908765.423319
0.168000, 444235677.679147
0.169000, 446562589.934975
0.170000, 448878765.842713
0.171000, 451194941.750451
0.172000, 453500291.182301
0.173000, 455805640.614151
0.174000, 458100074.553723
0.175000, 460394508.493294
0.176000, 462677939.038295
0.177000, 464961369.583297
0.178000, 467233709.947944
0.179000, 469506050.312592
0.180000, 471767214.829724
0.181000, 474028379.346856
0.182000, 476278283.469764
0.183000, 478528187.592673
0.184000, 480766747.896645
0.185000, 483005308.200617
0.186000, 485232442.384192
0.187000, 487459576.567768
0.188000, 489675203.453712
0.189000, 491890830.339655
0.190000, 494094869.875642
0.191000, 496298909.411630
0.192000, 498491282.670651
0.193000, 500683655.929672
0.194000, 502864285.110154
0.195000, 505044914.290636
0.196000, 507213722.716280
0.197000, 509382531.141925
0.198000, 511539443.261272
0.199000, 513696355.380618
0.200000, 515841296.766323
0.201000, 517986238.152028
0.202000, 520119135.499869
0.203000, 522252032.847710
0.204000, 524372813.975317
0.205000, 526493595.102923
0.206000, 528602188.948231
0.207000, 530710782.793539
0.208000, 532807119.412972
0.209000, 534903456.032405
0.210000, 536987466.598789
0.211000, 539071477.165173
0.212000, 541143093.965379
0.213000, 543214710.765585
0.214000, 545273867.197908
0.215000, 547333023.630231
0.216000, 549379654.201503
0.217000, 551426284.772774
0.218000, 553460325.095216
0.219000, 555494365.417657
0.220000, 557515752.205469
0.221000, 559537138.993281
0.222000, 561545810.058980
0.223000, 563554481.124678
0.224000, 565550375.375173
0.225000, 567546269.625668
0.226000, 569529327.058091
0.227000, 571512384.490514
0.228000, 573482546.187795
0.229000, 575452707.885076
0.230000, 577409916.011272
0.231000, 579367124.137469
0.232000, 581311321.932855
0.233000, 583255519.728240
0.234000, 585186651.504145
0.235000, 587117783.280051
0.236000, 589035794.413471
0.237000, 590953805.546892
0.238000, 592858642.474859
0.239000, 594763479.402825
0.240000, 596655089.616540
0.241000, 598546699.830255
0.242000, 600425031.869003
0.243000, 602303363.907751
0.244000, 604168367.352580
0.245000, 606033370.797409
0.246000, 607884996.264590
0.247000, 609736621.731772
0.248000, 611574820.866043
0.249000, 613413020.000315
0.250000, 615237745.467902
0.251000, 617062470.935489
0.252000, 618873676.416920
0.253000, 620684881.898351
0.254000, 622482522.081059
0.255000, 624280162.263768
0.256000, 626064192.834494
0.257000, 627848223.405219
0.258000, 629618601.042201
0.259000, 631388978.679184
0.260000, 633145661.044165
0.261000, 634902343.409147
0.262000, 636645289.139179
0.263000, 638388234.869210
0.264000, 640117403.568266
0.265000, 641846572.267321
0.266000, 643561924.497730
0.267000, 645277276.728139
0.268000, 646978774.001834
0.269000, 648680271.275528
0.270000, 650367876.045115
0.271000, 652055480.814701
0.272000, 653729156.464358
0.273000, 655402832.114014
0.274000, 657062542.950217
0.275000, 658722253.786420
0.276000, 660367965.028507
0.277000, 662013676.270594
0.278000, 663645354.041166
0.279000, 665277031.811738
0.280000, 666894643.126905
0.281000, 668512254.442072
0.282000, 670115767.201542
0.283000, 671719279.961013
0.284000, 673308662.938042
0.285000, 674898045.915071
0.286000, 676473268.746260
0.287000, 678048491.577449
0.288000, 679609524.752410
0.289000, 681170557.927370
0.290000, 682717372.778250
0.291000, 684264187.629130
0.292000, 685796756.320014
0.293000, 687329325.010897
0.294000, 688847620.527079
0.295000, 690365916.043260
0.296000, 691869912.180394
0.297000, 693373908.317528
0.298000, 694863579.670670
0.299000, 696353251.023812
0.300000, 697828572.976340
0.301000, 699303894.928867
0.302000, 700764843.641304
0.303000, 702225792.353741
0.304000, 703672344.752471
0.305000, 705118897.151202
0.306000, 706551030.917092
0.307000, 707983164.682983
0.308000, 709400858.239912
0.309000, 710818551.796841
0.310000, 712221784.300140
0.311000, 713625016.803439
0.312000, 715013768.128252
0.313000, 716402519.453064
0.314000, 717776770.182627
0.315000, 719151020.912190
0.316000, 720510752.326044
0.317000, 721870483.739898
0.318000, 723215677.802029
0.319000, 724560871.864160
0.320000, 725891511.211076
0.321000, 727222150.557992
0.322000, 728538218.486747
0.323000, 729854286.415502
0.324000, 731155766.871661
0.325000, 732457247.327820
0.326000, 733744124.893382
0.327000, 735031002.458943
0.328000, 736303262.340215
0.329000, 737575522.221486
0.330000, 738833150.236924
0.331000, 740090778.252361
0.332000, 741333760.820376
0.333000, 742576743.388390
0.334000, 743805067.515124
0.335000, 745033391.641858
0.336000, 746247044.908941
0.337000, 747460698.176024
0.338000, 748659668.728310
0.339000, 749858639.280595
0.340000, 751042915.813883
0.341000, 752227192.347171
0.342000, 753396764.095922
0.343000, 754566335.844673
0.344000, 755721192.569721
0.345000, 756876049.294769
0.346000, 758016181.271034
0.347000, 759156313.247300
0.348000, 760281711.251507
0.349000, 761407109.255715
0.350000, 762517764.554127
0.351000, 763628419.852540
0.352000, 764724324.188703
0.353000, 765820228.524865
0.354000, 766901374.107376
0.355000, 767982519.689887
0.356000, 769048899.180191
0.357000, 770115278.670494
0.358000, 771166885.170706
0.359000, 772218491.670918
0.360000, 773255318.711688
0.361000, 774292145.752458
0.362000, 775314187.280868
0.363000, 776336228.809279
0.364000, 777343479.176793
0.365000, 778350729.544308
0.366000, 779343183.494769
0.367000, 780335637.445229
0.368000, 781313290.102905
0.369000, 782290942.760581
0.370000, 783253789.618282
0.371000, 784216636.475983
0.372000, 785164673.383232
0.373000, 786112710.290482
0.374000, 787045933.441761
0.375000, 787979156.593039
0.376000, 788897562.516103
0.377000, 789815968.439167
0.378000, 790719553.983440
0.379000, 791623139.527713
0.380000, 792511901.852765
0.381000, 793400664.177817
0.382000, 794274600.741927
0.383000, 795148537.306038
0.384000, 796007645.854849
0.385000, 796866754.403661
0.386000, 797711032.958931
0.387000, 798555311.514202
0.388000, 799384758.362655
0.389000, 800214205.211109
0.390000, 801028818.893388
0.391000, 801843432.575666
0.392000, 802643211.875398
0.393000, 803442991.175129
0.394000, 804227935.108100
0.395000, 805012879.041071
0.396000, 805782986.844520
0.397000, 806553094.647970
0.398000, 807308365.770005
0.399000, 808063636.892041
0.400000, 808804070.981176
0.401000, 809544505.070311
0.402000, 810270101.965135
0.403000, 810995698.859958
0.404000, 811706458.578938
0.405000, 812417218.297917
0.406000, 813113141.029333
0.407000, 813809063.760750
0.408000, 814490149.852782
0.409000, 815171235.944815
0.410000, 815837485.895761
0.411000, 816503735.846707
0.412000, 817155150.295359
0.413000, 817806564.744010
0.414000, 818443144.460175
0.415000, 819079724.176340
0.416000, 819701470.051526
0.417000, 820323215.926712
0.418000, 820930128.964965
0.419000, 821537042.003217
0.420000, 822129123.312122
0.421000, 822721204.621026
0.422000, 823298455.402879
0.423000, 823875706.184731
0.424000, 824438127.727875
0.425000, 825000549.271018
0.426000, 825548142.941355
0.427000, 826095736.611691
0.428000, 826628503.844367
0.429000, 827161271.077044
0.430000, 827679213.368319
0.431000, 828197155.659595
0.432000, 828700274.558889
0.433000, 829203393.458184
0.434000, 829691690.560311
0.435000, 830179987.662438
0.436000, 830653464.600026
0.437000, 831126941.537614
0.438000, 831585599.973721
0.439000, 832044258.409828
0.440000, 832488100.030747
0.441000, 832931941.651667
0.442000, 833360968.159929
0.443000, 833789994.668192
0.444000, 834204207.775770
0.445000, 834618420.883349
0.446000, 835017822.305061
0.447000, 835417223.726773
0.448000, 835801815.173890
0.449000, 836186406.621007
0.450000, 836556189.795068
0.451000, 836925972.969130
0.452000, 837280949.555968
0.453000, 837635926.142806
0.454000, 837976097.806782
0.455000, 838316269.470757
0.456000, 838641637.849206
0.457000, 838967006.227655
0.458000, 839277572.925554
0.459000, 839588139.623453
0.460000, 839883906.208301
0.461000, 840179672.793149
0.462000, 840460640.790067
0.463000, 840741608.786985
0.464000, 841007779.674040
0.465000, 841273950.561094
0.466000, 841525325.764841
0.467000, 841776700.968588
0.468000, 842013281.859842
0.469000, 842249862.751096
0.470000, 842471650.640927
0.471000, 842693438.530759
0.472000, 842900434.666719
0.473000, 843107430.802678
0.474000, 843299636.365247
0.475000, 843491841.927815
0.476000, 843669258.027089
0.477000, 843846674.126363
0.478000, 844009301.798968
0.479000, 844171929.471573
0.480000, 844319769.677813
0.481000, 844467609.884053
0.482000, 844600663.505292
0.483000, 844733717.126531
0.484000, 844851984.962806
0.485000, 844970252.799083
0.486000, 845073735.566963
0.487000, 845177218.334844
0.488000, 845265916.665515
0.489000, 845354614.996186
0.490000, 845428529.433775
0.491000, 845502443.871364
0.492000, 845561574.871508
0.493000, 845620705.871652
0.494000, 845665053.800297
0.495000, 845709401.728943
0.496000, 845738966.861389
0.497000, 845768531.993836
0.498000, 845783314.514016
0.499000, 845798097.034196
0.500000, 845798097.034196
0.501000, 845798097.034196
0.502000, 845783314.514016
0.503000, 845768531.993836
0.504000, 845738966.861389
0.505000, 845709401.728943
0.506000, 845665053.800297
0.507000, 845620705.871652
0.508000, 845561574.871508
0.509000, 845502443.871364
0.510000, 845428529.433775
0.511000, 845354614.996186
0.512000, 845265916.665515
0.513000, 845177218.334844
0.514000, 845073735.566963
0.515000, 844970252.799083
0.516000, 844851984.962806
0.517000, 844733717.126531
0.518000, 844600663.505292
0.519000, 844467609.884053
0.520000, 844319769.677813
0.521000, 844171929.471573
0.522000, 844009301.798968
0.523000, 843846674.126363
0.524000, 843669258.027089
0.525000, 843491841.927815
0.526000, 843299636.365247
0.527000, 843107430.802678
0.528000, 842900434.666719
0.529000, 842693438.530759
0.530000, 842471650.640927
0.531000, 842249862.751096
0.532000, 842013281.859842
0.533000, 841776700.968588
0.534000, 841525325.764841
0.535000, 841273950.561094
0.536000, 841007779.674040
0.537000, 840741608.786985
0.538000, 840460640.790067
0.539000, 840179672.793149
0.540000, 839883906.208301
0.541000, 839588139.623453
0.542000, 839277572.925554
0.543000, 838967006.227655
0.544000, 838641637.849206
0.545000, 838316269.470757
0.546000, 837976097.806782
0.547000, 837635926.142806
0.548000, 837280949.555968
0.549000, 836925972.969130
0.550000, 836556189.795068
0.551000, 836186406.621007
0.552000, 835801815.173890
0.553000, 835417223.726773
0.554000, 835017822.305061
0.555000, 834618420.883349
0.556000, 834204207.775770
0.557000, 833789994.668192
0.558000, 833360968.159929
0.559000, 832931941.651667
0.560000, 832488100.030747
0.561000, 832044258.409828
0.562000, 831585599.973721
0.563000, 831126941.537614
0.564000, 830653464.600026
0.565000, 830179987.662438
0.566000, 829691690.560311
0.567000, 829203393.458184
0.568000, 828700274.558889
0.569000, 828197155.659595
0.570000, 827679213.368319
0.571000, 827161271.077044
0.572000, 826628503.844367
0.573000, 826095736.611691
0.574000, 825548142.941355
0.575000, 825000549.271018
0.576000, 824438127.727875
0.577000, 823875706.184731
0.578000, 823298455.402879
0.579000, 822721204.621026
0.580000, 822129123.312122
0.581000, 821537042.003217
0.582000, 820930128.964965
0.583000, 820323215.926712
0.584000, 819701470.051526
0.585000, 819079724.176340
0.586000, 818443144.460175
0.587000, 817806564.744010
0.588000, 817155150.295359
0.589000, 816503735.846707
0.590000, 815837485.895761
0.591000, 815171235.944815
0.592000, 814490149.852782
0.593000, 813809063.760750
0.594000, 813113141.029333
0.595000, 812417218.297917
0.596000, 811706458.578938
0.597000, 810995698.859958
0.598000, 810270101.965135
0.599000, 809544505.070311
0.600000, 808804070.981176
0.601000, 808063636.892041
0.602000, 807308365.770005
0.603000, 806553094.647970
0.604000, 805782986.844520
0.605000, 805012879.041071
0.606000, 804227935.108100
0.607000, 803442991.175129
0.608000, 802643211.875398
0.609000, 801843432.575666
0.610000, 801028818.893388
0.611000, 800214205.211109
0.612000, 799384758.362655
0.613000, 798555311.514202
0.614000, 797711032.958931
0.615000, 796866754.403661
0.616000, 796007645.854849
0.617000, 795148537.306038
0.618000, 794274600.741927
0.619000, 793400664.177817
0.620000, 792511901.852765
0.621000, 791623139.527713
0.622000, 790719553.983440
0.623000, 789815968.439167
0.624000, 788897562.516103
0.625000, 787979156.593039
0.626000, 787045933.441761
0.627000, 786112710.290482
0.628000, 785164673.383232
0.629000, 784216636.475983
0.630000, 783253789.618282
0.631000, 782290942.760581
0.632000, 781313290.102905
0.633000, 780335637.445229
0.634000, 779343183.494769
0.635000, 778350729.544308
0.636000, 777343479.176793
0.637000, 776336228.809279
0.638000, 775314187.280868
0.639000, 774292145.752458
0.640000, 773255318.711688
0.641000, 772218491.670918
0.642000, 771166885.170706
0.643000, 770115278.670494
0.644000, 769048899.180191
0.645000, 767982519.689887
0.646000, 766901374.107376
0.647000, 765820228.524865
0.648000, 764724324.188703
0.649000, 763628419.852540
0.650000, 762517764.554127
0.651000, 761407109.255715
0.652000, 760281711.251507
0.653000, 759156313.247300
0.654000, 758016181.271034
0.655000, 756876049.294769
0.656000, 755721192.569721
0.657000, 754566335.844673
0.658000, 753396764.095922
0.659000, 752227192.347171
0.660000, 751042915.813883
0.661000, 749858639.280595
0.662000, 748659668.728310
0.663000, 747460698.176024
0.664000, 746247044.908941
0.665000, 745033391.641858
0.666000, 743805067.515124
0.667000, 742576743.388390
0.668000, 741333760.820376
0.669000, 740090778.252361
0.670000, 738833150.236924
0.671000, 737575522.221486
0.672000, 736303262.340215
0.673000, 735031002.458943
0.674000, 733744124.893382
0.675000, 732457247.327820
0.676000, 731155766.871661
0.677000, 729854286.415502
0.678000, 728538218.486747
0.679000, 727222150.557992
0.680000, 725891511.211076
0.681000, 724560871.864160
0.682000, 723215677.802029
0.683000, 721870483.739898
0.684000, 720510752.326044
0.685000, 719151020.912190
0.686000, 717776770.182627
0.687000, 716402519.453064
0.688000, 715013768.128252
0.689000, 713625016.803439
0.690000, 712221784.300140
0.691000, 710818551.796841
0.692000, 709400858.239912
0.693000, 707983164.682983
0.694000, 706551030.917092
0.695000, 705118897.151202
0.696000, 703672344.752471
0.697000, 702225792.353741
0.698000, 700764843.641304
0.699000, 699303894.928867
0.700000, 697828572.976340
0.701000, 696353251.023812
0.702000, 694863579.670670
0.703000, 693373908.317528
0.704000, 691869912.180394
0.705000, 690365916.043260
0.706000, 688847620.527079
0.707000, 687329325.010897
0.708000, 685796756.320014
0.709000, 684264187.629130
0.710000, 682717372.778250
0.711000, 681170557.927370
0.712000, 679609524.752410
0.713000, 678048491.577449
0.714000, 676473268.746260
0.715000, 674898045.915071
0.716000, 673308662.938042
0.717000, 671719279.961013
0.718000, 670115767.201542
0.719000, 668512254.442072
0.720000, 666894643.126905
0.721000, 665277031.811738
0.722000, 663645354.041166
0.723000, 662013676.270594
0.724000, 660367965.028507
0.725000, 658722253.786420
0.726000, 657062542.950217
0.727000, 655402832.114014
0.728000, 653729156.464358
0.729000, 652055480.814701
0.730000, 650367876.045115
0.731000, 648680271.275528
0.732000, 646978774.001834
0.733000, 645277276.728139
0.734000, 643561924.497730
0.735000, 641846572.267321
0.736000, 640117403.568266
0.737000, 638388234.869210
0.738000, 636645289.139179
0.739000, 634902343.409147
0.740000, 633145661.044165
0.741000, 631388978.679184
0.742000, 629618601.042201
0.743000, 627848223.405219
0.744000, 626064192.834494
0.745000, 624280162.263768
0.746000, 622482522.081059
0.747000, 620684881.898351
0.748000, 618873676.416920
0.749000, 617062470.935489
0.750000, 615237745.467902
0.751000, 613413020.000315
0.752000, 611574820.866043
0.753000, 609736621.731772
0.754000, 607884996.264590
0.755000, 606033370.797409
0.756000, 604168367.352580
0.757000, 602303363.907751
0.758000, 600425031.869003
0.759000, 598546699.830255
0.760000, 596655089.616540
0.761000, 594763479.402825
0.762000, 592858642.474859
0.763000, 590953805.546892
0.764000, 589035794.413471
0.765000, 587117783.280051
0.766000, 585186651.504145
0.767000, 583255519.728240
0.768000, 581311321.932855
0.769000, 579367124.137469
0.770000, 577409916.011272
0.771000, 575452707.885076
0.772000, 573482546.187795
0.773000, 571512384.490514
0.774000, 569529327.058091
0.775000, 567546269.625668
0.776000, 565550375.375173
0.777000, 563554481.124678
0.778000, 561545810.058980
0.779000, 559537138.993281
0.780000, 557515752.205469
0.781000, 555494365.417657
0.782000, 553460325.095216
0.783000, 551426284.772774
0.784000, 549379654.201503
0.785000, 547333023.630231
0.786000, 545273867.197908
0.787000, 543214710.765585
0.788000, 541143093.965379
0.789000, 539071477.165173
0.790000, 536987466.598789
0.791000, 534903456.032405
0.792000, 532807119.412972
0.793000, 530710782.793539
0.794000, 528602188.948231
0.795000, 526493595.102923
0.796000, 524372813.975317
0.797000, 522252032.847710
0.798000, 520119135.499869
0.799000, 517986238.152028
0.800000, 515841296.766323
0.801000, 513696355.380618
0.802000, 511539443.261272
0.803000, 509382531.141925
0.804000, 507213722.716280
0.805000, 505044914.290636
0.806000, 502864285.110154
0.807000, 500683655.929672
0.808000, 498491282.670651
0.809000, 496298909.411630
0.810000, 494094869.875642
0.811000, 491890830.339655
0.812000, 489675203.453712
0.813000, 487459576.567768
0.814000, 485232442.384192
0.815000, 483005308.200617
0.816000, 480766747.896645
0.817000, 478528187.592673
0.818000, 476278283.469764
0.819000, 474028379.346856
0.820000, 471767214.829724
0.821000, 469506050.312592
0.822000, 467233709.947944
0.823000, 464961369.583297
0.824000, 462677939.038295
0.825000, 460394508.493294
0.826000, 458100074.553723
0.827000, 455805640.614151
0.828000, 453500291.182301
0.829000, 451194941.750451
0.830000, 448878765.842713
0.831000, 446562589.934975
0.832000, 444235677.679147
0.833000, 441908765.423319
0.834000, 439571208.055625
0.835000, 437233650.687932
0.836000, 434885540.549750
0.837000, 432537430.411569
0.838000, 430178860.945872
0.839000, 427820291.480175
0.840000, 425451357.227682
0.841000, 423082422.975189
0.842000, 420703219.570227
0.843000, 418324016.165265
0.844000, 415934640.331344
0.845000, 413545264.497422
0.846000, 411145814.042520
0.847000, 408746363.587618
0.848000, 406336937.399179
0.849000, 403927511.210739
0.850000, 401508209.250385
0.851000, 399088907.290030
0.852000, 396659830.587981
0.853000, 394230753.885931
0.854000, 391792004.535147
0.855000, 389353255.184363
0.856000, 386904936.334393
0.857000, 384456617.484424
0.858000, 381998833.334977
0.859000, 379541049.185531
0.860000, 377073904.979761
0.861000, 374606760.773990
0.862000, 372130362.791494
0.863000, 369653964.808997
0.864000, 367168420.358541
0.865000, 364682875.908085
0.866000, 362188293.320046
0.867000, 359693710.732006
0.868000, 357190199.350533
0.869000, 354686687.969060
0.870000, 352174358.143965
0.871000, 349662028.318869
0.872000, 347140991.397233
0.873000, 344619954.475598
0.874000, 342090322.793116
0.875000, 339560691.110635
0.876000, 337022577.982679
0.877000, 334484464.854724
0.878000, 331937984.567141
0.879000, 329391504.279558
0.880000, 326836772.079197
0.881000, 324282039.878837
0.882000, 321719171.963817
0.883000, 319156304.048798
0.884000, 316585417.558505
0.885000, 314014531.068212
0.886000, 311435744.073038
0.887000, 308856957.077865
0.888000, 306270388.568689
0.889000, 303683820.059514
0.890000, 301089589.936928
0.891000, 298495359.814342
0.892000, 295893588.877615
0.893000, 293291817.940889
0.894000, 290682627.876693
0.895000, 288073437.812496
0.896000, 285456951.183371
0.897000, 282840464.554246
0.898000, 280216804.786827
0.899000, 277593145.019408
0.900000, 274962436.392408
0.901000, 272331727.765408
0.902000, 269694095.397360
0.903000, 267056463.029312
0.904000, 264412032.866074
0.905000, 261767602.702836
0.906000, 259116501.504865
0.907000, 256465400.306894
0.908000, 253807755.636289
0.909000, 251150110.965683
0.910000, 248486051.172997
0.911000, 245821991.380311
0.912000, 243151645.591149
0.913000, 240481299.801987
0.914000, 237804797.903375
0.915000, 235128296.004763
0.916000, 232445768.631305
0.917000, 229763241.257846
0.918000, 227074819.777668
0.919000, 224386398.297490
0.920000, 221692214.797974
0.921000, 218998031.298458
0.922000, 216298218.571775
0.923000, 213598405.845091
0.924000, 210893097.373525
0.925000, 208187788.901959
0.926000, 205477118.843042
0.927000, 202766448.784126
0.928000, 200050551.955576
0.929000, 197334655.127026
0.930000, 194613666.991496
0.931000, 191892678.855965
0.932000, 189166735.505607
0.933000, 186440792.155249
0.934000, 183710030.296099
0.935000, 180979268.436949
0.936000, 178243825.373134
0.937000, 175508382.309319
0.938000, 172768395.927094
0.939000, 170028409.544869
0.940000, 167284018.296485
0.941000, 164539627.048101
0.942000, 161790969.935508
0.943000, 159042312.822916
0.944000, 156289529.381315
0.945000, 153536745.939715
0.946000, 150779976.220947
0.947000, 148023206.502179
0.948000, 145262591.057970
0.949000, 142501975.613762
0.950000, 139737655.478824
0.951000, 136973335.343886
0.952000, 134205452.018877
0.953000, 131437568.693867
0.954000, 128666264.128213
0.955000, 125894959.562559
0.956000, 123120376.137155
0.957000, 120345792.711751
0.958000, 117568073.221527
0.959000, 114790353.731303
0.960000, 112009641.367678
0.961000, 109228929.004052
0.962000, 106445367.337265
0.963000, 103661805.670478
0.964000, 100875538.631819
0.965000, 98089271.593159
0.966000, 95300443.457086
0.967000, 92511615.321012
0.968000, 89720370.687173
0.969000, 86929126.053333
0.970000, 84135609.828493
0.971000, 81342093.603654
0.972000, 78546450.983534
0.973000, 75750808.363414
0.974000, 72953184.814442
0.975000, 70155561.265470
0.976000, 67356102.506456
0.977000, 64556643.747442
0.978000, 61755495.731181
0.979000, 58954347.714919
0.980000, 56151656.609721
0.981000, 53348965.504523
0.982000, 50544877.675686
0.983000, 47740789.846849
0.984000, 44935451.838072
0.985000, 42130113.829294
0.986000, 39323672.344035
0.987000, 36517230.858776
0.988000, 33709832.741569
0.989000, 30902434.624362
0.990000, 28094226.842090
0.991000, 25286019.059818
0.992000, 22477148.682950
0.993000, 19668278.306082
0.994000, 16858892.489881
0.995000, 14049506.673680
0.996000, 11239752.639384
0.997000, 8429998.605087
0.998000, 5620023.621075
0.999000, 2810048.637062
1.000000, 0.000000
