0.000000, 0.000000
0.001000, 13061.509136
0.002000, 26122.760449
0.003000, 39184.011762
0.004000, 52244.489616
0.005000, 65304.967470
0.006000, 78364.156260
0.007000, 91423.345051
0.008000, 104480.729222
0.009000, 117538.113393
0.010000, 130593.177463
0.011000, 143648.241533
0.012000, 156700.470109
0.013000, 169752.698686
0.014000, 182801.576489
0.015000, 195850.454293
0.016000, 208895.466176
0.017000, 221940.478059
0.018000, 234981.109027
0.019000, 248021.739996
0.020000, 261057.475227
0.021000, 274093.210458
0.022000, 287123.535324
0.023000, 300153.860190
0.024000, 313178.260276
0.025000, 326202.660362
0.026000, 339220.621487
0.027000, 352238.582611
0.028000, 365249.590848
0.029000, 378260.599084
0.030000, 391264.140781
0.031000, 404267.682477
0.032000, 417263.244275
0.033000, 430258.806073
0.034000, 443245.874931
0.035000, 456232.943789
0.036000, 469211.006999
0.037000, 482189.070209
0.038000, 495157.615419
0.039000, 508126.160630
0.040000, 521084.675865
0.041000, 534043.191100
0.042000, 546991.164780
0.043000, 559939.138460
0.044000, 572876.059421
0.045000, 585812.980381
0.046000, 598738.337895
0.047000, 611663.695409
0.048000, 624576.979205
0.049000, 637490.263002
0.050000, 650390.963286
0.051000, 663291.663570
0.052000, 676179.271045
0.053000, 689066.878519
0.054000, 701940.884404
0.055000, 714814.890288
0.056000, 727674.786339
0.057000, 740534.682389
0.058000, 753379.960919
0.059000, 766225.239449
0.060000, 779055.393348
0.061000, 791885.547248
0.062000, 804700.070005
0.063000, 817514.592762
0.064000, 830312.978480
0.065000, 843111.364199
0.066000, 855893.107621
0.067000, 868674.851044
0.068000, 881439.447568
0.069000, 894204.044092
0.070000, 906950.989794
0.071000, 919697.935496
0.072000, 932426.727149
0.073000, 945155.518801
0.074000, 957865.653892
0.075000, 970575.788984
0.076000, 983266.765740
0.077000, 995957.742496
0.078000, 1008629.059900
0.079000, 1021300.377303
0.080000, 1033951.535111
0.081000, 1046602.692919
0.082000, 1059233.191686
0.083000, 1071863.690453
0.084000, 1084473.031548
0.085000, 1097082.372644
0.086000, 1109670.058272
0.087000, 1122257.743901
0.088000, 1134823.277122
0.089000, 1147388.810344
0.090000, 1159931.695093
0.091000, 1172474.579841
0.092000, 1184994.320946
0.093000, 1197514.062050
0.094000, 1210010.165252
0.095000, 1222506.268454
0.096000, 1234978.240429
0.097000, 1247450.212404
0.098000, 1259897.560779
0.099000, 1272344.909155
0.100000, 1284767.142532
0.101000, 1297189.375908
0.102000, 1309586.003877
0.103000, 1321982.631846
0.104000, 1334353.165009
0.105000, 1346723.698172
0.106000, 1359067.648163
0.107000, 1371411.598154
0.108000, 1383728.477653
0.109000, 1396045.357153
0.110000, 1408334.679913
0.111000, 1420624.002672
0.112000, 1432885.283530
0.113000, 1445146.564388
0.114000, 1457379.319291
0.115000, 1469612.074193
0.116000, 1481815.820211
0.117000, 1494019.566229
0.118000, 1506193.821579
0.119000, 1518368.076930
0.120000, 1530512.360995
0.121000, 1542656.645060
0.122000, 1554770.478404
0.123000, 1566884.311747
0.124000, 1578967.216136
0.125000, 1591050.120524
0.126000, 1603101.618946
0.127000, 1615153.117367
0.128000, 1627172.734049
0.129000, 1639192.350730
0.130000, 1651179.611158
0.131000, 1663166.871586
0.132000, 1675121.302524
0.133000, 1687075.733462
0.134000, 1698996.862969
0.135000, 1710917.992476
0.136000, 1722805.349927
0.137000, 1734692.707378
0.138000, 1746545.823480
0.139000, 1758398.939582
0.140000, 1770217.346394
0.141000, 1782035.753207
0.142000, 1793818.984159
0.143000, 1805602.215111
0.144000, 1817349.805022
0.145000, 1829097.394932
0.146000, 1840808.880026
0.147000, 1852520.365119
0.148000, 1864195.283047
0.149000, 1875870.200975
0.150000, 1887508.090831
0.151000, 1899145.980687
0.152000, 1910746.383027
0.153000, 1922346.785367
0.154000, 1933909.242228
0.155000, 1945471.699088
0.156000, 1956995.754003
0.157000, 1968519.808917
0.158000, 1980005.006936
0.159000, 1991490.204955
0.160000, 2002936.092663
0.161000, 2014381.980370
0.162000, 2025788.105902
0.163000, 2037194.231434
0.164000, 2048560.144495
0.165000, 2059926.057557
0.166000, 2071251.309442
0.167000, 2082576.561327
0.168000, 2093860.704933
0.169000, 2105144.848540
0.170000, 2116387.438389
0.171000, 2127630.028238
0.172000, 2138830.620493
0.173000, 2150031.212747
0.174000, 2161189.365226
0.175000, 2172347.517705
0.176000, 2183462.789903
0.177000, 2194578.062102
0.178000, 2205650.015209
0.179000, 2216721.968315
0.180000, 2227750.165228
0.181000, 2238778.362141
0.182000, 2249762.367485
0.183000, 2260746.372830
0.184000, 2271685.752977
0.185000, 2282625.133123
0.186000, 2293519.456204
0.187000, 2304413.779285
0.188000, 2315262.615211
0.189000, 2326111.451136
0.190000, 2336914.371613
0.191000, 2347717.292091
0.192000, 2358473.870638
0.193000, 2369230.449186
0.194000, 2379940.261153
0.195000, 2390650.073120
0.196000, 2401312.695702
0.197000, 2411975.318283
0.198000, 2422590.330536
0.199000, 2433205.342790
0.200000, 2443772.325653
0.201000, 2454339.308516
0.202000, 2464857.844823
0.203000, 2475376.381130
0.204000, 2485846.055626
0.205000, 2496315.730122
0.206000, 2506736.129482
0.207000, 2517156.528843
0.208000, 2527527.241689
0.209000, 2537897.954535
0.210000, 2548218.571448
0.211000, 2558539.188361
0.212000, 2568809.301901
0.213000, 2579079.415441
0.214000, 2589298.620161
0.215000, 2599517.824881
0.216000, 2609685.717345
0.217000, 2619853.609809
0.218000, 2629969.788606
0.219000, 2640085.967403
0.220000, 2650150.033162
0.221000, 2660214.098922
0.222000, 2670225.654334
0.223000, 2680237.209745
0.224000, 2690195.859568
0.225000, 2700154.509391
0.226000, 2710059.860476
0.227000, 2719965.211561
0.228000, 2729816.872862
0.229000, 2739668.534162
0.230000, 2749466.116751
0.231000, 2759263.699340
0.232000, 2769006.816426
0.233000, 2778749.933512
0.234000, 2788438.200453
0.235000, 2798126.467394
0.236000, 2807759.501714
0.237000, 2817392.536035
0.238000, 2826969.957439
0.239000, 2836547.378842
0.240000, 2846068.809229
0.241000, 2855590.239616
0.242000, 2865055.303097
0.243000, 2874520.366577
0.244000, 2883928.689486
0.245000, 2893337.012396
0.246000, 2902688.223309
0.247000, 2912039.434223
0.248000, 2921333.163972
0.249000, 2930626.893720
0.250000, 2939862.775403
0.251000, 2949098.657085
0.252000, 2958276.326085
0.253000, 2967453.995085
0.254000, 2976573.089084
0.255000, 2985692.183083
0.256000, 2994752.342074
0.257000, 3003812.501065
0.258000, 3012813.367369
0.259000, 3021814.233673
0.260000, 3030755.451951
0.261000, 3039696.670229
0.262000, 3048577.887497
0.263000, 3057459.104766
0.264000, 3066279.970409
0.265000, 3075100.836052
0.266000, 3083861.001837
0.267000, 3092621.167623
0.268000, 3101320.287714
0.269000, 3110019.407805
0.270000, 3118657.138776
0.271000, 3127294.869746
0.272000, 3135870.870594
0.273000, 3144446.871441
0.274000, 3152960.803599
0.275000, 3161474.735758
0.276000, 3169926.263111
0.277000, 3178377.790465
0.278000, 3186766.579362
0.279000, 3195155.368259
0.280000, 3203481.087525
0.281000, 3211806.806790
0.282000, 3220069.127739
0.283000, 3228331.448688
0.284000, 3236530.045138
0.285000, 3244728.641588
0.286000, 3252863.189873
0.287000, 3260997.738158
0.288000, 3269067.917139
0.289000, 3277138.096120
0.290000, 3285143.587201
0.291000, 3293149.078282
0.292000, 3301089.565419
0.293000, 3309030.052557
0.294000, 3316905.222274
0.295000, 3324780.391991
0.296000, 3332589.933390
0.297000, 3340399.474788
0.298000, 3348143.079561
0.299000, 3355886.684334
0.300000, 3363564.046777
0.301000, 3371241.409220
0.302000, 3378852.226243
0.303000, 3386463.043267
0.304000, 3394007.014410
0.305000, 3401550.985552
0.306000, 3409027.812990
0.307000, 3416504.640428
0.308000, 3423914.028990
0.309000, 3431323.417552
0.310000, 3438665.074727
0.311000, 3446006.731902
0.312000, 3453280.367854
0.313000, 3460554.003807
0.314000, 3467759.331386
0.315000, 3474964.658965
0.316000, 3482101.393716
0.317000, 3489238.128468
0.318000, 3496305.988647
0.319000, 3503373.848825
0.320000, 3510372.555403
0.321000, 3517371.261981
0.322000, 3524300.538661
0.323000, 3531229.815342
0.324000, 3538089.388569
0.325000, 3544948.961796
0.326000, 3551738.560766
0.327000, 3558528.159736
0.328000, 3565247.516406
0.329000, 3571966.873077
0.330000, 3578615.722179
0.331000, 3585264.571282
0.332000, 3591842.650331
0.333000, 3598420.729380
0.334000, 3604927.778685
0.335000, 3611434.827990
0.336000, 3617870.590663
0.337000, 3624306.353336
0.338000, 3630670.575305
0.339000, 3637034.797274
0.340000, 3643327.227289
0.341000, 3649619.657305
0.342000, 3655840.046953
0.343000, 3662060.436601
0.344000, 3668208.540311
0.345000, 3674356.644022
0.346000, 3680432.219078
0.347000, 3686507.794134
0.348000, 3692510.600682
0.349000, 3698513.407230
0.350000, 3704443.208290
0.351000, 3710373.009350
0.352000, 3716229.570824
0.353000, 3722086.132297
0.354000, 3727869.222977
0.355000, 3733652.313657
0.356000, 3739361.705236
0.357000, 3745071.096816
0.358000, 3750706.563898
0.359000, 3756342.030981
0.360000, 3761903.351087
0.361000, 3767464.671194
0.362000, 3772951.624774
0.363000, 3778438.578353
0.364000, 3783850.948790
0.365000, 3789263.319227
0.366000, 3794600.892850
0.367000, 3799938.466473
0.368000, 3805201.032564
0.369000, 3810463.598655
0.370000, 3815650.949457
0.371000, 3820838.300259
0.372000, 3825950.230984
0.373000, 3831062.161709
0.374000, 3836098.470547
0.375000, 3841134.779385
0.376000, 3846095.267511
0.377000, 3851055.755636
0.378000, 3855940.227219
0.379000, 3860824.698801
0.380000, 3865632.961009
0.381000, 3870441.223217
0.382000, 3875173.086229
0.383000, 3879904.949241
0.384000, 3884560.226251
0.385000, 3889215.503261
0.386000, 3893794.010487
0.387000, 3898372.517712
0.388000, 3902874.074402
0.389000, 3907375.631092
0.390000, 3911800.059532
0.391000, 3916224.487972
0.392000, 3920571.613493
0.393000, 3924918.739015
0.394000, 3929188.390001
0.395000, 3933458.040986
0.396000, 3937650.048878
0.397000, 3941842.056770
0.398000, 3945956.256074
0.399000, 3950070.455378
0.400000, 3954106.683673
0.401000, 3958142.911969
0.402000, 3962101.009911
0.403000, 3966059.107854
0.404000, 3969938.919186
0.405000, 3973818.730517
0.406000, 3977620.102069
0.407000, 3981421.473621
0.408000, 3985144.255322
0.409000, 3988867.037023
0.410000, 3992511.081903
0.411000, 3996155.126783
0.412000, 3999720.290983
0.413000, 4003285.455182
0.414000, 4006771.597954
0.415000, 4010257.740726
0.416000, 4013664.724444
0.417000, 4017071.708161
0.418000, 4020399.398322
0.419000, 4023727.088483
0.420000, 4026975.353717
0.421000, 4030223.618950
0.422000, 4033392.331019
0.423000, 4036561.043089
0.424000, 4039650.076899
0.425000, 4042739.110709
0.426000, 4045748.344311
0.427000, 4048757.577912
0.428000, 4051686.892505
0.429000, 4054616.207098
0.430000, 4057465.487039
0.431000, 4060314.766979
0.432000, 4063083.899782
0.433000, 4065853.032585
0.434000, 4068541.908931
0.435000, 4071230.785276
0.436000, 4073839.299011
0.437000, 4076447.812746
0.438000, 4078975.860891
0.439000, 4081503.909036
0.440000, 4083951.391789
0.441000, 4086398.874541
0.442000, 4088765.695278
0.443000, 4091132.516015
0.444000, 4093418.581299
0.445000, 4095704.646583
0.446000, 4097909.866164
0.447000, 4100115.085744
0.448000, 4102239.372563
0.449000, 4104363.659382
0.450000, 4106406.929577
0.451000, 4108450.199771
0.452000, 4110412.372676
0.453000, 4112374.545580
0.454000, 4114255.543732
0.455000, 4116136.541884
0.456000, 4117936.291025
0.457000, 4119736.040166
0.458000, 4121454.469244
0.459000, 4123172.898322
0.460000, 4124809.939497
0.461000, 4126446.980673
0.462000, 4128002.569317
0.463000, 4129558.157962
0.464000, 4131032.232664
0.465000, 4132506.307366
0.466000, 4133898.809932
0.467000, 4135291.312497
0.468000, 4136602.187953
0.469000, 4137913.063408
0.470000, 4139142.260002
0.471000, 4140371.456597
0.472000, 4141518.925803
0.473000, 4142666.395009
0.474000, 4143732.091528
0.475000, 4144797.788046
0.476000, 4145781.669805
0.477000, 4146765.551563
0.478000, 4147667.579720
0.479000, 4148569.607877
0.480000, 4149389.746821
0.481000, 4150209.885766
0.482000, 4150948.103120
0.483000, 4151686.320475
0.484000, 4152342.587096
0.485000, 4152998.853717
0.486000, 4153573.143696
0.487000, 4154147.433675
0.488000, 4154639.724340
0.489000, 4155132.015006
0.490000, 4155542.286922
0.491000, 4155952.558839
0.492000, 4156280.795810
0.493000, 4156609.032781
0.494000, 4156855.221849
0.495000, 4157101.410916
0.496000, 4157265.542361
0.497000, 4157429.673806
0.498000, 4157511.741148
0.499000, 4157593.808491
0.500000, 4157593.808491
0.501000, 4157593.808491
0.502000, 4157511.741148
0.503000, 4157429.673806
0.504000, 4157265.542361
0.505000, 4157101.410916
0.506000, 4156855.221849
0.507000, 4156609.032781
0.508000, 4156280.795810
0.509000, 4155952.558839
0.510000, 4155542.286922
0.511000, 4155132.015006
0.512000, 4154639.724340
0.513000, 4154147.433675
0.514000, 4153573.143696
0.515000, 4152998.853717
0.516000, 4152342.587096
0.517000, 4151686.320475
0.518000, 4150948.103120
0.519000, 4150209.885766
0.520000, 4149389.746821
0.521000, 4148569.607877
0.522000, 4147667.579720
0.523000, 4146765.551563
0.524000, 4145781.669805
0.525000, 4144797.788046
0.526000, 4143732.091528
0.527000, 4142666.395009
0.528000, 4141518.925803
0.529000, 4140371.456597
0.530000, 4139142.260002
0.531000, 4137913.063408
0.532000, 4136602.187953
0.533000, 4135291.312497
0.534000, 4133898.809932
0.535000, 4132506.307366
0.536000, 4131032.232664
0.537000, 4129558.157962
0.538000, 4128002.569317
0.539000, 4126446.980673
0.540000, 4124809.939497
0.541000, 4123172.898322
0.542000, 4121454.469244
0.543000, 4119736.040166
0.544000, 4117936.291025
0.545000, 4116136.541884
0.546000, 4114255.543732
0.547000, 4112374.545580
0.548000, 4110412.372676
0.549000, 4108450.199771
0.550000, 4106406.929577
0.551000, 4104363.659382
0.552000, 4102239.372563
0.553000, 4100115.085744
0.554000, 4097909.866164
0.555000, 4095704.646583
0.556000, 4093418.581299
0.557000, 4091132.516015
0.558000, 4088765.695278
0.559000, 4086398.874541
0.560000, 4083951.391789
0.561000, 4081503.909036
0.562000, 4078975.860891
0.563000, 4076447.812746
0.564000, 4073839.299011
0.565000, 4071230.785276
0.566000, 4068541.908931
0.567000, 4065853.032585
0.568000, 4063083.899782
0.569000, 4060314.766979
0.570000, 4057465.487039
0.571000, 4054616.207098
0.572000, 4051686.892505
0.573000, 4048757.577912
0.574000, 4045748.344311
0.575000, 4042739.110709
0.576000, 4039650.076899
0.577000, 4036561.043089
0.578000, 4033392.331019
0.579000, 4030223.618950
0.580000, 4026975.353717
0.581000, 4023727.088483
0.582000, 4020399.398322
0.583000, 4017071.708161
0.584000, 4013664.724444
0.585000, 4010257.740726
0.586000, 4006771.597954
0.587000, 4003285.455182
0.588000, 3999720.290983
0.589000, 3996155.126783
0.590000, 3992511.081903
0.591000, 3988867.037023
0.592000, 3985144.255322
0.593000, 3981421.473621
0.594000, 3977620.102069
0.595000, 3973818.730517
0.596000, 3969938.919186
0.597000, 3966059.107854
0.598000, 3962101.009911
0.599000, 3958142.911969
0.600000, 3954106.683673
0.601000, 3950070.455378
0.602000, 3945956.256074
0.603000, 3941842.056770
0.604000, 3937650.048878
0.605000, 3933458.040986
0.606000, 3929188.390001
0.607000, 3924918.739015
0.608000, 3920571.613493
0.609000, 3916224.487972
0.610000, 3911800.059532
0.611000, 3907375.631092
0.612000, 3902874.074402
0.613000, 3898372.517712
0.614000, 3893794.010487
0.615000, 3889215.503261
0.616000, 3884560.226251
0.617000, 3879904.949241
0.618000, 3875173.086229
0.619000, 3870441.223217
0.620000, 3865632.961009
0.621000, 3860824.698801
0.622000, 3855940.227219
0.623000, 3851055.755636
0.624000, 3846095.267511
0.625000, 3841134.779385
0.626000, 3836098.470547
0.627000, 3831062.161709
0.628000, 3825950.230984
0.629000, 3820838.300259
0.630000, 3815650.949457
0.631000, 3810463.598655
0.632000, 3805201.032564
0.633000, 3799938.466473
0.634000, 3794600.892850
0.635000, 3789263.319227
0.636000, 3783850.948790
0.637000, 3778438.578353
0.638000, 3772951.624774
0.639000, 3767464.671194
0.640000, 3761903.351087
0.641000, 3756342.030981
0.642000, 3750706.563898
0.643000, 3745071.096816
0.644000, 3739361.705236
0.645000, 3733652.313657
0.646000, 3727869.222977
0.647000, 3722086.132297
0.648000, 3716229.570824
0.649000, 3710373.009350
0.650000, 3704443.208290
0.651000, 3698513.407230
0.652000, 3692510.600682
0.653000, 3686507.794134
0.654000, 3680432.219078
0.655000, 3674356.644022
0.656000, 3668208.540311
0.657000, 3662060.436601
0.658000, 3655840.046953
0.659000, 3649619.657305
0.660000, 3643327.227289
0.661000, 3637034.797274
0.662000, 3630670.575305
0.663000, 3624306.353336
0.664000, 3617870.590663
0.665000, 3611434.827990
0.666000, 3604927.778685
0.667000, 3598420.729380
0.668000, 3591842.650331
0.669000, 3585264.571282
0.670000, 3578615.722179
0.671000, 3571966.873077
0.672000, 3565247.516406
0.673000, 3558528.159736
0.674000, 3551738.560766
0.675000, 3544948.961796
0.676000, 3538089.388569
0.677000, 3531229.815342
0.678000, 3524300.538661
0.679000, 3517371.261981
0.680000, 3510372.555403
0.681000, 3503373.848825
0.682000, 3496305.988647
0.683000, 3489238.128468
0.684000, 3482101.393716
0.685000, 3474964.658965
0.686000, 3467759.331386
0.687000, 3460554.003807
0.688000, 3453280.367854
0.689000, 3446006.731902
0.690000, 3438665.074727
0.691000, 3431323.417552
0.692000, 3423914.028990
0.693000, 3416504.640428
0.694000, 3409027.812990
0.695000, 3401550.985552
0.696000, 3394007.014410
0.697000, 3386463.043267
0.698000, 3378852.226243
0.699000, 3371241.409220
0.700000, 3363564.046777
0.701000, 3355886.684334
0.702000, 3348143.079561
0.703000, 3340399.474788
0.704000, 3332589.933390
0.705000, 3324780.391991
0.706000, 3316905.222274
0.707000, 3309030.052557
0.708000, 3301089.565419
0.709000, 3293149.078282
0.710000, 3285143.587201
0.711000, 3277138.096120
0.712000, 3269067.917139
0.713000, 3260997.738158
0.714000, 3252863.189873
0.715000, 3244728.641588
0.716000, 3236530.045138
0.717000, 3228331.448688
0.718000, 3220069.127739
0.719000, 3211806.806790
0.720000, 3203481.087525
0.721000, 3195155.368259
0.722000, 3186766.579362
0.723000, 3178377.790465
0.724000, 3169926.263111
0.725000, 3161474.735758
0.726000, 3152960.803599
0.727000, 3144446.871441
0.728000, 3135870.870594
0.729000, 3127294.869746
0.730000, 3118657.138776
0.731000, 3110019.407805
0.732000, 3101320.287714
0.733000, 3092621.167623
0.734000, 3083861.001837
0.735000, 3075100.836052
0.736000, 3066279.970409
0.737000, 3057459.104766
0.738000, 3048577.887497
0.739000, 3039696.670229
0.740000, 3030755.451951
0.741000, 3021814.233673
0.742000, 3012813.367369
0.743000, 3003812.501065
0.744000, 2994752.342074
0.745000, 2985692.183083
0.746000, 2976573.089084
0.747000, 2967453.995085
0.748000, 2958276.326085
0.749000, 2949098.657085
0.750000, 2939862.775403
0.751000, 2930626.893720
0.752000, 2921333.163972
0.753000, 2912039.434223
0.754000, 2902688.223309
0.755000, 2893337.012396
0.756000, 2883928.689486
0.757000, 2874520.366577
0.758000, 2865055.303097
0.759000, 2855590.239616
0.760000, 2846068.809229
0.761000, 2836547.378842
0.762000, 2826969.957439
0.763000, 2817392.536035
0.764000, 2807759.501714
0.765000, 2798126.467394
0.766000, 2788438.200453
0.767000, 2778749.933512
0.768000, 2769006.816426
0.769000, 2759263.699340
0.770000, 2749466.116751
0.771000, 2739668.534162
0.772000, 2729816.872862
0.773000, 2719965.211561
0.774000, 2710059.860476
0.775000, 2700154.509391
0.776000, 2690195.859568
0.777000, 2680237.209745
0.778000, 2670225.654334
0.779000, 2660214.098922
0.780000, 2650150.033162
0.781000, 2640085.967403
0.782000, 2629969.788606
0.783000, 2619853.609809
0.784000, 2609685.717345
0.785000, 2599517.824881
0.786000, 2589298.620161
0.787000, 2579079.415441
0.788000, 2568809.301901
0.789000, 2558539.188361
0.790000, 2548218.571448
0.791000, 2537897.954535
0.792000, 2527527.241689
0.793000, 2517156.528843
0.794000, 2506736.129482
0.795000, 2496315.730122
0.796000, 2485846.055626
0.797000, 2475376.381130
0.798000, 2464857.844823
0.799000, 2454339.308516
0.800000, 2443772.325653
0.801000, 2433205.342790
0.802000, 2422590.330536
0.803000, 2411975.318283
0.804000, 2401312.695702
0.805000, 2390650.073120
0.806000, 2379940.261153
0.807000, 2369230.449186
0.808000, 2358473.870638
0.809000, 2347717.292091
0.810000, 2336914.371613
0.811000, 2326111.451136
0.812000, 2315262.615211
0.813000, 2304413.779285
0.814000, 2293519.456204
0.815000, 2282625.133123
0.816000, 2271685.752977
0.817000, 2260746.372830
0.818000, 2249762.367485
0.819000, 2238778.362141
0.820000, 2227750.165228
0.821000, 2216721.968315
0.822000, 2205650.015209
0.823000, 2194578.062102
0.824000, 2183462.789903
0.825000, 2172347.517705
0.826000, 2161189.365226
0.827000, 2150031.212747
0.828000, 2138830.620493
0.829000, 2127630.028238
0.830000, 2116387.438389
0.831000, 2105144.848540
0.832000, 2093860.704933
0.833000, 2082576.561327
0.834000, 2071251.309442
0.835000, 2059926.057557
0.836000, 2048560.144495
0.837000, 2037194.231434
0.838000, 2025788.105902
0.839000, 2014381.980370
0.840000, 2002936.092663
0.841000, 1991490.204955
0.842000, 1980005.006936
0.843000, 1968519.808917
0.844000, 1956995.754003
0.845000, 1945471.699088
0.846000, 1933909.242228
0.847000, 1922346.785367
0.848000, 1910746.383027
0.849000, 1899145.980687
0.850000, 1887508.090831
0.851000, 1875870.200975
0.852000, 1864195.283047
0.853000, 1852520.365119
0.854000, 1840808.880026
0.855000, 1829097.394932
0.856000, 1817349.805022
0.857000, 1805602.215111
0.858000, 1793818.984159
0.859000, 1782035.753207
0.860000, 1770217.346394
0.861000, 1758398.939582
0.862000, 1746545.823480
0.863000, 1734692.707378
0.864000, 1722805.349927
0.865000, 1710917.992476
0.866000, 1698996.862969
0.867000, 1687075.733462
0.868000, 1675121.302524
0.869000, 1663166.871586
0.870000, 1651179.611158
0.871000, 1639192.350730
0.872000, 1627172.734049
0.873000, 1615153.117367
0.874000, 1603101.618946
0.875000, 1591050.120524
0.876000, 1578967.216136
0.877000, 1566884.311747
0.878000, 1554770.478404
0.879000, 1542656.645060
0.880000, 1530512.360995
0.881000, 1518368.076930
0.882000, 1506193.821579
0.883000, 1494019.566229
0.884000, 1481815.820211
0.885000, 1469612.074193
0.886000, 1457379.319291
0.887000, 1445146.564388
0.888000, 1432885.283530
0.889000, 1420624.002672
0.890000, 1408334.679913
0.891000, 1396045.357153
0.892000, 1383728.477653
0.893000, 1371411.598154
0.894000, 1359067.648163
0.895000, 1346723.698172
0.896000, 1334353.165009
0.897000, 1321982.631846
0.898000, 1309586.003877
0.899000, 1297189.375908
0.900000, 1284767.142532
0.901000, 1272344.909155
0.902000, 1259897.560779
0.903000, 1247450.212404
0.904000, 1234978.240429
0.905000, 1222506.268454
0.906000, 1210010.165252
0.907000, 1197514.062050
0.908000, 1184994.320946
0.909000, 1172474.579841
0.910000, 1159931.695093
0.911000, 1147388.810344
0.912000, 1134823.277122
0.913000, 1122257.743901
0.914000, 1109670.058272
0.915000, 1097082.372644
0.916000, 1084473.031548
0.917000, 1071863.690453
0.918000, 1059233.191686
0.919000, 1046602.692919
0.920000, 1033951.535111
0.921000, 1021300.377303
0.922000, 1008629.059900
0.923000, 995957.742496
0.924000, 983266.765740
0.925000, 970575.788984
0.926000, 957865.653892
0.927000, 945155.518801
0.928000, 932426.727149
0.929000, 919697.935496
0.930000, 906950.989794
0.931000, 894204.044092
0.932000, 881439.447568
0.933000, 868674.851044
0.934000, 855893.107621
0.935000, 843111.364199
0.936000, 830312.978480
0.937000, 817514.592762
0.938000, 804700.070005
0.939000, 791885.547248
0.940000, 779055.393348
0.941000, 766225.239449
0.942000, 753379.960919
0.943000, 740534.682389
0.944000, 727674.786339
0.945000, 714814.890288
0.946000, 701940.884404
0.947000, 689066.878519
0.948000, 676179.271045
0.949000, 663291.663570
0.950000, 650390.963286
0.951000, 637490.263002
0.952000, 624576.979205
0.953000, 611663.695409
0.954000, 598738.337895
0.955000, 585812.980381
0.956000, 572876.059421
0.957000, 559939.138460
0.958000, 546991.164780
0.959000, 534043.191100
0.960000, 521084.675865
0.961000, 508126.160630
0.962000, 495157.615419
0.963000, 482189.070209
0.964000, 469211.006999
0.965000, 456232.943789
0.966000, 443245.874931
0.967000, 430258.806073
0.968000, 417263.244275
0.969000, 404267.682477
0.970000, 391264.140781
0.971000, 378260.599084
0.972000, 365249.590848
0.973000, 352238.582611
0.974000, 339220.621487
0.975000, 326202.660362
0.976000, 313178.260276
0.977000, 300153.860190
0.978000, 287123.535324
0.979000, 274093.210458
0.980000, 261057.475227
0.981000, 248021.739996
0.982000, 234981.109027
0.983000, 221940.478059
0.984000, 208895.466176
0.985000, 195850.454293
0.986000, 182801.576489
0.987000, 169752.698686
0.988000, 156700.470109
0.989000, 143648.241533
0.990000, 130593.177463
0.991000, 117538.113393
0.992000, 104480.729222
0.993000, 91423.345051
0.994000, 78364.156260
0.995000, 65304.967470
0.996000, 52244.489616
0.997000, 39184.011762
0.998000, 26122.760449
0.999000, 13061.509136
1.000000, 0.000000
