0.000000, 0.000000
0.001000, 374405.971261
0.002000, 748804.552068
0.003000, 1123203.132876
0.004000, 1497579.542614
0.005000, 1871955.952352
0.006000, 2246295.411280
0.007000, 2620634.870208
0.008000, 2994922.600046
0.009000, 3369210.329883
0.010000, 3743431.554390
0.011000, 4117652.778896
0.012000, 4491792.724459
0.013000, 4865932.670021
0.014000, 5239976.566234
0.015000, 5614020.462447
0.016000, 5987953.542697
0.017000, 6361886.622947
0.018000, 6735694.124996
0.019000, 7109501.627045
0.020000, 7483168.793611
0.021000, 7856835.960178
0.022000, 8230348.039523
0.023000, 8603860.118867
0.024000, 8977202.365371
0.025000, 9350544.611874
0.026000, 9723702.286624
0.027000, 10096859.961374
0.028000, 10469818.332743
0.029000, 10842776.704112
0.030000, 11215521.048342
0.031000, 11588265.392572
0.032000, 11960780.994353
0.033000, 12333296.596135
0.034000, 12705568.749189
0.035000, 13077840.902244
0.036000, 13449854.909903
0.037000, 13821868.917563
0.038000, 14193610.093351
0.039000, 14565351.269139
0.040000, 14936804.937349
0.041000, 15308258.605559
0.042000, 15679410.101837
0.043000, 16050561.598115
0.044000, 16421396.270033
0.045000, 16792230.941952
0.046000, 17162734.149593
0.047000, 17533237.357234
0.048000, 17903394.473765
0.049000, 18273551.590295
0.050000, 18643348.002546
0.051000, 19013144.414796
0.052000, 19382565.523836
0.053000, 19751986.632877
0.054000, 20121017.854594
0.055000, 20490049.076311
0.056000, 20858675.841983
0.057000, 21227302.607656
0.058000, 21595510.364529
0.059000, 21963718.121402
0.060000, 22331492.333264
0.061000, 22699266.545126
0.062000, 23066592.692880
0.063000, 23433918.840635
0.064000, 23800782.422873
0.065000, 24167646.005111
0.066000, 24534032.538686
0.067000, 24900419.072262
0.068000, 25266314.092861
0.069000, 25632209.113461
0.070000, 25997598.176175
0.071000, 26362987.238889
0.072000, 26727855.918782
0.073000, 27092724.598675
0.074000, 27457058.491356
0.075000, 27821392.384037
0.076000, 28185177.106228
0.077000, 28548961.828418
0.078000, 28912183.018520
0.079000, 29275404.208621
0.080000, 29638047.527282
0.081000, 30000690.845943
0.082000, 30362741.976626
0.083000, 30724793.107308
0.084000, 31086237.756854
0.085000, 31447682.406399
0.086000, 31808506.305591
0.087000, 32169330.204783
0.088000, 32529519.108911
0.089000, 32889708.013038
0.090000, 33249247.702461
0.091000, 33608787.391883
0.092000, 33967663.672588
0.093000, 34326539.953293
0.094000, 34684738.657459
0.095000, 35042937.361625
0.096000, 35400444.348180
0.097000, 35757951.334736
0.098000, 36114752.489916
0.099000, 36471553.645096
0.100000, 36827634.883003
0.101000, 37183716.120909
0.102000, 37539063.384064
0.103000, 37894410.647218
0.104000, 38249009.907119
0.105000, 38603609.167019
0.106000, 38957446.424694
0.107000, 39311283.682369
0.108000, 39664344.968928
0.109000, 40017406.255488
0.110000, 40369677.632676
0.111000, 40721949.009865
0.112000, 41073416.570612
0.113000, 41424884.131359
0.114000, 41775534.000326
0.115000, 42126183.869293
0.116000, 42476002.203424
0.117000, 42825820.537554
0.118000, 43174793.526619
0.119000, 43523766.515685
0.120000, 43871880.382828
0.121000, 44219994.249971
0.122000, 44567235.252252
0.123000, 44914476.254533
0.124000, 45260830.683473
0.125000, 45607185.112412
0.126000, 45952639.294529
0.127000, 46298093.476646
0.128000, 46642633.774001
0.129000, 46987174.071356
0.130000, 47330786.882087
0.131000, 47674399.692819
0.132000, 48017071.451681
0.133000, 48359743.210544
0.134000, 48701460.389443
0.135000, 49043177.568342
0.136000, 49383926.676868
0.137000, 49724675.785394
0.138000, 50064443.371356
0.139000, 50404210.957318
0.140000, 50742983.607272
0.141000, 51081756.257227
0.142000, 51419520.597010
0.143000, 51757284.936794
0.144000, 52094027.632047
0.145000, 52430770.327301
0.146000, 52766478.084001
0.147000, 53102185.840700
0.148000, 53436845.405678
0.149000, 53771504.970655
0.150000, 54105103.132124
0.151000, 54438701.293592
0.152000, 54771224.881668
0.153000, 55103748.469743
0.154000, 55435184.356964
0.155000, 55766620.244184
0.156000, 56096955.346028
0.157000, 56427290.447872
0.158000, 56756511.723275
0.159000, 57085732.998678
0.160000, 57413827.450549
0.161000, 57741921.902419
0.162000, 58068876.578149
0.163000, 58395831.253879
0.164000, 58721633.245858
0.165000, 59047435.237836
0.166000, 59372071.683960
0.167000, 59696708.130083
0.168000, 60020166.214259
0.169000, 60343624.298435
0.170000, 60665891.251093
0.171000, 60988158.203751
0.172000, 61309221.302343
0.173000, 61630284.400936
0.174000, 61950130.970441
0.175000, 62269977.539946
0.176000, 62588594.953370
0.177000, 62907212.366794
0.178000, 63224588.045665
0.179000, 63541963.724537
0.180000, 63858085.139409
0.181000, 64174206.554281
0.182000, 64489061.225221
0.183000, 64803915.896161
0.184000, 65117491.393245
0.185000, 65431066.890330
0.186000, 65743350.834135
0.187000, 66055634.777941
0.188000, 66366614.840033
0.189000, 66677594.902124
0.190000, 66987258.805541
0.191000, 67296922.708959
0.192000, 67605258.228701
0.193000, 67913593.748443
0.194000, 68220588.711953
0.195000, 68527583.675462
0.196000, 68833225.963103
0.197000, 69138868.250744
0.198000, 69443145.796282
0.199000, 69747423.341821
0.200000, 70050324.132901
0.201000, 70353224.923981
0.202000, 70654737.002598
0.203000, 70956249.081214
0.204000, 71256360.544188
0.205000, 71556472.007161
0.206000, 71855171.006605
0.207000, 72153870.006049
0.208000, 72451144.749838
0.209000, 72748419.493627
0.210000, 73044258.245863
0.211000, 73340096.998100
0.212000, 73634488.079578
0.213000, 73928879.161055
0.214000, 74221810.949718
0.215000, 74514742.738380
0.216000, 74806203.669783
0.217000, 75097664.601186
0.218000, 75387643.168950
0.219000, 75677621.736714
0.220000, 75966106.492983
0.221000, 76254591.249253
0.222000, 76541570.805143
0.223000, 76828550.361033
0.224000, 77114013.387083
0.225000, 77399476.413133
0.226000, 77683411.639751
0.227000, 77967346.866370
0.228000, 78249743.084281
0.229000, 78532139.302192
0.230000, 78812985.362876
0.231000, 79093831.423561
0.232000, 79373116.239698
0.233000, 79652401.055836
0.234000, 79930113.601739
0.235000, 80207826.147643
0.236000, 80483955.459698
0.237000, 80760084.771753
0.238000, 81034619.948847
0.239000, 81309155.125941
0.240000, 81582085.329896
0.241000, 81855015.533852
0.242000, 82126329.989851
0.243000, 82397644.445850
0.244000, 82667332.442864
0.245000, 82937020.439878
0.246000, 83205071.331086
0.247000, 83473122.222295
0.248000, 83739525.425508
0.249000, 84005928.628722
0.250000, 84270673.626798
0.251000, 84535418.624875
0.252000, 84798494.966135
0.253000, 85061571.307396
0.254000, 85322968.606039
0.255000, 85584365.904681
0.256000, 85844073.841187
0.257000, 86103781.777693
0.258000, 86361790.099240
0.259000, 86619798.420786
0.260000, 86876096.941646
0.261000, 87132395.462507
0.262000, 87386974.064454
0.263000, 87641552.666402
0.264000, 87894401.299111
0.265000, 88147249.931819
0.266000, 88398358.613258
0.267000, 88649467.294697
0.268000, 88898826.111526
0.269000, 89148184.928355
0.270000, 89395784.036315
0.271000, 89643383.144275
0.272000, 89889212.768579
0.273000, 90135042.392883
0.274000, 90379092.828598
0.275000, 90623143.264313
0.276000, 90865404.876746
0.277000, 91107666.489180
0.278000, 91348129.714258
0.279000, 91588592.939337
0.280000, 91827248.283986
0.281000, 92065903.628634
0.282000, 92302741.671149
0.283000, 92539579.713663
0.284000, 92774591.104084
0.285000, 93009602.494505
0.286000, 93242777.954985
0.287000, 93475953.415465
0.288000, 93707283.740637
0.289000, 93938614.065809
0.290000, 94168090.123149
0.291000, 94397566.180489
0.292000, 94625178.910676
0.293000, 94852791.640862
0.294000, 95078532.058135
0.295000, 95304272.475408
0.296000, 95528131.667922
0.297000, 95751990.860437
0.298000, 95973959.990616
0.299000, 96195929.120796
0.300000, 96415999.425679
0.301000, 96636069.730563
0.302000, 96854232.522153
0.303000, 97072395.313743
0.304000, 97288641.979346
0.305000, 97504888.644949
0.306000, 97719210.647518
0.307000, 97933532.650088
0.308000, 98145921.528558
0.309000, 98358310.407028
0.310000, 98568757.776650
0.311000, 98779205.146273
0.312000, 98987702.698947
0.313000, 99196200.251620
0.314000, 99402739.756220
0.315000, 99609279.260819
0.316000, 99813852.563518
0.317000, 100018425.866218
0.318000, 100221024.890815
0.319000, 100423623.915411
0.320000, 100624240.663643
0.321000, 100824857.411876
0.322000, 101023483.963738
0.323000, 101222110.515600
0.324000, 101418739.029657
0.325000, 101615367.543715
0.326000, 101809990.257410
0.327000, 102004612.971106
0.328000, 102197222.201069
0.329000, 102389831.431033
0.330000, 102580419.573382
0.331000, 102771007.715731
0.332000, 102959567.246373
0.333000, 103148126.777015
0.334000, 103334650.251944
0.335000, 103521173.726872
0.336000, 103705653.782460
0.337000, 103890133.838048
0.338000, 104072563.191339
0.339000, 104254992.544631
0.340000, 104435363.993628
0.341000, 104615735.442625
0.342000, 104794041.866572
0.343000, 104972348.290520
0.344000, 105148582.650186
0.345000, 105324817.009853
0.346000, 105498972.347808
0.347000, 105673127.685763
0.348000, 105845197.126653
0.349000, 106017266.567543
0.350000, 106187243.318362
0.351000, 106357220.069181
0.352000, 106525097.419538
0.353000, 106692974.769895
0.354000, 106858746.092281
0.355000, 107024517.414667
0.356000, 107188176.164714
0.357000, 107351834.914761
0.358000, 107513374.631503
0.359000, 107674914.348245
0.360000, 107834328.654371
0.361000, 107993742.960497
0.362000, 108151025.562604
0.363000, 108308308.164711
0.364000, 108463452.853552
0.365000, 108618597.542393
0.366000, 108771598.193122
0.367000, 108924598.843850
0.368000, 109075449.416264
0.369000, 109226299.988677
0.370000, 109374994.527454
0.371000, 109523689.066230
0.372000, 109670221.701165
0.373000, 109816754.336099
0.374000, 109961119.282335
0.375000, 110105484.228570
0.376000, 110247675.786827
0.377000, 110389867.345083
0.378000, 110529879.901882
0.379000, 110669892.458681
0.380000, 110807720.486566
0.381000, 110945548.514452
0.382000, 111081186.572210
0.383000, 111216824.629969
0.384000, 111350267.362843
0.385000, 111483710.095717
0.386000, 111614952.235616
0.387000, 111746194.375515
0.388000, 111875230.741225
0.389000, 112004267.106935
0.390000, 112131092.604322
0.391000, 112257918.101710
0.392000, 112382527.723921
0.393000, 112507137.346132
0.394000, 112629526.173793
0.395000, 112751915.001454
0.396000, 112872078.202864
0.397000, 112992241.404274
0.398000, 113110174.235597
0.399000, 113228107.066920
0.400000, 113343804.872369
0.401000, 113459502.677818
0.402000, 113572960.889844
0.403000, 113686419.101869
0.404000, 113797633.241335
0.405000, 113908847.380801
0.406000, 114017813.057165
0.407000, 114126778.733528
0.408000, 114233491.645012
0.409000, 114340204.556495
0.410000, 114444660.490255
0.411000, 114549116.424015
0.412000, 114651311.256312
0.413000, 114753506.088608
0.414000, 114853435.784964
0.415000, 114953365.481320
0.416000, 115051026.096684
0.417000, 115148686.712047
0.418000, 115244074.390944
0.419000, 115339462.069840
0.420000, 115432573.046529
0.421000, 115525684.023218
0.422000, 115616514.621837
0.423000, 115707345.220456
0.424000, 115795891.855169
0.425000, 115884438.489882
0.426000, 115970697.665021
0.427000, 116056956.840159
0.428000, 116140925.150359
0.429000, 116224893.460559
0.430000, 116306567.590895
0.431000, 116388241.721232
0.432000, 116467618.447350
0.433000, 116546995.173468
0.434000, 116624071.361712
0.435000, 116701147.549956
0.436000, 116775920.157489
0.437000, 116850692.765023
0.438000, 116923158.839952
0.439000, 116995624.914881
0.440000, 117065781.596370
0.441000, 117135938.277859
0.442000, 117203782.796242
0.443000, 117271627.314625
0.444000, 117337156.991517
0.445000, 117402686.668409
0.446000, 117465898.916811
0.447000, 117529111.165213
0.448000, 117590003.489614
0.449000, 117650895.814015
0.450000, 117709465.810491
0.451000, 117768035.806967
0.452000, 117824281.163274
0.453000, 117880526.519582
0.454000, 117934445.015252
0.455000, 117988363.510921
0.456000, 118039953.017343
0.457000, 118091542.523764
0.458000, 118140801.004273
0.459000, 118190059.484782
0.460000, 118236984.994738
0.461000, 118283910.504693
0.462000, 118328501.191557
0.463000, 118373091.878421
0.464000, 118415345.981830
0.465000, 118457600.085239
0.466000, 118497515.937073
0.467000, 118537431.788907
0.468000, 118575007.813356
0.469000, 118612583.837806
0.470000, 118647818.551435
0.471000, 118683053.265064
0.472000, 118715945.276866
0.473000, 118748837.288668
0.474000, 118779385.300123
0.475000, 118809933.311578
0.476000, 118838136.116703
0.477000, 118866338.921828
0.478000, 118892195.407225
0.479000, 118918051.892621
0.480000, 118941561.037520
0.481000, 118965070.182418
0.482000, 118986231.058719
0.483000, 119007391.935018
0.484000, 119026203.707325
0.485000, 119045015.479631
0.486000, 119061477.405287
0.487000, 119077939.330944
0.488000, 119092050.760061
0.489000, 119106162.189179
0.490000, 119117922.564663
0.491000, 119129682.940146
0.492000, 119139091.797717
0.493000, 119148500.655288
0.494000, 119155557.623500
0.495000, 119162614.591712
0.496000, 119167319.391969
0.497000, 119172024.192226
0.498000, 119174376.638789
0.499000, 119176729.085353
0.500000, 119176729.085353
0.501000, 119176729.085353
0.502000, 119174376.638789
0.503000, 119172024.192226
0.504000, 119167319.391969
0.505000, 119162614.591712
0.506000, 119155557.623500
0.507000, 119148500.655288
0.508000, 119139091.797717
0.509000, 119129682.940146
0.510000, 119117922.564663
0.511000, 119106162.189179
0.512000, 119092050.760061
0.513000, 119077939.330944
0.514000, 119061477.405287
0.515000, 119045015.479631
0.516000, 119026203.707325
0.517000, 119007391.935018
0.518000, 118986231.058719
0.519000, 118965070.182418
0.520000, 118941561.037520
0.521000, 118918051.892621
0.522000, 118892195.407225
0.523000, 118866338.921828
0.524000, 118838136.116703
0.525000, 118809933.311578
0.526000, 118779385.300123
0.527000, 118748837.288668
0.528000, 118715945.276866
0.529000, 118683053.265064
0.530000, 118647818.551435
0.531000, 118612583.837806
0.532000, 118575007.813356
0.533000, 118537431.788907
0.534000, 118497515.937073
0.535000, 118457600.085239
0.536000, 118415345.981830
0.537000, 118373091.878421
0.538000, 118328501.191557
0.539000, 118283910.504693
0.540000, 118236984.994738
0.541000, 118190059.484782
0.542000, 118140801.004273
0.543000, 118091542.523764
0.544000, 118039953.017343
0.545000, 117988363.510921
0.546000, 117934445.015252
0.547000, 117880526.519582
0.548000, 117824281.163274
0.549000, 117768035.806967
0.550000, 117709465.810491
0.551000, 117650895.814015
0.552000, 117590003.489614
0.553000, 117529111.165213
0.554000, 117465898.916811
0.555000, 117402686.668409
0.556000, 117337156.991517
0.557000, 117271627.314625
0.558000, 117203782.796242
0.559000, 117135938.277859
0.560000, 117065781.596370
0.561000, 116995624.914881
0.562000, 116923158.839952
0.563000, 116850692.765023
0.564000, 116775920.157489
0.565000, 116701147.549956
0.566000, 116624071.361712
0.567000, 116546995.173468
0.568000, 116467618.447350
0.569000, 116388241.721232
0.570000, 116306567.590895
0.571000, 116224893.460559
0.572000, 116140925.150359
0.573000, 116056956.840159
0.574000, 115970697.665021
0.575000, 115884438.489882
0.576000, 115795891.855169
0.577000, 115707345.220456
0.578000, 115616514.621837
0.579000, 115525684.023218
0.580000, 115432573.046529
0.581000, 115339462.069840
0.582000, 115244074.390944
0.583000, 115148686.712047
0.584000, 115051026.096684
0.585000, 114953365.481320
0.586000, 114853435.784964
0.587000, 114753506.088608
0.588000, 114651311.256312
0.589000, 114549116.424015
0.590000, 114444660.490255
0.591000, 114340204.556495
0.592000, 114233491.645012
0.593000, 114126778.733528
0.594000, 114017813.057165
0.595000, 113908847.380801
0.596000, 113797633.241335
0.597000, 113686419.101869
0.598000, 113572960.889844
0.599000, 113459502.677818
0.600000, 113343804.872369
0.601000, 113228107.066920
0.602000, 113110174.235597
0.603000, 112992241.404274
0.604000, 112872078.202864
0.605000, 112751915.001454
0.606000, 112629526.173793
0.607000, 112507137.346132
0.608000, 112382527.723921
0.609000, 112257918.101710
0.610000, 112131092.604322
0.611000, 112004267.106935
0.612000, 111875230.741225
0.613000, 111746194.375515
0.614000, 111614952.235616
0.615000, 111483710.095717
0.616000, 111350267.362843
0.617000, 111216824.629969
0.618000, 111081186.572210
0.619000, 110945548.514452
0.620000, 110807720.486566
0.621000, 110669892.458681
0.622000, 110529879.901882
0.623000, 110389867.345083
0.624000, 110247675.786827
0.625000, 110105484.228570
0.626000, 109961119.282335
0.627000, 109816754.336099
0.628000, 109670221.701165
0.629000, 109523689.066230
0.630000, 109374994.527454
0.631000, 109226299.988677
0.632000, 109075449.416264
0.633000, 108924598.843850
0.634000, 108771598.193122
0.635000, 108618597.542393
0.636000, 108463452.853552
0.637000, 108308308.164711
0.638000, 108151025.562604
0.639000, 107993742.960497
0.640000, 107834328.654371
0.641000, 107674914.348245
0.642000, 107513374.631503
0.643000, 107351834.914761
0.644000, 107188176.164714
0.645000, 107024517.414667
0.646000, 106858746.092281
0.647000, 106692974.769895
0.648000, 106525097.419538
0.649000, 106357220.069181
0.650000, 106187243.318362
0.651000, 106017266.567543
0.652000, 105845197.126653
0.653000, 105673127.685763
0.654000, 105498972.347808
0.655000, 105324817.009853
0.656000, 105148582.650186
0.657000, 104972348.290520
0.658000, 104794041.866572
0.659000, 104615735.442625
0.660000, 104435363.993628
0.661000, 104254992.544631
0.662000, 104072563.191339
0.663000, 103890133.838048
0.664000, 103705653.782460
0.665000, 103521173.726872
0.666000, 103334650.251944
0.667000, 103148126.777015
0.668000, 102959567.246373
0.669000, 102771007.715731
0.670000, 102580419.573382
0.671000, 102389831.431033
0.672000, 102197222.201069
0.673000, 102004612.971106
0.674000, 101809990.257410
0.675000, 101615367.543715
0.676000, 101418739.029657
0.677000, 101222110.515600
0.678000, 101023483.963738
0.679000, 100824857.411876
0.680000, 100624240.663643
0.681000, 100423623.915411
0.682000, 100221024.890815
0.683000, 100018425.866218
0.684000, 99813852.563518
0.685000, 99609279.260819
0.686000, 99402739.756220
0.687000, 99196200.251620
0.688000, 98987702.698947
0.689000, 98779205.146273
0.690000, 98568757.776650
0.691000, 98358310.407028
0.692000, 98145921.528558
0.693000, 97933532.650088
0.694000, 97719210.647518
0.695000, 97504888.644949
0.696000, 97288641.979346
0.697000, 97072395.313743
0.698000, 96854232.522153
0.699000, 96636069.730563
0.700000, 96415999.425679
0.701000, 96195929.120796
0.702000, 95973959.990616
0.703000, 95751990.860437
0.704000, 95528131.667922
0.705000, 95304272.475408
0.706000, 95078532.058135
0.707000, 94852791.640862
0.708000, 94625178.910676
0.709000, 94397566.180489
0.710000, 94168090.123149
0.711000, 93938614.065809
0.712000, 93707283.740637
0.713000, 93475953.415465
0.714000, 93242777.954985
0.715000, 93009602.494505
0.716000, 92774591.104084
0.717000, 92539579.713663
0.718000, 92302741.671149
0.719000, 92065903.628634
0.720000, 91827248.283986
0.721000, 91588592.939337
0.722000, 91348129.714258
0.723000, 91107666.489180
0.724000, 90865404.876746
0.725000, 90623143.264313
0.726000, 90379092.828598
0.727000, 90135042.392883
0.728000, 89889212.768579
0.729000, 89643383.144275
0.730000, 89395784.036315
0.731000, 89148184.928355
0.732000, 88898826.111526
0.733000, 88649467.294697
0.734000, 88398358.613258
0.735000, 88147249.931819
0.736000, 87894401.299111
0.737000, 87641552.666402
0.738000, 87386974.064454
0.739000, 87132395.462507
0.740000, 86876096.941646
0.741000, 86619798.420786
0.742000, 86361790.099240
0.743000, 86103781.777693
0.744000, 85844073.841187
0.745000, 85584365.904681
0.746000, 85322968.606039
0.747000, 85061571.307396
0.748000, 84798494.966135
0.749000, 84535418.624875
0.750000, 84270673.626798
0.751000, 84005928.628722
0.752000, 83739525.425508
0.753000, 83473122.222295
0.754000, 83205071.331086
0.755000, 82937020.439878
0.756000, 82667332.442864
0.757000, 82397644.445850
0.758000, 82126329.989851
0.759000, 81855015.533852
0.760000, 81582085.329896
0.761000, 81309155.125941
0.762000, 81034619.948847
0.763000, 80760084.771753
0.764000, 80483955.459698
0.765000, 80207826.147643
0.766000, 79930113.601739
0.767000, 79652401.055836
0.768000, 79373116.239698
0.769000, 79093831.423561
0.770000, 78812985.362876
0.771000, 78532139.302192
0.772000, 78249743.084281
0.773000, 77967346.866370
0.774000, 77683411.639751
0.775000, 77399476.413133
0.776000, 77114013.387083
0.777000, 76828550.361033
0.778000, 76541570.805143
0.779000, 76254591.249253
0.780000, 75966106.492983
0.781000, 75677621.736714
0.782000, 75387643.168950
0.783000, 75097664.601186
0.784000, 74806203.669783
0.785000, 74514742.738380
0.786000, 74221810.949718
0.787000, 73928879.161055
0.788000, 73634488.079578
0.789000, 73340096.998100
0.790000, 73044258.245863
0.791000, 72748419.493627
0.792000, 72451144.749838
0.793000, 72153870.006049
0.794000, 71855171.006605
0.795000, 71556472.007161
0.796000, 71256360.544188
0.797000, 70956249.081214
0.798000, 70654737.002598
0.799000, 70353224.923981
0.800000, 70050324.132901
0.801000, 69747423.341821
0.802000, 69443145.796282
0.803000, 69138868.250744
0.804000, 68833225.963103
0.805000, 68527583.675462
0.806000, 68220588.711953
0.807000, 67913593.748443
0.808000, 67605258.228701
0.809000, 67296922.708959
0.810000, 66987258.805541
0.811000, 66677594.902124
0.812000, 66366614.840033
0.813000, 66055634.777941
0.814000, 65743350.834135
0.815000, 65431066.890330
0.816000, 65117491.393245
0.817000, 64803915.896161
0.818000, 64489061.225221
0.819000, 64174206.554281
0.820000, 63858085.139409
0.821000, 63541963.724537
0.822000, 63224588.045665
0.823000, 62907212.366794
0.824000, 62588594.953370
0.825000, 62269977.539946
0.826000, 61950130.970441
0.827000, 61630284.400936
0.828000, 61309221.302343
0.829000, 60988158.203751
0.830000, 60665891.251093
0.831000, 60343624.298435
0.832000, 60020166.214259
0.833000, 59696708.130083
0.834000, 59372071.683960
0.835000, 59047435.237836
0.836000, 58721633.245858
0.837000, 58395831.253879
0.838000, 58068876.578149
0.839000, 57741921.902419
0.840000, 57413827.450549
0.841000, 57085732.998678
0.842000, 56756511.723275
0.843000, 56427290.447872
0.844000, 56096955.346028
0.845000, 55766620.244184
0.846000, 55435184.356964
0.847000, 55103748.469743
0.848000, 54771224.881668
0.849000, 54438701.293592
0.850000, 54105103.132124
0.851000, 53771504.970655
0.852000, 53436845.405678
0.853000, 53102185.840700
0.854000, 52766478.084001
0.855000, 52430770.327301
0.856000, 52094027.632047
0.857000, 51757284.936794
0.858000, 51419520.597010
0.859000, 51081756.257227
0.860000, 50742983.607272
0.861000, 50404210.957318
0.862000, 50064443.371356
0.863000, 49724675.785394
0.864000, 49383926.676868
0.865000, 49043177.568342
0.866000, 48701460.389443
0.867000, 48359743.210544
0.868000, 48017071.451681
0.869000, 47674399.692819
0.870000, 47330786.882087
0.871000, 46987174.071356
0.872000, 46642633.774001
0.873000, 46298093.476646
0.874000, 45952639.294529
0.875000, 45607185.112412
0.876000, 45260830.683473
0.877000, 44914476.254533
0.878000, 44567235.252252
0.879000, 44219994.249971
0.880000, 43871880.382828
0.881000, 43523766.515685
0.882000, 43174793.526619
0.883000, 42825820.537554
0.884000, 42476002.203424
0.885000, 42126183.869293
0.886000, 41775534.000326
0.887000, 41424884.131359
0.888000, 41073416.570612
0.889000, 40721949.009865
0.890000, 40369677.632676
0.891000, 40017406.255488
0.892000, 39664344.968928
0.893000, 39311283.682369
0.894000, 38957446.424694
0.895000, 38603609.167019
0.896000, 38249009.907119
0.897000, 37894410.647218
0.898000, 37539063.384064
0.899000, 37183716.120909
0.900000, 36827634.883003
0.901000, 36471553.645096
0.902000, 36114752.489916
0.903000, 35757951.334736
0.904000, 35400444.348180
0.905000, 35042937.361625
0.906000, 34684738.657459
0.907000, 34326539.953293
0.908000, 33967663.672588
0.909000, 33608787.391883
0.910000, 33249247.702461
0.911000, 32889708.013038
0.912000, 32529519.108911
0.913000, 32169330.204783
0.914000, 31808506.305591
0.915000, 31447682.406399
0.916000, 31086237.756854
0.917000, 30724793.107308
0.918000, 30362741.976626
0.919000, 30000690.845943
0.920000, 29638047.527282
0.921000, 29275404.208621
0.922000, 28912183.018520
0.923000, 28548961.828418
0.924000, 28185177.106228
0.925000, 27821392.384037
0.926000, 27457058.491356
0.927000, 27092724.598675
0.928000, 26727855.918782
0.929000, 26362987.238889
0.930000, 25997598.176175
0.931000, 25632209.113461
0.932000, 25266314.092861
0.933000, 24900419.072262
0.934000, 24534032.538686
0.935000, 24167646.005111
0.936000, 23800782.422873
0.937000, 23433918.840635
0.938000, 23066592.692880
0.939000, 22699266.545126
0.940000, 22331492.333264
0.941000, 21963718.121402
0.942000, 21595510.364529
0.943000, 21227302.607656
0.944000, 20858675.841983
0.945000, 20490049.076311
0.946000, 20121017.854594
0.947000, 19751986.632877
0.948000, 19382565.523836
0.949000, 19013144.414796
0.950000, 18643348.002546
0.951000, 18273551.590295
0.952000, 17903394.473765
0.953000, 17533237.357234
0.954000, 17162734.149593
0.955000, 16792230.941952
0.956000, 16421396.270033
0.957000, 16050561.598115
0.958000, 15679410.101837
0.959000, 15308258.605559
0.960000, 14936804.937349
0.961000, 14565351.269139
0.962000, 14193610.093351
0.963000, 13821868.917563
0.964000, 13449854.909903
0.965000, 13077840.902244
0.966000, 12705568.749189
0.967000, 12333296.596135
0.968000, 11960780.994353
0.969000, 11588265.392572
0.970000, 11215521.048342
0.971000, 10842776.704112
0.972000, 10469818.332743
0.973000, 10096859.961374
0.974000, 9723702.286624
0.975000, 9350544.611874
0.976000, 8977202.365371
0.977000, 8603860.118867
0.978000, 8230348.039523
0.979000, 7856835.960178
0.980000, 7483168.793611
0.981000, 7109501.627045
0.982000, 6735694.124996
0.983000, 6361886.622947
0.984000, 5987953.542697
0.985000, 5614020.462447
0.986000, 5239976.566234
0.987000, 4865932.670021
0.988000, 4491792.724459
0.989000, 4117652.778896
0.990000, 3743431.554390
0.991000, 3369210.329883
0.992000, 2994922.600046
0.993000, 2620634.870208
0.994000, 2246295.411280
0.995000, 1871955.952352
0.996000, 1497579.542614
0.997000, 1123203.132876
0.998000, 748804.552068
0.999000, 374405.971261
1.000000, 0.000000
