0.000000, 0.000000
0.001000, 3996.085252
0.002000, 7992.091625
0.003000, 11988.097998
0.004000, 15983.867736
0.005000, 19979.637474
0.006000, 23975.012831
0.007000, 27970.388188
0.008000, 31965.211433
0.009000, 35960.034679
0.010000, 39954.148104
0.011000, 43948.261529
0.012000, 47941.507454
0.013000, 51934.753378
0.014000, 55926.974154
0.015000, 59919.194931
0.016000, 63910.232954
0.017000, 67901.270977
0.018000, 71890.968687
0.019000, 75880.666397
0.020000, 79868.866288
0.021000, 83857.066178
0.022000, 87843.610802
0.023000, 91830.155426
0.024000, 95814.887402
0.025000, 99799.619377
0.026000, 103782.381393
0.027000, 107765.143410
0.028000, 111745.778234
0.029000, 115726.413059
0.030000, 119704.763543
0.031000, 123683.114027
0.032000, 127659.023113
0.033000, 131634.932198
0.034000, 135608.242923
0.035000, 139581.553648
0.036000, 143552.109152
0.037000, 147522.664656
0.038000, 151490.308189
0.039000, 155457.951723
0.040000, 159422.526649
0.041000, 163387.101575
0.042000, 167348.451380
0.043000, 171309.801185
0.044000, 175267.769481
0.045000, 179225.737777
0.046000, 183180.168310
0.047000, 187134.598844
0.048000, 191085.335500
0.049000, 195036.072157
0.050000, 198982.958968
0.051000, 202929.845780
0.052000, 206872.726930
0.053000, 210815.608080
0.054000, 214754.327910
0.055000, 218693.047741
0.056000, 222627.450758
0.057000, 226561.853775
0.058000, 230491.784655
0.059000, 234421.715535
0.060000, 238347.019131
0.061000, 242272.322727
0.062000, 246192.844074
0.063000, 250113.365422
0.064000, 254028.949746
0.065000, 257944.534070
0.066000, 261855.026790
0.067000, 265765.519510
0.068000, 269670.766245
0.069000, 273576.012981
0.070000, 277475.859561
0.071000, 281375.706141
0.072000, 285269.998605
0.073000, 289164.291069
0.074000, 293052.875677
0.075000, 296941.460286
0.076000, 300824.183524
0.077000, 304706.906763
0.078000, 308583.615348
0.079000, 312460.323933
0.080000, 316330.864818
0.081000, 320201.405704
0.082000, 324065.626088
0.083000, 327929.846472
0.084000, 331787.593801
0.085000, 335645.341131
0.086000, 339496.463109
0.087000, 343347.585087
0.088000, 347191.929677
0.089000, 351036.274268
0.090000, 354873.689703
0.091000, 358711.105138
0.092000, 362541.439923
0.093000, 366371.774708
0.094000, 370194.877627
0.095000, 374017.980547
0.096000, 377833.700672
0.097000, 381649.420797
0.098000, 385457.607489
0.099000, 389265.794181
0.100000, 393066.297100
0.101000, 396866.800019
0.102000, 400659.469127
0.103000, 404452.138234
0.104000, 408236.823803
0.105000, 412021.509372
0.106000, 415798.061989
0.107000, 419574.614606
0.108000, 423342.885180
0.109000, 427111.155753
0.110000, 430870.995518
0.111000, 434630.835282
0.112000, 438382.095807
0.113000, 442133.356331
0.114000, 445875.889521
0.115000, 449618.422711
0.116000, 453352.080819
0.117000, 457085.738927
0.118000, 460810.374553
0.119000, 464535.010179
0.120000, 468250.476282
0.121000, 471965.942385
0.122000, 475672.092285
0.123000, 479378.242184
0.124000, 483074.929567
0.125000, 486771.616951
0.126000, 490458.695879
0.127000, 494145.774807
0.128000, 497823.099721
0.129000, 501500.424635
0.130000, 505167.850359
0.131000, 508835.276084
0.132000, 512492.657836
0.133000, 516150.039588
0.134000, 519797.232980
0.135000, 523444.426372
0.136000, 527081.287420
0.137000, 530718.148467
0.138000, 534344.533592
0.139000, 537970.918718
0.140000, 541586.684758
0.141000, 545202.450798
0.142000, 548807.455008
0.143000, 552412.459219
0.144000, 556006.559280
0.145000, 559600.659342
0.146000, 563183.713365
0.147000, 566766.767389
0.148000, 570338.633922
0.149000, 573910.500454
0.150000, 577471.038485
0.151000, 581031.576516
0.152000, 584580.645481
0.153000, 588129.714446
0.154000, 591667.174234
0.155000, 595204.634022
0.156000, 598730.344980
0.157000, 602256.055938
0.158000, 605769.878877
0.159000, 609283.701816
0.160000, 612785.498016
0.161000, 616287.294217
0.162000, 619776.925434
0.163000, 623266.556650
0.164000, 626743.885119
0.165000, 630221.213588
0.166000, 633686.102029
0.167000, 637150.990471
0.168000, 640603.302097
0.169000, 644055.613723
0.170000, 647495.212243
0.171000, 650934.810763
0.172000, 654361.560387
0.173000, 657788.310011
0.174000, 661202.075457
0.175000, 664615.840903
0.176000, 668016.487402
0.177000, 671417.133900
0.178000, 674804.527199
0.179000, 678191.920498
0.180000, 681565.926869
0.181000, 684939.933240
0.182000, 688300.419483
0.183000, 691660.905726
0.184000, 695007.739175
0.185000, 698354.572624
0.186000, 701687.621152
0.187000, 705020.669680
0.188000, 708339.801703
0.189000, 711658.933726
0.190000, 714964.018211
0.191000, 718269.102696
0.192000, 721560.009164
0.193000, 724850.915632
0.194000, 728127.514164
0.195000, 731404.112695
0.196000, 734666.273936
0.197000, 737928.435176
0.198000, 741176.030341
0.199000, 744423.625506
0.200000, 747656.526386
0.201000, 750889.427266
0.202000, 754107.506232
0.203000, 757325.585197
0.204000, 760528.715204
0.205000, 763731.845211
0.206000, 766919.899805
0.207000, 770107.954399
0.208000, 773280.807721
0.209000, 776453.661043
0.210000, 779611.187835
0.211000, 782768.714627
0.212000, 785910.790235
0.213000, 789052.865842
0.214000, 792179.366222
0.215000, 795305.866601
0.216000, 798416.668324
0.217000, 801527.470046
0.218000, 804622.450303
0.219000, 807717.430559
0.220000, 810796.467165
0.221000, 813875.503771
0.222000, 816938.475172
0.223000, 820001.446572
0.224000, 823048.231846
0.225000, 826095.017120
0.226000, 829125.495985
0.227000, 832155.974851
0.228000, 835170.027670
0.229000, 838184.080489
0.230000, 841181.588271
0.231000, 844179.096054
0.232000, 847159.940464
0.233000, 850140.784874
0.234000, 853104.848233
0.235000, 856068.911592
0.236000, 859016.076884
0.237000, 861963.242175
0.238000, 864893.393050
0.239000, 867823.543925
0.240000, 870736.564707
0.241000, 873649.585488
0.242000, 876545.361174
0.243000, 879441.136861
0.244000, 882319.553132
0.245000, 885197.969403
0.246000, 888058.912625
0.247000, 890919.855846
0.248000, 893763.213072
0.249000, 896606.570298
0.250000, 899432.229278
0.251000, 902257.888258
0.252000, 905065.737439
0.253000, 907873.586621
0.254000, 910663.515155
0.255000, 913453.443690
0.256000, 916225.341435
0.257000, 918997.239181
0.258000, 921750.996707
0.259000, 924504.754234
0.260000, 927240.262828
0.261000, 929975.771423
0.262000, 932692.923092
0.263000, 935410.074760
0.264000, 938108.762235
0.265000, 940807.449710
0.266000, 943487.566451
0.267000, 946167.683192
0.268000, 948829.123394
0.269000, 951490.563595
0.270000, 954133.222187
0.271000, 956775.880779
0.272000, 959399.653434
0.273000, 962023.426089
0.274000, 964628.209226
0.275000, 967232.992362
0.276000, 969818.683148
0.277000, 972404.373933
0.278000, 974970.870289
0.279000, 977537.366644
0.280000, 980084.567249
0.281000, 982631.767854
0.282000, 985159.572148
0.283000, 987687.376443
0.284000, 990195.684635
0.285000, 992703.992827
0.286000, 995192.705892
0.287000, 997681.418956
0.288000, 1000150.438644
0.289000, 1002619.458332
0.290000, 1005068.687170
0.291000, 1007517.916008
0.292000, 1009947.257305
0.293000, 1012376.598602
0.294000, 1014785.956451
0.295000, 1017195.314301
0.296000, 1019584.593586
0.297000, 1021973.872871
0.298000, 1024342.979266
0.299000, 1026712.085662
0.300000, 1029060.925640
0.301000, 1031409.765618
0.302000, 1033738.246451
0.303000, 1036066.727283
0.304000, 1038374.757045
0.305000, 1040682.786807
0.306000, 1042970.274382
0.307000, 1045257.761957
0.308000, 1047524.617039
0.309000, 1049791.472120
0.310000, 1052037.605217
0.311000, 1054283.738314
0.312000, 1056509.060752
0.313000, 1058734.383190
0.314000, 1060938.807118
0.315000, 1063143.231046
0.316000, 1065326.669437
0.317000, 1067510.107828
0.318000, 1069672.474483
0.319000, 1071834.841138
0.320000, 1073976.050691
0.321000, 1076117.260244
0.322000, 1078237.228164
0.323000, 1080357.196084
0.324000, 1082455.838677
0.325000, 1084554.481271
0.326000, 1086631.715688
0.327000, 1088708.950104
0.328000, 1090764.694338
0.329000, 1092820.438572
0.330000, 1094854.611466
0.331000, 1096888.784361
0.332000, 1098901.305609
0.333000, 1100913.826858
0.334000, 1102904.617010
0.335000, 1104895.407162
0.336000, 1106864.387625
0.337000, 1108833.368088
0.338000, 1110780.461130
0.339000, 1112727.554171
0.340000, 1114652.682923
0.341000, 1116577.811676
0.342000, 1118480.900138
0.343000, 1120383.988600
0.344000, 1122264.961641
0.345000, 1124145.934683
0.346000, 1126004.718046
0.347000, 1127863.501409
0.348000, 1129700.021712
0.349000, 1131536.542015
0.350000, 1133350.726756
0.351000, 1135164.911497
0.352000, 1136956.689054
0.353000, 1138748.466611
0.354000, 1140517.766248
0.355000, 1142287.065885
0.356000, 1144033.817754
0.357000, 1145780.569622
0.358000, 1147504.704764
0.359000, 1149228.839905
0.360000, 1150930.290252
0.361000, 1152631.740600
0.362000, 1154310.438984
0.363000, 1155989.137368
0.364000, 1157645.017516
0.365000, 1159300.897664
0.366000, 1160933.894205
0.367000, 1162566.890745
0.368000, 1164176.939211
0.369000, 1165786.987677
0.370000, 1167374.024506
0.371000, 1168961.061334
0.372000, 1170525.023872
0.373000, 1172088.986410
0.374000, 1173629.812915
0.375000, 1175170.639420
0.376000, 1176688.269063
0.377000, 1178205.898706
0.378000, 1179700.271573
0.379000, 1181194.644440
0.380000, 1182665.701536
0.381000, 1184136.758631
0.382000, 1185584.441882
0.383000, 1187032.125132
0.384000, 1188456.377384
0.385000, 1189880.629636
0.386000, 1191281.394663
0.387000, 1192682.159691
0.388000, 1194059.382193
0.389000, 1195436.604696
0.390000, 1196790.230303
0.391000, 1198143.855910
0.392000, 1199473.831184
0.393000, 1200803.806457
0.394000, 1202110.078892
0.395000, 1203416.351326
0.396000, 1204698.869352
0.397000, 1205981.387378
0.398000, 1207240.100364
0.399000, 1208498.813350
0.400000, 1209733.671603
0.401000, 1210968.529857
0.402000, 1212179.484629
0.403000, 1213390.439401
0.404000, 1214577.442884
0.405000, 1215764.446368
0.406000, 1216927.451702
0.407000, 1218090.457036
0.408000, 1219229.418307
0.409000, 1220368.379579
0.410000, 1221483.251823
0.411000, 1222598.124067
0.412000, 1223688.863271
0.413000, 1224779.602475
0.414000, 1225846.165579
0.415000, 1226912.728682
0.416000, 1227955.073578
0.417000, 1228997.418475
0.418000, 1230015.504014
0.419000, 1231033.589554
0.420000, 1232027.375544
0.421000, 1233021.161535
0.422000, 1233990.608743
0.423000, 1234960.055951
0.424000, 1235905.126106
0.425000, 1236850.196260
0.426000, 1237770.852050
0.427000, 1238691.507840
0.428000, 1239587.712920
0.429000, 1240483.918001
0.430000, 1241355.636991
0.431000, 1242227.355980
0.432000, 1243074.554466
0.433000, 1243921.752951
0.434000, 1244744.397486
0.435000, 1245567.042021
0.436000, 1246365.100128
0.437000, 1247163.158236
0.438000, 1247936.598411
0.439000, 1248710.038586
0.440000, 1249458.830294
0.441000, 1250207.622001
0.442000, 1250931.735681
0.443000, 1251655.849361
0.444000, 1252355.256425
0.445000, 1253054.663490
0.446000, 1253729.336329
0.447000, 1254404.009167
0.448000, 1255053.921144
0.449000, 1255703.833122
0.450000, 1256328.958580
0.451000, 1256954.084039
0.452000, 1257554.398300
0.453000, 1258154.712561
0.454000, 1258730.191926
0.455000, 1259305.671290
0.456000, 1259856.293038
0.457000, 1260406.914787
0.458000, 1260932.657182
0.459000, 1261458.399577
0.460000, 1261959.241863
0.461000, 1262460.084150
0.462000, 1262936.006555
0.463000, 1263411.928960
0.464000, 1263862.912695
0.465000, 1264313.896430
0.466000, 1264739.923691
0.467000, 1265165.950953
0.468000, 1265567.004921
0.469000, 1265968.058890
0.470000, 1266344.123733
0.471000, 1266720.188576
0.472000, 1267071.249447
0.473000, 1267422.310317
0.474000, 1267748.353357
0.475000, 1268074.396397
0.476000, 1268375.408733
0.477000, 1268676.421070
0.478000, 1268952.390820
0.479000, 1269228.360571
0.480000, 1269479.276840
0.481000, 1269730.193109
0.482000, 1269956.045991
0.483000, 1270181.898873
0.484000, 1270382.679452
0.485000, 1270583.460031
0.486000, 1270759.160380
0.487000, 1270934.860729
0.488000, 1271085.473912
0.489000, 1271236.087095
0.490000, 1271361.607166
0.491000, 1271487.127237
0.492000, 1271587.549241
0.493000, 1271687.971245
0.494000, 1271763.291217
0.495000, 1271838.611189
0.496000, 1271888.826156
0.497000, 1271939.041122
0.498000, 1271964.149101
0.499000, 1271989.257080
0.500000, 1271989.257080
0.501000, 1271989.257080
0.502000, 1271964.149101
0.503000, 1271939.041122
0.504000, 1271888.826156
0.505000, 1271838.611189
0.506000, 1271763.291217
0.507000, 1271687.971245
0.508000, 1271587.549241
0.509000, 1271487.127237
0.510000, 1271361.607166
0.511000, 1271236.087095
0.512000, 1271085.473912
0.513000, 1270934.860729
0.514000, 1270759.160380
0.515000, 1270583.460031
0.516000, 1270382.679452
0.517000, 1270181.898873
0.518000, 1269956.045991
0.519000, 1269730.193109
0.520000, 1269479.276840
0.521000, 1269228.360571
0.522000, 1268952.390820
0.523000, 1268676.421070
0.524000, 1268375.408733
0.525000, 1268074.396397
0.526000, 1267748.353357
0.527000, 1267422.310317
0.528000, 1267071.249447
0.529000, 1266720.188576
0.530000, 1266344.123733
0.531000, 1265968.058890
0.532000, 1265567.004921
0.533000, 1265165.950953
0.534000, 1264739.923691
0.535000, 1264313.896430
0.536000, 1263862.912695
0.537000, 1263411.928960
0.538000, 1262936.006555
0.539000, 1262460.084150
0.540000, 1261959.241863
0.541000, 1261458.399577
0.542000, 1260932.657182
0.543000, 1260406.914787
0.544000, 1259856.293038
0.545000, 1259305.671290
0.546000, 1258730.191926
0.547000, 1258154.712561
0.548000, 1257554.398300
0.549000, 1256954.084039
0.550000, 1256328.958580
0.551000, 1255703.833122
0.552000, 1255053.921144
0.553000, 1254404.009167
0.554000, 1253729.336329
0.555000, 1253054.663490
0.556000, 1252355.256425
0.557000, 1251655.849361
0.558000, 1250931.735681
0.559000, 1250207.622001
0.560000, 1249458.830294
0.561000, 1248710.038586
0.562000, 1247936.598411
0.563000, 1247163.158236
0.564000, 1246365.100128
0.565000, 1245567.042021
0.566000, 1244744.397486
0.567000, 1243921.752951
0.568000, 1243074.554466
0.569000, 1242227.355980
0.570000, 1241355.636991
0.571000, 1240483.918001
0.572000, 1239587.712920
0.573000, 1238691.507840
0.574000, 1237770.852050
0.575000, 1236850.196260
0.576000, 1235905.126106
0.577000, 1234960.055951
0.578000, 1233990.608743
0.579000, 1233021.161535
0.580000, 1232027.375544
0.581000, 1231033.589554
0.582000, 1230015.504014
0.583000, 1228997.418475
0.584000, 1227955.073578
0.585000, 1226912.728682
0.586000, 1225846.165579
0.587000, 1224779.602475
0.588000, 1223688.863271
0.589000, 1222598.124067
0.590000, 1221483.251823
0.591000, 1220368.379579
0.592000, 1219229.418307
0.593000, 1218090.457036
0.594000, 1216927.451702
0.595000, 1215764.446368
0.596000, 1214577.442884
0.597000, 1213390.439401
0.598000, 1212179.484629
0.599000, 1210968.529857
0.600000, 1209733.671603
0.601000, 1208498.813350
0.602000, 1207240.100364
0.603000, 1205981.387378
0.604000, 1204698.869352
0.605000, 1203416.351326
0.606000, 1202110.078892
0.607000, 1200803.806457
0.608000, 1199473.831184
0.609000, 1198143.855910
0.610000, 1196790.230303
0.611000, 1195436.604696
0.612000, 1194059.382193
0.613000, 1192682.159691
0.614000, 1191281.394663
0.615000, 1189880.629636
0.616000, 1188456.377384
0.617000, 1187032.125132
0.618000, 1185584.441882
0.619000, 1184136.758631
0.620000, 1182665.701536
0.621000, 1181194.644440
0.622000, 1179700.271573
0.623000, 1178205.898706
0.624000, 1176688.269063
0.625000, 1175170.639420
0.626000, 1173629.812915
0.627000, 1172088.986410
0.628000, 1170525.023872
0.629000, 1168961.061334
0.630000, 1167374.024506
0.631000, 1165786.987677
0.632000, 1164176.939211
0.633000, 1162566.890745
0.634000, 1160933.894205
0.635000, 1159300.897664
0.636000, 1157645.017516
0.637000, 1155989.137368
0.638000, 1154310.438984
0.639000, 1152631.740600
0.640000, 1150930.290252
0.641000, 1149228.839905
0.642000, 1147504.704764
0.643000, 1145780.569622
0.644000, 1144033.817754
0.645000, 1142287.065885
0.646000, 1140517.766248
0.647000, 1138748.466611
0.648000, 1136956.689054
0.649000, 1135164.911497
0.650000, 1133350.726756
0.651000, 1131536.542015
0.652000, 1129700.021712
0.653000, 1127863.501409
0.654000, 1126004.718046
0.655000, 1124145.934683
0.656000, 1122264.961641
0.657000, 1120383.988600
0.658000, 1118480.900138
0.659000, 1116577.811676
0.660000, 1114652.682923
0.661000, 1112727.554171
0.662000, 1110780.461130
0.663000, 1108833.368088
0.664000, 1106864.387625
0.665000, 1104895.407162
0.666000, 1102904.617010
0.667000, 1100913.826858
0.668000, 1098901.305609
0.669000, 1096888.784361
0.670000, 1094854.611466
0.671000, 1092820.438572
0.672000, 1090764.694338
0.673000, 1088708.950104
0.674000, 1086631.715688
0.675000, 1084554.481271
0.676000, 1082455.838677
0.677000, 1080357.196084
0.678000, 1078237.228164
0.679000, 1076117.260244
0.680000, 1073976.050691
0.681000, 1071834.841138
0.682000, 1069672.474483
0.683000, 1067510.107828
0.684000, 1065326.669437
0.685000, 1063143.231046
0.686000, 1060938.807118
0.687000, 1058734.383190
0.688000, 1056509.060752
0.689000, 1054283.738314
0.690000, 1052037.605217
0.691000, 1049791.472120
0.692000, 1047524.617039
0.693000, 1045257.761957
0.694000, 1042970.274382
0.695000, 1040682.786807
0.696000, 1038374.757045
0.697000, 1036066.727283
0.698000, 1033738.246451
0.699000, 1031409.765618
0.700000, 1029060.925640
0.701000, 1026712.085662
0.702000, 1024342.979266
0.703000, 1021973.872871
0.704000, 1019584.593586
0.705000, 1017195.314301
0.706000, 1014785.956451
0.707000, 1012376.598602
0.708000, 1009947.257305
0.709000, 1007517.916008
0.710000, 1005068.687170
0.711000, 1002619.458332
0.712000, 1000150.438644
0.713000, 997681.418956
0.714000, 995192.705892
0.715000, 992703.992827
0.716000, 990195.684635
0.717000, 987687.376443
0.718000, 985159.572148
0.719000, 982631.767854
0.720000, 980084.567249
0.721000, 977537.366644
0.722000, 974970.870289
0.723000, 972404.373933
0.724000, 969818.683148
0.725000, 967232.992362
0.726000, 964628.209226
0.727000, 962023.426089
0.728000, 959399.653434
0.729000, 956775.880779
0.730000, 954133.222187
0.731000, 951490.563595
0.732000, 948829.123394
0.733000, 946167.683192
0.734000, 943487.566451
0.735000, 940807.449710
0.736000, 938108.762235
0.737000, 935410.074760
0.738000, 932692.923092
0.739000, 929975.771423
0.740000, 927240.262828
0.741000, 924504.754234
0.742000, 921750.996707
0.743000, 918997.239181
0.744000, 916225.341435
0.745000, 913453.443690
0.746000, 910663.515155
0.747000, 907873.586621
0.748000, 905065.737439
0.749000, 902257.888258
0.750000, 899432.229278
0.751000, 896606.570298
0.752000, 893763.213072
0.753000, 890919.855846
0.754000, 888058.912625
0.755000, 885197.969403
0.756000, 882319.553132
0.757000, 879441.136861
0.758000, 876545.361174
0.759000, 873649.585488
0.760000, 870736.564707
0.761000, 867823.543925
0.762000, 864893.393050
0.763000, 861963.242175
0.764000, 859016.076884
0.765000, 856068.911592
0.766000, 853104.848233
0.767000, 850140.784874
0.768000, 847159.940464
0.769000, 844179.096054
0.770000, 841181.588271
0.771000, 838184.080489
0.772000, 835170.027670
0.773000, 832155.974851
0.774000, 829125.495985
0.775000, 826095.017120
0.776000, 823048.231846
0.777000, 820001.446572
0.778000, 816938.475172
0.779000, 813875.503771
0.780000, 810796.467165
0.781000, 807717.430559
0.782000, 804622.450303
0.783000, 801527.470046
0.784000, 798416.668324
0.785000, 795305.866601
0.786000, 792179.366222
0.787000, 789052.865842
0.788000, 785910.790235
0.789000, 782768.714627
0.790000, 779611.187835
0.791000, 776453.661043
0.792000, 773280.807721
0.793000, 770107.954399
0.794000, 766919.899805
0.795000, 763731.845211
0.796000, 760528.715204
0.797000, 757325.585197
0.798000, 754107.506232
0.799000, 750889.427266
0.800000, 747656.526386
0.801000, 744423.625506
0.802000, 741176.030341
0.803000, 737928.435176
0.804000, 734666.273936
0.805000, 731404.112695
0.806000, 728127.514164
0.807000, 724850.915632
0.808000, 721560.009164
0.809000, 718269.102696
0.810000, 714964.018211
0.811000, 711658.933726
0.812000, 708339.801703
0.813000, 705020.669680
0.814000, 701687.621152
0.815000, 698354.572624
0.816000, 695007.739175
0.817000, 691660.905726
0.818000, 688300.419483
0.819000, 684939.933240
0.820000, 681565.926869
0.821000, 678191.920498
0.822000, 674804.527199
0.823000, 671417.133900
0.824000, 668016.487402
0.825000, 664615.840903
0.826000, 661202.075457
0.827000, 657788.310011
0.828000, 654361.560387
0.829000, 650934.810763
0.830000, 647495.212243
0.831000, 644055.613723
0.832000, 640603.302097
0.833000, 637150.990471
0.834000, 633686.102029
0.835000, 630221.213588
0.836000, 626743.885119
0.837000, 623266.556650
0.838000, 619776.925434
0.839000, 616287.294217
0.840000, 612785.498016
0.841000, 609283.701816
0.842000, 605769.878877
0.843000, 602256.055938
0.844000, 598730.344980
0.845000, 595204.634022
0.846000, 591667.174234
0.847000, 588129.714446
0.848000, 584580.645481
0.849000, 581031.576516
0.850000, 577471.038485
0.851000, 573910.500454
0.852000, 570338.633922
0.853000, 566766.767389
0.854000, 563183.713365
0.855000, 559600.659342
0.856000, 556006.559280
0.857000, 552412.459219
0.858000, 548807.455008
0.859000, 545202.450798
0.860000, 541586.684758
0.861000, 537970.918718
0.862000, 534344.533592
0.863000, 530718.148467
0.864000, 527081.287420
0.865000, 523444.426372
0.866000, 519797.232980
0.867000, 516150.039588
0.868000, 512492.657836
0.869000, 508835.276084
0.870000, 505167.850359
0.871000, 501500.424635
0.872000, 497823.099721
0.873000, 494145.774807
0.874000, 490458.695879
0.875000, 486771.616951
0.876000, 483074.929567
0.877000, 479378.242184
0.878000, 475672.092285
0.879000, 471965.942385
0.880000, 468250.476282
0.881000, 464535.010179
0.882000, 460810.374553
0.883000, 457085.738927
0.884000, 453352.080819
0.885000, 449618.422711
0.886000, 445875.889521
0.887000, 442133.356331
0.888000, 438382.095807
0.889000, 434630.835282
0.890000, 430870.995518
0.891000, 427111.155753
0.892000, 423342.885180
0.893000, 419574.614606
0.894000, 415798.061989
0.895000, 412021.509372
0.896000, 408236.823803
0.897000, 404452.138234
0.898000, 400659.469127
0.899000, 396866.800019
0.900000, 393066.297100
0.901000, 389265.794181
0.902000, 385457.607489
0.903000, 381649.420797
0.904000, 377833.700672
0.905000, 374017.980547
0.906000, 370194.877627
0.907000, 366371.774708
0.908000, 362541.439923
0.909000, 358711.105138
0.910000, 354873.689703
0.911000, 351036.274268
0.912000, 347191.929677
0.913000, 343347.585087
0.914000, 339496.463109
0.915000, 335645.341131
0.916000, 331787.593801
0.917000, 327929.846472
0.918000, 324065.626088
0.919000, 320201.405704
0.920000, 316330.864818
0.921000, 312460.323933
0.922000, 308583.615348
0.923000, 304706.906763
0.924000, 300824.183524
0.925000, 296941.460286
0.926000, 293052.875677
0.927000, 289164.291069
0.928000, 285269.998605
0.929000, 281375.706141
0.930000, 277475.859561
0.931000, 273576.012981
0.932000, 269670.766245
0.933000, 265765.519510
0.934000, 261855.026790
0.935000, 257944.534070
0.936000, 254028.949746
0.937000, 250113.365422
0.938000, 246192.844074
0.939000, 242272.322727
0.940000, 238347.019131
0.941000, 234421.715535
0.942000, 230491.784655
0.943000, 226561.853775
0.944000, 222627.450758
0.945000, 218693.047741
0.946000, 214754.327910
0.947000, 210815.608080
0.948000, 206872.726930
0.949000, 202929.845780
0.950000, 198982.958968
0.951000, 195036.072157
0.952000, 191085.335500
0.953000, 187134.598844
0.954000, 183180.168310
0.955000, 179225.737777
0.956000, 175267.769481
0.957000, 171309.801185
0.958000, 167348.451380
0.959000, 163387.101575
0.960000, 159422.526649
0.961000, 155457.951723
0.962000, 151490.308189
0.963000, 147522.664656
0.964000, 143552.109152
0.965000, 139581.553648
0.966000, 135608.242923
0.967000, 131634.932198
0.968000, 127659.023113
0.969000, 123683.114027
0.970000, 119704.763543
0.971000, 115726.413059
0.972000, 111745.778234
0.973000, 107765.143410
0.974000, 103782.381393
0.975000, 99799.619377
0.976000, 95814.887402
0.977000, 91830.155426
0.978000, 87843.610802
0.979000, 83857.066178
0.980000, 79868.866288
0.981000, 75880.666397
0.982000, 71890.968687
0.983000, 67901.270977
0.984000, 63910.232954
0.985000, 59919.194931
0.986000, 55926.974154
0.987000, 51934.753378
0.988000, 47941.507454
0.989000, 43948.261529
0.990000, 39954.148104
0.991000, 35960.034679
0.992000, 31965.211433
0.993000, 27970.388188
0.994000, 23975.012831
0.995000, 19979.637474
0.996000, 15983.867736
0.997000, 11988.097998
0.998000, 7992.091625
0.999000, 3996.085252
1.000000, 0.000000
