0.000000, 0.000000
0.001000, 1003.574680
0.002000, 2007.129550
0.003000, 3010.684420
0.004000, 4014.179862
0.005000, 5017.675304
0.006000, 6021.071701
0.007000, 7024.468098
0.008000, 8027.725838
0.009000, 9030.983579
0.010000, 10034.063055
0.011000, 11037.142531
0.012000, 12040.004144
0.013000, 13042.865757
0.014000, 14045.469914
0.015000, 15048.074072
0.016000, 16050.381193
0.017000, 17052.688315
0.018000, 18054.658831
0.019000, 19056.629347
0.020000, 20058.223701
0.021000, 21059.818056
0.022000, 22060.996707
0.023000, 23062.175359
0.024000, 24062.898783
0.025000, 25063.622207
0.026000, 26063.850897
0.027000, 27064.079587
0.028000, 28063.774055
0.029000, 29063.468522
0.030000, 30062.589302
0.031000, 31061.710082
0.032000, 32060.217731
0.033000, 33058.725379
0.034000, 34056.580476
0.035000, 35054.435574
0.036000, 36051.598727
0.037000, 37048.761879
0.038000, 38045.193721
0.039000, 39041.625563
0.040000, 40037.286757
0.041000, 41032.947951
0.042000, 42027.799189
0.043000, 43022.650428
0.044000, 44016.652436
0.045000, 45010.654444
0.046000, 46003.767981
0.047000, 46996.881517
0.048000, 47989.067375
0.049000, 48981.253234
0.050000, 49972.472244
0.051000, 50963.691254
0.052000, 51953.904285
0.053000, 52944.117315
0.054000, 53933.285274
0.055000, 54922.453233
0.056000, 55910.537070
0.057000, 56898.620907
0.058000, 57885.581614
0.059000, 58872.542321
0.060000, 59858.340934
0.061000, 60844.139547
0.062000, 61828.737149
0.063000, 62813.334751
0.064000, 63796.692471
0.065000, 64780.050192
0.066000, 65762.129210
0.067000, 66744.208227
0.068000, 67724.969772
0.069000, 68705.731316
0.070000, 69685.136668
0.071000, 70664.542020
0.072000, 71642.552514
0.073000, 72620.563008
0.074000, 73597.140035
0.075000, 74573.717062
0.076000, 75548.822067
0.077000, 76523.927072
0.078000, 77497.521561
0.079000, 78471.116049
0.080000, 79443.161585
0.081000, 80415.207121
0.082000, 81385.665330
0.083000, 82356.123538
0.084000, 83324.956107
0.085000, 84293.788676
0.086000, 85260.957358
0.087000, 86228.126040
0.088000, 87193.592653
0.089000, 88159.059265
0.090000, 89122.785693
0.091000, 90086.512122
0.092000, 91048.460319
0.093000, 92010.408517
0.094000, 92970.540508
0.095000, 93930.672498
0.096000, 94888.950378
0.097000, 95847.228258
0.098000, 96803.614196
0.099000, 97760.000133
0.100000, 98714.456372
0.101000, 99668.912611
0.102000, 100621.401471
0.103000, 101573.890331
0.104000, 102524.374209
0.105000, 103474.858087
0.106000, 104423.299460
0.107000, 105371.740833
0.108000, 106318.102259
0.109000, 107264.463684
0.110000, 108208.707800
0.111000, 109152.951917
0.112000, 110095.041447
0.113000, 111037.130978
0.114000, 111977.028731
0.115000, 112916.926484
0.116000, 113854.595353
0.117000, 114792.264222
0.118000, 115727.667190
0.119000, 116663.070159
0.120000, 117596.170298
0.121000, 118529.270437
0.122000, 119460.030910
0.123000, 120390.791383
0.124000, 121319.175444
0.125000, 122247.559506
0.126000, 123173.530506
0.127000, 124099.501505
0.128000, 125023.022887
0.129000, 125946.544268
0.130000, 126867.579573
0.131000, 127788.614878
0.132000, 128707.127745
0.133000, 129625.640611
0.134000, 130541.594779
0.135000, 131457.548947
0.136000, 132370.908255
0.137000, 133284.267563
0.138000, 134194.995954
0.139000, 135105.724345
0.140000, 136013.785864
0.141000, 136921.847384
0.142000, 137827.206183
0.143000, 138732.564983
0.144000, 139635.185320
0.145000, 140537.805657
0.146000, 141437.651899
0.147000, 142337.498140
0.148000, 143234.534761
0.149000, 144131.571383
0.150000, 145025.762970
0.151000, 145919.954557
0.152000, 146811.265809
0.153000, 147702.577062
0.154000, 148590.972792
0.155000, 149479.368521
0.156000, 150364.813656
0.157000, 151250.258792
0.158000, 152132.718376
0.159000, 153015.177961
0.160000, 153894.617156
0.161000, 154774.056352
0.162000, 155650.440441
0.163000, 156526.824529
0.164000, 157400.118912
0.165000, 158273.413295
0.166000, 159143.583497
0.167000, 160013.753698
0.168000, 160880.765365
0.169000, 161747.777032
0.170000, 162611.595936
0.171000, 163475.414840
0.172000, 164336.006880
0.173000, 165196.598919
0.174000, 166053.930119
0.175000, 166911.261319
0.176000, 167765.297834
0.177000, 168619.334348
0.178000, 169470.042462
0.179000, 170320.750575
0.180000, 171168.096703
0.181000, 172015.442830
0.182000, 172859.393520
0.183000, 173703.344210
0.184000, 174543.866145
0.185000, 175384.388079
0.186000, 176221.448076
0.187000, 177058.508073
0.188000, 177892.073087
0.189000, 178725.638101
0.190000, 179555.675223
0.191000, 180385.712346
0.192000, 181212.188809
0.193000, 182038.665272
0.194000, 182861.548447
0.195000, 183684.431623
0.196000, 184503.689025
0.197000, 185322.946427
0.198000, 186138.545713
0.199000, 186954.144999
0.200000, 187766.053970
0.201000, 188577.962941
0.202000, 189386.149545
0.203000, 190194.336149
0.204000, 190998.768479
0.205000, 191803.200809
0.206000, 192603.847108
0.207000, 193404.493408
0.208000, 194201.322068
0.209000, 194998.150728
0.210000, 195791.130291
0.211000, 196584.109855
0.212000, 197373.209017
0.213000, 198162.308178
0.214000, 198947.495785
0.215000, 199732.683393
0.216000, 200513.928448
0.217000, 201295.173503
0.218000, 202072.445164
0.219000, 202849.716824
0.220000, 203622.984405
0.221000, 204396.251986
0.222000, 205165.484960
0.223000, 205934.717934
0.224000, 206699.885933
0.225000, 207465.053932
0.226000, 208226.126748
0.227000, 208987.199564
0.228000, 209744.147152
0.229000, 210501.094740
0.230000, 211253.887217
0.231000, 212006.679693
0.232000, 212755.287340
0.233000, 213503.894986
0.234000, 214248.288248
0.235000, 214992.681510
0.236000, 215732.831001
0.237000, 216472.980491
0.238000, 217208.856991
0.239000, 217944.733490
0.240000, 218676.307947
0.241000, 219407.882404
0.242000, 220135.125937
0.243000, 220862.369470
0.244000, 221585.253369
0.245000, 222308.137268
0.246000, 223026.632995
0.247000, 223745.128722
0.248000, 224459.207911
0.249000, 225173.287101
0.250000, 225882.921562
0.251000, 226592.556024
0.252000, 227297.717742
0.253000, 228002.879461
0.254000, 228703.540598
0.255000, 229404.201735
0.256000, 230100.334629
0.257000, 230796.467523
0.258000, 231488.044693
0.259000, 232179.621862
0.260000, 232866.616005
0.261000, 233553.610148
0.262000, 234235.994142
0.263000, 234918.378137
0.264000, 235596.125043
0.265000, 236273.871950
0.266000, 236946.955013
0.267000, 237620.038076
0.268000, 238288.430722
0.269000, 238956.823369
0.270000, 239620.499212
0.271000, 240284.175056
0.272000, 240943.107895
0.273000, 241602.040735
0.274000, 242256.204557
0.275000, 242910.368379
0.276000, 243559.737359
0.277000, 244209.106338
0.278000, 244853.654839
0.279000, 245498.203340
0.280000, 246137.905917
0.281000, 246777.608493
0.282000, 247412.439891
0.283000, 248047.271288
0.284000, 248677.206445
0.285000, 249307.141602
0.286000, 249932.155650
0.287000, 250557.169697
0.288000, 251177.237961
0.289000, 251797.306224
0.290000, 252412.404224
0.291000, 253027.502224
0.292000, 253637.605678
0.293000, 254247.709132
0.294000, 254852.793954
0.295000, 255457.878776
0.296000, 256057.921078
0.297000, 256657.963380
0.298000, 257252.939473
0.299000, 257847.915567
0.300000, 258437.801963
0.301000, 259027.688359
0.302000, 259612.461771
0.303000, 260197.235183
0.304000, 260776.872523
0.305000, 261356.509864
0.306000, 261930.988252
0.307000, 262505.466639
0.308000, 263074.763393
0.309000, 263644.060147
0.310000, 264208.152793
0.311000, 264772.245439
0.312000, 265331.111707
0.313000, 265889.977976
0.314000, 266443.595804
0.315000, 266997.213632
0.316000, 267545.561163
0.317000, 268093.908695
0.318000, 268636.964282
0.319000, 269180.019870
0.320000, 269717.762074
0.321000, 270255.504278
0.322000, 270787.911870
0.323000, 271320.319462
0.324000, 271847.371423
0.325000, 272374.423384
0.326000, 272896.098908
0.327000, 273417.774431
0.328000, 273934.052921
0.329000, 274450.331412
0.330000, 274961.192488
0.331000, 275472.053563
0.332000, 275977.477057
0.333000, 276482.900550
0.334000, 276982.866508
0.335000, 277482.832465
0.336000, 277977.321149
0.337000, 278471.809833
0.338000, 278960.801722
0.339000, 279449.793611
0.340000, 279933.269401
0.341000, 280416.745190
0.342000, 280894.685793
0.343000, 281372.626395
0.344000, 281845.012943
0.345000, 282317.399491
0.346000, 282784.213336
0.347000, 283251.027180
0.348000, 283712.249891
0.349000, 284173.472603
0.350000, 284629.085973
0.351000, 285084.699344
0.352000, 285534.685386
0.353000, 285984.671429
0.354000, 286429.012379
0.355000, 286873.353329
0.356000, 287312.031644
0.357000, 287750.709960
0.358000, 288183.708323
0.359000, 288616.706686
0.360000, 289044.008002
0.361000, 289471.309318
0.362000, 289892.896719
0.363000, 290314.484119
0.364000, 290730.340960
0.365000, 291146.197801
0.366000, 291556.307666
0.367000, 291966.417530
0.368000, 292370.764227
0.369000, 292775.110924
0.370000, 293173.678492
0.371000, 293572.246059
0.372000, 293965.018761
0.373000, 294357.791464
0.374000, 294744.753795
0.375000, 295131.716127
0.376000, 295512.852811
0.377000, 295893.989495
0.378000, 296269.285485
0.379000, 296644.581476
0.380000, 297014.021956
0.381000, 297383.462436
0.382000, 297747.032821
0.383000, 298110.603206
0.384000, 298468.289143
0.385000, 298825.975080
0.386000, 299177.762448
0.387000, 299529.549817
0.388000, 299875.424728
0.389000, 300221.299639
0.390000, 300561.248439
0.391000, 300901.197239
0.392000, 301235.206507
0.393000, 301569.215775
0.394000, 301897.272324
0.395000, 302225.328874
0.396000, 302547.419755
0.397000, 302869.510635
0.398000, 303185.623131
0.399000, 303501.735626
0.400000, 303811.857257
0.401000, 304121.978889
0.402000, 304426.097412
0.403000, 304730.215936
0.404000, 305028.319346
0.405000, 305326.422756
0.406000, 305618.499284
0.407000, 305910.575812
0.408000, 306196.613927
0.409000, 306482.652042
0.410000, 306762.640452
0.411000, 307042.628862
0.412000, 307316.556514
0.413000, 307590.484165
0.414000, 307858.340243
0.415000, 308126.196322
0.416000, 308387.970253
0.417000, 308649.744184
0.418000, 308905.425634
0.419000, 309161.107083
0.420000, 309410.685957
0.421000, 309660.264831
0.422000, 309903.731276
0.423000, 310147.197722
0.424000, 310384.542127
0.425000, 310621.886532
0.426000, 310853.099527
0.427000, 311084.312522
0.428000, 311309.384979
0.429000, 311534.457437
0.430000, 311753.380470
0.431000, 311972.303504
0.432000, 312185.068471
0.433000, 312397.833439
0.434000, 312604.431941
0.435000, 312811.030442
0.436000, 313011.454322
0.437000, 313211.878202
0.438000, 313406.119547
0.439000, 313600.360893
0.440000, 313788.412035
0.441000, 313976.463178
0.442000, 314158.316694
0.443000, 314340.170211
0.444000, 314515.818921
0.445000, 314691.467631
0.446000, 314860.904602
0.447000, 315030.341572
0.448000, 315193.560113
0.449000, 315356.778654
0.450000, 315513.772322
0.451000, 315670.765990
0.452000, 315821.528588
0.453000, 315972.291185
0.454000, 316116.816760
0.455000, 316261.342335
0.456000, 316399.625182
0.457000, 316537.908029
0.458000, 316669.942688
0.459000, 316801.977348
0.460000, 316927.758608
0.461000, 317053.539868
0.462000, 317173.062762
0.463000, 317292.585656
0.464000, 317405.845466
0.465000, 317519.105277
0.466000, 317626.097532
0.467000, 317733.089787
0.468000, 317833.810263
0.469000, 317934.530739
0.470000, 318028.975459
0.471000, 318123.420179
0.472000, 318211.585416
0.473000, 318299.750652
0.474000, 318381.632924
0.475000, 318463.515196
0.476000, 318539.111271
0.477000, 318614.707346
0.478000, 318684.014239
0.479000, 318753.321132
0.480000, 318816.336107
0.481000, 318879.351083
0.482000, 318936.071653
0.483000, 318992.792223
0.484000, 319043.216149
0.485000, 319093.640074
0.486000, 319137.765365
0.487000, 319181.890655
0.488000, 319219.715568
0.489000, 319257.540481
0.490000, 319289.063523
0.491000, 319320.586566
0.492000, 319345.806493
0.493000, 319371.026421
0.494000, 319389.942238
0.495000, 319408.858055
0.496000, 319421.469014
0.497000, 319434.079973
0.498000, 319440.385578
0.499000, 319446.691182
0.500000, 319446.691182
0.501000, 319446.691182
0.502000, 319440.385578
0.503000, 319434.079973
0.504000, 319421.469014
0.505000, 319408.858055
0.506000, 319389.942238
0.507000, 319371.026421
0.508000, 319345.806493
0.509000, 319320.586566
0.510000, 319289.063523
0.511000, 319257.540481
0.512000, 319219.715568
0.513000, 319181.890655
0.514000, 319137.765365
0.515000, 319093.640074
0.516000, 319043.216149
0.517000, 318992.792223
0.518000, 318936.071653
0.519000, 318879.351083
0.520000, 318816.336107
0.521000, 318753.321132
0.522000, 318684.014239
0.523000, 318614.707346
0.524000, 318539.111271
0.525000, 318463.515196
0.526000, 318381.632924
0.527000, 318299.750652
0.528000, 318211.585416
0.529000, 318123.420179
0.530000, 318028.975459
0.531000, 317934.530739
0.532000, 317833.810263
0.533000, 317733.089787
0.534000, 317626.097532
0.535000, 317519.105277
0.536000, 317405.845466
0.537000, 317292.585656
0.538000, 317173.062762
0.539000, 317053.539868
0.540000, 316927.758608
0.541000, 316801.977348
0.542000, 316669.942688
0.543000, 316537.908029
0.544000, 316399.625182
0.545000, 316261.342335
0.546000, 316116.816760
0.547000, 315972.291185
0.548000, 315821.528588
0.549000, 315670.765990
0.550000, 315513.772322
0.551000, 315356.778654
0.552000, 315193.560113
0.553000, 315030.341572
0.554000, 314860.904602
0.555000, 314691.467631
0.556000, 314515.818921
0.557000, 314340.170211
0.558000, 314158.316694
0.559000, 313976.463178
0.560000, 313788.412035
0.561000, 313600.360893
0.562000, 313406.119547
0.563000, 313211.878202
0.564000, 313011.454322
0.565000, 312811.030442
0.566000, 312604.431941
0.567000, 312397.833439
0.568000, 312185.068471
0.569000, 311972.303504
0.570000, 311753.380470
0.571000, 311534.457437
0.572000, 311309.384979
0.573000, 311084.312522
0.574000, 310853.099527
0.575000, 310621.886532
0.576000, 310384.542127
0.577000, 310147.197722
0.578000, 309903.731276
0.579000, 309660.264831
0.580000, 309410.685957
0.581000, 309161.107083
0.582000, 308905.425634
0.583000, 308649.744184
0.584000, 308387.970253
0.585000, 308126.196322
0.586000, 307858.340243
0.587000, 307590.484165
0.588000, 307316.556514
0.589000, 307042.628862
0.590000, 306762.640452
0.591000, 306482.652042
0.592000, 306196.613927
0.593000, 305910.575812
0.594000, 305618.499284
0.595000, 305326.422756
0.596000, 305028.319346
0.597000, 304730.215936
0.598000, 304426.097412
0.599000, 304121.978889
0.600000, 303811.857257
0.601000, 303501.735626
0.602000, 303185.623131
0.603000, 302869.510635
0.604000, 302547.419755
0.605000, 302225.328874
0.606000, 301897.272324
0.607000, 301569.215775
0.608000, 301235.206507
0.609000, 300901.197239
0.610000, 300561.248439
0.611000, 300221.299639
0.612000, 299875.424728
0.613000, 299529.549817
0.614000, 299177.762448
0.615000, 298825.975080
0.616000, 298468.289143
0.617000, 298110.603206
0.618000, 297747.032821
0.619000, 297383.462436
0.620000, 297014.021956
0.621000, 296644.581476
0.622000, 296269.285485
0.623000, 295893.989495
0.624000, 295512.852811
0.625000, 295131.716127
0.626000, 294744.753795
0.627000, 294357.791464
0.628000, 293965.018761
0.629000, 293572.246059
0.630000, 293173.678492
0.631000, 292775.110924
0.632000, 292370.764227
0.633000, 291966.417530
0.634000, 291556.307666
0.635000, 291146.197801
0.636000, 290730.340960
0.637000, 290314.484119
0.638000, 289892.896719
0.639000, 289471.309318
0.640000, 289044.008002
0.641000, 288616.706686
0.642000, 288183.708323
0.643000, 287750.709960
0.644000, 287312.031644
0.645000, 286873.353329
0.646000, 286429.012379
0.647000, 285984.671429
0.648000, 285534.685386
0.649000, 285084.699344
0.650000, 284629.085973
0.651000, 284173.472603
0.652000, 283712.249891
0.653000, 283251.027180
0.654000, 282784.213336
0.655000, 282317.399491
0.656000, 281845.012943
0.657000, 281372.626395
0.658000, 280894.685793
0.659000, 280416.745190
0.660000, 279933.269401
0.661000, 279449.793611
0.662000, 278960.801722
0.663000, 278471.809833
0.664000, 277977.321149
0.665000, 277482.832465
0.666000, 276982.866508
0.667000, 276482.900550
0.668000, 275977.477057
0.669000, 275472.053563
0.670000, 274961.192488
0.671000, 274450.331412
0.672000, 273934.052921
0.673000, 273417.774431
0.674000, 272896.098908
0.675000, 272374.423384
0.676000, 271847.371423
0.677000, 271320.319462
0.678000, 270787.911870
0.679000, 270255.504278
0.680000, 269717.762074
0.681000, 269180.019870
0.682000, 268636.964282
0.683000, 268093.908695
0.684000, 267545.561163
0.685000, 266997.213632
0.686000, 266443.595804
0.687000, 265889.977976
0.688000, 265331.111707
0.689000, 264772.245439
0.690000, 264208.152793
0.691000, 263644.060147
0.692000, 263074.763393
0.693000, 262505.466639
0.694000, 261930.988252
0.695000, 261356.509864
0.696000, 260776.872523
0.697000, 260197.235183
0.698000, 259612.461771
0.699000, 259027.688359
0.700000, 258437.801963
0.701000, 257847.915567
0.702000, 257252.939473
0.703000, 256657.963380
0.704000, 256057.921078
0.705000, 255457.878776
0.706000, 254852.793954
0.707000, 254247.709132
0.708000, 253637.605678
0.709000, 253027.502224
0.710000, 252412.404224
0.711000, 251797.306224
0.712000, 251177.237961
0.713000, 250557.169697
0.714000, 249932.155650
0.715000, 249307.141602
0.716000, 248677.206445
0.717000, 248047.271288
0.718000, 247412.439891
0.719000, 246777.608493
0.720000, 246137.905917
0.721000, 245498.203340
0.722000, 244853.654839
0.723000, 244209.106338
0.724000, 243559.737359
0.725000, 242910.368379
0.726000, 242256.204557
0.727000, 241602.040735
0.728000, 240943.107895
0.729000, 240284.175056
0.730000, 239620.499212
0.731000, 238956.823369
0.732000, 238288.430722
0.733000, 237620.038076
0.734000, 236946.955013
0.735000, 236273.871950
0.736000, 235596.125043
0.737000, 234918.378137
0.738000, 234235.994142
0.739000, 233553.610148
0.740000, 232866.616005
0.741000, 232179.621862
0.742000, 231488.044693
0.743000, 230796.467523
0.744000, 230100.334629
0.745000, 229404.201735
0.746000, 228703.540598
0.747000, 228002.879461
0.748000, 227297.717742
0.749000, 226592.556024
0.750000, 225882.921562
0.751000, 225173.287101
0.752000, 224459.207911
0.753000, 223745.128722
0.754000, 223026.632995
0.755000, 222308.137268
0.756000, 221585.253369
0.757000, 220862.369470
0.758000, 220135.125937
0.759000, 219407.882404
0.760000, 218676.307947
0.761000, 217944.733490
0.762000, 217208.856991
0.763000, 216472.980491
0.764000, 215732.831001
0.765000, 214992.681510
0.766000, 214248.288248
0.767000, 213503.894986
0.768000, 212755.287340
0.769000, 212006.679693
0.770000, 211253.887217
0.771000, 210501.094740
0.772000, 209744.147152
0.773000, 208987.199564
0.774000, 208226.126748
0.775000, 207465.053932
0.776000, 206699.885933
0.777000, 205934.717934
0.778000, 205165.484960
0.779000, 204396.251986
0.780000, 203622.984405
0.781000, 202849.716824
0.782000, 202072.445164
0.783000, 201295.173503
0.784000, 200513.928448
0.785000, 199732.683393
0.786000, 198947.495785
0.787000, 198162.308178
0.788000, 197373.209017
0.789000, 196584.109855
0.790000, 195791.130291
0.791000, 194998.150728
0.792000, 194201.322068
0.793000, 193404.493408
0.794000, 192603.847108
0.795000, 191803.200809
0.796000, 190998.768479
0.797000, 190194.336149
0.798000, 189386.149545
0.799000, 188577.962941
0.800000, 187766.053970
0.801000, 186954.144999
0.802000, 186138.545713
0.803000, 185322.946427
0.804000, 184503.689025
0.805000, 183684.431623
0.806000, 182861.548447
0.807000, 182038.665272
0.808000, 181212.188809
0.809000, 180385.712346
0.810000, 179555.675223
0.811000, 178725.638101
0.812000, 177892.073087
0.813000, 177058.508073
0.814000, 176221.448076
0.815000, 175384.388079
0.816000, 174543.866145
0.817000, 173703.344210
0.818000, 172859.393520
0.819000, 172015.442830
0.820000, 171168.096703
0.821000, 170320.750575
0.822000, 169470.042462
0.823000, 168619.334348
0.824000, 167765.297834
0.825000, 166911.261319
0.826000, 166053.930119
0.827000, 165196.598919
0.828000, 164336.006880
0.829000, 163475.414840
0.830000, 162611.595936
0.831000, 161747.777032
0.832000, 160880.765365
0.833000, 160013.753698
0.834000, 159143.583497
0.835000, 158273.413295
0.836000, 157400.118912
0.837000, 156526.824529
0.838000, 155650.440441
0.839000, 154774.056352
0.840000, 153894.617156
0.841000, 153015.177961
0.842000, 152132.718376
0.843000, 151250.258792
0.844000, 150364.813656
0.845000, 149479.368521
0.846000, 148590.972792
0.847000, 147702.577062
0.848000, 146811.265809
0.849000, 145919.954557
0.850000, 145025.762970
0.851000, 144131.571383
0.852000, 143234.534761
0.853000, 142337.498140
0.854000, 141437.651899
0.855000, 140537.805657
0.856000, 139635.185320
0.857000, 138732.564983
0.858000, 137827.206183
0.859000, 136921.847384
0.860000, 136013.785864
0.861000, 135105.724345
0.862000, 134194.995954
0.863000, 133284.267563
0.864000, 132370.908255
0.865000, 131457.548947
0.866000, 130541.594779
0.867000, 129625.640611
0.868000, 128707.127745
0.869000, 127788.614878
0.870000, 126867.579573
0.871000, 125946.544268
0.872000, 125023.022887
0.873000, 124099.501505
0.874000, 123173.530506
0.875000, 122247.559506
0.876000, 121319.175444
0.877000, 120390.791383
0.878000, 119460.030910
0.879000, 118529.270437
0.880000, 117596.170298
0.881000, 116663.070159
0.882000, 115727.667190
0.883000, 114792.264222
0.884000, 113854.595353
0.885000, 112916.926484
0.886000, 111977.028731
0.887000, 111037.130978
0.888000, 110095.041447
0.889000, 109152.951917
0.890000, 108208.707800
0.891000, 107264.463684
0.892000, 106318.102259
0.893000, 105371.740833
0.894000, 104423.299460
0.895000, 103474.858087
0.896000, 102524.374209
0.897000, 101573.890331
0.898000, 100621.401471
0.899000, 99668.912611
0.900000, 98714.456372
0.901000, 97760.000133
0.902000, 96803.614196
0.903000, 95847.228258
0.904000, 94888.950378
0.905000, 93930.672498
0.906000, 92970.540508
0.907000, 92010.408517
0.908000, 91048.460319
0.909000, 90086.512122
0.910000, 89122.785693
0.911000, 88159.059265
0.912000, 87193.592653
0.913000, 86228.126040
0.914000, 85260.957358
0.915000, 84293.788676
0.916000, 83324.956107
0.917000, 82356.123538
0.918000, 81385.665330
0.919000, 80415.207121
0.920000, 79443.161585
0.921000, 78471.116049
0.922000, 77497.521561
0.923000, 76523.927072
0.924000, 75548.822067
0.925000, 74573.717062
0.926000, 73597.140035
0.927000, 72620.563008
0.928000, 71642.552514
0.929000, 70664.542020
0.930000, 69685.136668
0.931000, 68705.731316
0.932000, 67724.969772
0.933000, 66744.208227
0.934000, 65762.129210
0.935000, 64780.050192
0.936000, 63796.692471
0.937000, 62813.334751
0.938000, 61828.737149
0.939000, 60844.139547
0.940000, 59858.340934
0.941000, 58872.542321
0.942000, 57885.581614
0.943000, 56898.620907
0.944000, 55910.537070
0.945000, 54922.453233
0.946000, 53933.285274
0.947000, 52944.117315
0.948000, 51953.904285
0.949000, 50963.691254
0.950000, 49972.472244
0.951000, 48981.253234
0.952000, 47989.067375
0.953000, 46996.881517
0.954000, 46003.767981
0.955000, 45010.654444
0.956000, 44016.652436
0.957000, 43022.650428
0.958000, 42027.799189
0.959000, 41032.947951
0.960000, 40037.286757
0.961000, 39041.625563
0.962000, 38045.193721
0.963000, 37048.761879
0.964000, 36051.598727
0.965000, 35054.435574
0.966000, 34056.580476
0.967000, 33058.725379
0.968000, 32060.217731
0.969000, 31061.710082
0.970000, 30062.589302
0.971000, 29063.468522
0.972000, 28063.774055
0.973000, 27064.079587
0.974000, 26063.850897
0.975000, 25063.622207
0.976000, 24062.898783
0.977000, 23062.175359
0.978000, 22060.996707
0.979000, 21059.818056
0.980000, 20058.223701
0.981000, 19056.629347
0.982000, 18054.658831
0.983000, 17052.688315
0.984000, 16050.381193
0.985000, 15048.074072
0.986000, 14045.469914
0.987000, 13042.865757
0.988000, 12040.004144
0.989000, 11037.142531
0.990000, 10034.063055
0.991000, 9030.983579
0.992000, 8027.725838
0.993000, 7024.468098
0.994000, 6021.071701
0.995000, 5017.675304
0.996000, 4014.179862
0.997000, 3010.684420
0.998000, 2007.129550
0.999000, 1003.574680
1.000000, 0.000000
