0.000000, 0.000000
0.001000, 1222.576746
0.002000, 2445.129360
0.003000, 3667.681974
0.004000, 4890.162191
0.005000, 6112.642407
0.006000, 7335.001966
0.007000, 8557.361524
0.008000, 9779.552168
0.009000, 11001.742812
0.010000, 12223.716290
0.011000, 13445.689769
0.012000, 14667.397841
0.013000, 15889.105913
0.014000, 17110.500348
0.015000, 18331.894782
0.016000, 19552.927361
0.017000, 20773.959940
0.018000, 21994.582459
0.019000, 23215.204977
0.020000, 24435.369248
0.021000, 25655.533518
0.022000, 26875.191370
0.023000, 28094.849223
0.024000, 29313.952506
0.025000, 30533.055790
0.026000, 31751.556378
0.027000, 32970.056965
0.028000, 34187.906752
0.029000, 35405.756539
0.030000, 36622.907446
0.031000, 37840.058354
0.032000, 39056.462331
0.033000, 40272.866308
0.034000, 41488.475333
0.035000, 42704.084359
0.036000, 43918.850442
0.037000, 45133.616525
0.038000, 46347.491709
0.039000, 47561.366893
0.040000, 48774.303257
0.041000, 49987.239620
0.042000, 51199.189279
0.043000, 52411.138937
0.044000, 53622.054044
0.045000, 54832.969151
0.046000, 56042.801903
0.047000, 57252.634654
0.048000, 58461.337287
0.049000, 59670.039921
0.050000, 60877.564719
0.051000, 62085.089516
0.052000, 63291.388808
0.053000, 64497.688099
0.054000, 65702.714261
0.055000, 66907.740423
0.056000, 68111.445884
0.057000, 69315.151345
0.058000, 70517.488584
0.059000, 71719.825823
0.060000, 72920.747374
0.061000, 74121.668925
0.062000, 75321.127377
0.063000, 76520.585830
0.064000, 77718.533832
0.065000, 78916.481834
0.066000, 80112.872092
0.067000, 81309.262350
0.068000, 82504.047633
0.069000, 83698.832915
0.070000, 84891.966055
0.071000, 86085.099194
0.072000, 87276.533088
0.073000, 88467.966981
0.074000, 89657.654593
0.075000, 90847.342204
0.076000, 92035.236567
0.077000, 93223.130929
0.078000, 94409.185147
0.079000, 95595.239365
0.080000, 96779.406615
0.081000, 97963.573865
0.082000, 99145.807397
0.083000, 100328.040930
0.084000, 101508.294073
0.085000, 102688.547216
0.086000, 103866.773375
0.087000, 105044.999534
0.088000, 106221.152194
0.089000, 107397.304855
0.090000, 108571.337585
0.091000, 109745.370315
0.092000, 110917.236765
0.093000, 112089.103215
0.094000, 113258.757122
0.095000, 114428.411029
0.096000, 115595.806218
0.097000, 116763.201406
0.098000, 117928.291789
0.099000, 119093.382171
0.100000, 120256.121753
0.101000, 121418.861334
0.102000, 122579.204211
0.103000, 123739.547088
0.104000, 124897.447452
0.105000, 126055.347816
0.106000, 127210.759956
0.107000, 128366.172095
0.108000, 129519.050396
0.109000, 130671.928698
0.110000, 131822.227647
0.111000, 132972.526596
0.112000, 134120.200781
0.113000, 135267.874967
0.114000, 136412.879080
0.115000, 137557.883193
0.116000, 138700.172032
0.117000, 139842.460870
0.118000, 140981.989338
0.119000, 142121.517807
0.120000, 143258.240917
0.121000, 144394.964028
0.122000, 145528.836906
0.123000, 146662.709784
0.124000, 147793.687666
0.125000, 148924.665548
0.126000, 150052.703784
0.127000, 151180.742020
0.128000, 152305.796078
0.129000, 153430.850136
0.130000, 154552.875600
0.131000, 155674.901064
0.132000, 156793.853639
0.133000, 157912.806214
0.134000, 159028.641726
0.135000, 160144.477237
0.136000, 161257.151633
0.137000, 162369.826030
0.138000, 163479.295385
0.139000, 164588.764740
0.140000, 165694.985254
0.141000, 166801.205768
0.142000, 167904.133769
0.143000, 169007.061769
0.144000, 170106.653716
0.145000, 171206.245662
0.146000, 172302.458143
0.147000, 173398.670624
0.148000, 174491.460365
0.149000, 175584.250105
0.150000, 176673.573962
0.151000, 177762.897819
0.152000, 178848.712789
0.153000, 179934.527759
0.154000, 181016.790975
0.155000, 182099.054192
0.156000, 183177.722929
0.157000, 184256.391666
0.158000, 185331.423339
0.159000, 186406.455013
0.160000, 187477.807182
0.161000, 188549.159352
0.162000, 189616.789723
0.163000, 190684.420094
0.164000, 191748.286517
0.165000, 192812.152941
0.166000, 193872.213417
0.167000, 194932.273894
0.168000, 195988.486574
0.169000, 197044.699255
0.170000, 198097.022442
0.171000, 199149.345629
0.172000, 200197.737778
0.173000, 201246.129927
0.174000, 202290.549650
0.175000, 203334.969373
0.176000, 204375.375438
0.177000, 205415.781502
0.178000, 206452.132835
0.179000, 207488.484168
0.180000, 208520.739856
0.181000, 209552.995544
0.182000, 210581.114836
0.183000, 211609.234127
0.184000, 212633.176433
0.185000, 213657.118739
0.186000, 214676.843637
0.187000, 215696.568535
0.188000, 216712.035767
0.189000, 217727.502998
0.190000, 218738.672476
0.191000, 219749.841953
0.192000, 220756.673757
0.193000, 221763.505561
0.194000, 222765.959943
0.195000, 223768.414325
0.196000, 224766.451710
0.197000, 225764.489095
0.198000, 226758.070082
0.199000, 227751.651070
0.200000, 228740.736434
0.201000, 229729.821799
0.202000, 230714.372494
0.203000, 231698.923189
0.204000, 232678.900345
0.205000, 233658.877501
0.206000, 234634.242431
0.207000, 235609.607362
0.208000, 236580.321560
0.209000, 237551.035758
0.210000, 238517.060902
0.211000, 239483.086046
0.212000, 240444.383999
0.213000, 241405.681952
0.214000, 242362.214764
0.215000, 243318.747575
0.216000, 244270.477483
0.217000, 245222.207391
0.218000, 246169.096822
0.219000, 247115.986254
0.220000, 248057.997827
0.221000, 249000.009401
0.222000, 249937.105927
0.223000, 250874.202453
0.224000, 251806.346938
0.225000, 252738.491422
0.226000, 253665.647065
0.227000, 254592.802708
0.228000, 255514.932907
0.229000, 256437.063106
0.230000, 257354.131457
0.231000, 258271.199808
0.232000, 259183.170106
0.233000, 260095.140405
0.234000, 261001.976648
0.235000, 261908.812891
0.236000, 262810.479279
0.237000, 263712.145666
0.238000, 264608.606601
0.239000, 265505.067537
0.240000, 266396.287630
0.241000, 267287.507722
0.242000, 268173.451788
0.243000, 269059.395855
0.244000, 269940.028919
0.245000, 270820.661983
0.246000, 271695.949279
0.247000, 272571.236575
0.248000, 273441.143548
0.249000, 274311.050521
0.250000, 275175.542829
0.251000, 276040.035137
0.252000, 276899.078651
0.253000, 277758.122164
0.254000, 278611.682971
0.255000, 279465.243777
0.256000, 280313.288179
0.257000, 281161.332581
0.258000, 282003.827098
0.259000, 282846.321616
0.260000, 283683.232990
0.261000, 284520.144363
0.262000, 285351.439552
0.263000, 286182.734742
0.264000, 287008.380929
0.265000, 287834.027116
0.266000, 288653.991706
0.267000, 289473.956296
0.268000, 290288.206918
0.269000, 291102.457540
0.270000, 291910.962049
0.271000, 292719.466557
0.272000, 293522.193034
0.273000, 294324.919511
0.274000, 295121.836266
0.275000, 295918.753022
0.276000, 296709.828594
0.277000, 297500.904166
0.278000, 298286.107325
0.279000, 299071.310484
0.280000, 299850.610231
0.281000, 300629.909979
0.282000, 301403.275549
0.283000, 302176.641120
0.284000, 302944.041982
0.285000, 303711.442844
0.286000, 304472.848702
0.287000, 305234.254561
0.288000, 305989.635356
0.289000, 306745.016152
0.290000, 307494.342063
0.291000, 308243.667975
0.292000, 308986.909420
0.293000, 309730.150865
0.294000, 310467.278503
0.295000, 311204.406140
0.296000, 311935.390869
0.297000, 312666.375598
0.298000, 313391.188560
0.299000, 314116.001522
0.300000, 314834.614104
0.301000, 315553.226685
0.302000, 316265.610516
0.303000, 316977.994346
0.304000, 317684.121303
0.305000, 318390.248259
0.306000, 319090.090465
0.307000, 319789.932671
0.308000, 320483.462497
0.309000, 321176.992323
0.310000, 321864.182390
0.311000, 322551.372457
0.312000, 323232.195637
0.313000, 323913.018816
0.314000, 324587.448230
0.315000, 325261.877643
0.316000, 325929.886666
0.317000, 326597.895689
0.318000, 327259.457949
0.319000, 327921.020208
0.320000, 328576.109588
0.321000, 329231.198968
0.322000, 329879.789605
0.323000, 330528.380243
0.324000, 331170.446533
0.325000, 331812.512823
0.326000, 332448.029419
0.327000, 333083.546014
0.328000, 333712.487826
0.329000, 334341.429637
0.330000, 334963.771835
0.331000, 335586.114033
0.332000, 336201.832048
0.333000, 336817.550063
0.334000, 337426.619588
0.335000, 338035.689114
0.336000, 338638.086104
0.337000, 339240.483094
0.338000, 339836.183767
0.339000, 340431.884441
0.340000, 341020.865280
0.341000, 341609.846119
0.342000, 342192.083873
0.343000, 342774.321626
0.344000, 343349.793308
0.345000, 343925.264990
0.346000, 344493.947882
0.347000, 345062.630773
0.348000, 345624.502424
0.349000, 346186.374075
0.350000, 346741.412303
0.351000, 347296.450531
0.352000, 347844.633424
0.353000, 348392.816318
0.354000, 348934.122235
0.355000, 349475.428153
0.356000, 350009.835725
0.357000, 350544.243296
0.358000, 351071.731425
0.359000, 351599.219553
0.360000, 352119.767414
0.361000, 352640.315275
0.362000, 353153.902318
0.363000, 353667.489361
0.364000, 354174.095311
0.365000, 354680.701261
0.366000, 355180.306117
0.367000, 355679.910973
0.368000, 356172.495012
0.369000, 356665.079051
0.370000, 357150.622827
0.371000, 357636.166603
0.372000, 358114.650948
0.373000, 358593.135292
0.374000, 359064.541314
0.375000, 359535.947337
0.376000, 360000.256428
0.377000, 360464.565519
0.378000, 360921.759348
0.379000, 361378.953177
0.380000, 361829.013695
0.381000, 362279.074213
0.382000, 362721.983652
0.383000, 363164.893091
0.384000, 363600.633966
0.385000, 364036.374841
0.386000, 364464.929950
0.387000, 364893.485058
0.388000, 365314.837482
0.389000, 365736.189906
0.390000, 366150.323010
0.391000, 366564.456115
0.392000, 366971.353550
0.393000, 367378.250986
0.394000, 367777.896690
0.395000, 368177.542394
0.396000, 368569.920588
0.397000, 368962.298782
0.398000, 369347.393977
0.399000, 369732.489171
0.400000, 370110.286162
0.401000, 370488.083154
0.402000, 370858.567028
0.403000, 371229.050902
0.404000, 371592.207032
0.405000, 371955.363163
0.406000, 372311.177213
0.407000, 372666.991262
0.408000, 373015.449185
0.409000, 373363.907108
0.410000, 373704.995146
0.411000, 374046.083185
0.412000, 374379.787874
0.413000, 374713.492563
0.414000, 375039.800729
0.415000, 375366.108895
0.416000, 375685.007655
0.417000, 376003.906415
0.418000, 376315.383180
0.419000, 376626.859945
0.420000, 376930.902418
0.421000, 377234.944891
0.422000, 377531.541069
0.423000, 377828.137247
0.424000, 378117.275422
0.425000, 378406.413596
0.426000, 378688.082352
0.427000, 378969.751107
0.428000, 379243.939325
0.429000, 379518.127542
0.430000, 379784.824396
0.431000, 380051.521250
0.432000, 380310.716213
0.433000, 380569.911176
0.434000, 380821.594014
0.435000, 381073.276853
0.436000, 381317.437631
0.437000, 381561.598409
0.438000, 381798.227488
0.439000, 382034.856567
0.440000, 382263.944605
0.441000, 382493.032643
0.442000, 382714.570595
0.443000, 382936.108548
0.444000, 383150.087670
0.445000, 383364.066792
0.446000, 383570.478636
0.447000, 383776.890479
0.448000, 383975.726896
0.449000, 384174.563312
0.450000, 384365.816451
0.451000, 384557.069590
0.452000, 384740.731902
0.453000, 384924.394214
0.454000, 385100.458448
0.455000, 385276.522682
0.456000, 385444.981888
0.457000, 385613.441093
0.458000, 385774.288619
0.459000, 385935.136145
0.460000, 386088.365642
0.461000, 386241.595139
0.462000, 386387.200557
0.463000, 386532.805976
0.464000, 386670.781568
0.465000, 386808.757159
0.466000, 386939.097478
0.467000, 387069.437796
0.468000, 387192.137694
0.469000, 387314.837593
0.470000, 387429.892229
0.471000, 387544.946864
0.472000, 387652.351694
0.473000, 387759.756524
0.474000, 387859.507309
0.475000, 387959.258093
0.476000, 388051.350894
0.477000, 388143.443695
0.478000, 388227.874876
0.479000, 388312.306058
0.480000, 388389.072287
0.481000, 388465.838516
0.482000, 388534.936762
0.483000, 388604.035008
0.484000, 388665.462543
0.485000, 388726.890078
0.486000, 388780.644477
0.487000, 388834.398876
0.488000, 388880.478017
0.489000, 388926.557158
0.490000, 388964.959222
0.491000, 389003.361285
0.492000, 389034.084756
0.493000, 389064.808226
0.494000, 389087.851890
0.495000, 389110.895554
0.496000, 389126.258502
0.497000, 389141.621450
0.498000, 389149.303076
0.499000, 389156.984702
0.500000, 389156.984702
0.501000, 389156.984702
0.502000, 389149.303076
0.503000, 389141.621450
0.504000, 389126.258502
0.505000, 389110.895554
0.506000, 389087.851890
0.507000, 389064.808226
0.508000, 389034.084756
0.509000, 389003.361285
0.510000, 388964.959222
0.511000, 388926.557158
0.512000, 388880.478017
0.513000, 388834.398876
0.514000, 388780.644477
0.515000, 388726.890078
0.516000, 388665.462543
0.517000, 388604.035008
0.518000, 388534.936762
0.519000, 388465.838516
0.520000, 388389.072287
0.521000, 388312.306058
0.522000, 388227.874876
0.523000, 388143.443695
0.524000, 388051.350894
0.525000, 387959.258093
0.526000, 387859.507309
0.527000, 387759.756524
0.528000, 387652.351694
0.529000, 387544.946864
0.530000, 387429.892229
0.531000, 387314.837593
0.532000, 387192.137694
0.533000, 387069.437796
0.534000, 386939.097478
0.535000, 386808.757159
0.536000, 386670.781568
0.537000, 386532.805976
0.538000, 386387.200557
0.539000, 386241.595139
0.540000, 386088.365642
0.541000, 385935.136145
0.542000, 385774.288619
0.543000, 385613.441093
0.544000, 385444.981888
0.545000, 385276.522682
0.546000, 385100.458448
0.547000, 384924.394214
0.548000, 384740.731902
0.549000, 384557.069590
0.550000, 384365.816451
0.551000, 384174.563312
0.552000, 383975.726896
0.553000, 383776.890479
0.554000, 383570.478636
0.555000, 383364.066792
0.556000, 383150.087670
0.557000, 382936.108548
0.558000, 382714.570595
0.559000, 382493.032643
0.560000, 382263.944605
0.561000, 382034.856567
0.562000, 381798.227488
0.563000, 381561.598409
0.564000, 381317.437631
0.565000, 381073.276853
0.566000, 380821.594014
0.567000, 380569.911176
0.568000, 380310.716213
0.569000, 380051.521250
0.570000, 379784.824396
0.571000, 379518.127542
0.572000, 379243.939325
0.573000, 378969.751107
0.574000, 378688.082352
0.575000, 378406.413596
0.576000, 378117.275422
0.577000, 377828.137247
0.578000, 377531.541069
0.579000, 377234.944891
0.580000, 376930.902418
0.581000, 376626.859945
0.582000, 376315.383180
0.583000, 376003.906415
0.584000, 375685.007655
0.585000, 375366.108895
0.586000, 375039.800729
0.587000, 374713.492563
0.588000, 374379.787874
0.589000, 374046.083185
0.590000, 373704.995146
0.591000, 373363.907108
0.592000, 373015.449185
0.593000, 372666.991262
0.594000, 372311.177213
0.595000, 371955.363163
0.596000, 371592.207032
0.597000, 371229.050902
0.598000, 370858.567028
0.599000, 370488.083154
0.600000, 370110.286162
0.601000, 369732.489171
0.602000, 369347.393977
0.603000, 368962.298782
0.604000, 368569.920588
0.605000, 368177.542394
0.606000, 367777.896690
0.607000, 367378.250986
0.608000, 366971.353550
0.609000, 366564.456115
0.610000, 366150.323010
0.611000, 365736.189906
0.612000, 365314.837482
0.613000, 364893.485058
0.614000, 364464.929950
0.615000, 364036.374841
0.616000, 363600.633966
0.617000, 363164.893091
0.618000, 362721.983652
0.619000, 362279.074213
0.620000, 361829.013695
0.621000, 361378.953177
0.622000, 360921.759348
0.623000, 360464.565519
0.624000, 360000.256428
0.625000, 359535.947337
0.626000, 359064.541314
0.627000, 358593.135292
0.628000, 358114.650948
0.629000, 357636.166603
0.630000, 357150.622827
0.631000, 356665.079051
0.632000, 356172.495012
0.633000, 355679.910973
0.634000, 355180.306117
0.635000, 354680.701261
0.636000, 354174.095311
0.637000, 353667.489361
0.638000, 353153.902318
0.639000, 352640.315275
0.640000, 352119.767414
0.641000, 351599.219553
0.642000, 351071.731425
0.643000, 350544.243296
0.644000, 350009.835725
0.645000, 349475.428153
0.646000, 348934.122235
0.647000, 348392.816318
0.648000, 347844.633424
0.649000, 347296.450531
0.650000, 346741.412303
0.651000, 346186.374075
0.652000, 345624.502424
0.653000, 345062.630773
0.654000, 344493.947882
0.655000, 343925.264990
0.656000, 343349.793308
0.657000, 342774.321626
0.658000, 342192.083873
0.659000, 341609.846119
0.660000, 341020.865280
0.661000, 340431.884441
0.662000, 339836.183767
0.663000, 339240.483094
0.664000, 338638.086104
0.665000, 338035.689114
0.666000, 337426.619588
0.667000, 336817.550063
0.668000, 336201.832048
0.669000, 335586.114033
0.670000, 334963.771835
0.671000, 334341.429637
0.672000, 333712.487826
0.673000, 333083.546014
0.674000, 332448.029419
0.675000, 331812.512823
0.676000, 331170.446533
0.677000, 330528.380243
0.678000, 329879.789605
0.679000, 329231.198968
0.680000, 328576.109588
0.681000, 327921.020208
0.682000, 327259.457949
0.683000, 326597.895689
0.684000, 325929.886666
0.685000, 325261.877643
0.686000, 324587.448230
0.687000, 323913.018816
0.688000, 323232.195637
0.689000, 322551.372457
0.690000, 321864.182390
0.691000, 321176.992323
0.692000, 320483.462497
0.693000, 319789.932671
0.694000, 319090.090465
0.695000, 318390.248259
0.696000, 317684.121303
0.697000, 316977.994346
0.698000, 316265.610516
0.699000, 315553.226685
0.700000, 314834.614104
0.701000, 314116.001522
0.702000, 313391.188560
0.703000, 312666.375598
0.704000, 311935.390869
0.705000, 311204.406140
0.706000, 310467.278503
0.707000, 309730.150865
0.708000, 308986.909420
0.709000, 308243.667975
0.710000, 307494.342063
0.711000, 306745.016152
0.712000, 305989.635356
0.713000, 305234.254561
0.714000, 304472.848702
0.715000, 303711.442844
0.716000, 302944.041982
0.717000, 302176.641120
0.718000, 301403.275549
0.719000, 300629.909979
0.720000, 299850.610231
0.721000, 299071.310484
0.722000, 298286.107325
0.723000, 297500.904166
0.724000, 296709.828594
0.725000, 295918.753022
0.726000, 295121.836266
0.727000, 294324.919511
0.728000, 293522.193034
0.729000, 292719.466557
0.730000, 291910.962049
0.731000, 291102.457540
0.732000, 290288.206918
0.733000, 289473.956296
0.734000, 288653.991706
0.735000, 287834.027116
0.736000, 287008.380929
0.737000, 286182.734742
0.738000, 285351.439552
0.739000, 284520.144363
0.740000, 283683.232990
0.741000, 282846.321616
0.742000, 282003.827098
0.743000, 281161.332581
0.744000, 280313.288179
0.745000, 279465.243777
0.746000, 278611.682971
0.747000, 277758.122164
0.748000, 276899.078651
0.749000, 276040.035137
0.750000, 275175.542829
0.751000, 274311.050521
0.752000, 273441.143548
0.753000, 272571.236575
0.754000, 271695.949279
0.755000, 270820.661983
0.756000, 269940.028919
0.757000, 269059.395855
0.758000, 268173.451788
0.759000, 267287.507722
0.760000, 266396.287630
0.761000, 265505.067537
0.762000, 264608.606601
0.763000, 263712.145666
0.764000, 262810.479279
0.765000, 261908.812891
0.766000, 261001.976648
0.767000, 260095.140405
0.768000, 259183.170106
0.769000, 258271.199808
0.770000, 257354.131457
0.771000, 256437.063106
0.772000, 255514.932907
0.773000, 254592.802708
0.774000, 253665.647065
0.775000, 252738.491422
0.776000, 251806.346938
0.777000, 250874.202453
0.778000, 249937.105927
0.779000, 249000.009401
0.780000, 248057.997827
0.781000, 247115.986254
0.782000, 246169.096822
0.783000, 245222.207391
0.784000, 244270.477483
0.785000, 243318.747575
0.786000, 242362.214764
0.787000, 241405.681952
0.788000, 240444.383999
0.789000, 239483.086046
0.790000, 238517.060902
0.791000, 237551.035758
0.792000, 236580.321560
0.793000, 235609.607362
0.794000, 234634.242431
0.795000, 233658.877501
0.796000, 232678.900345
0.797000, 231698.923189
0.798000, 230714.372494
0.799000, 229729.821799
0.800000, 228740.736434
0.801000, 227751.651070
0.802000, 226758.070082
0.803000, 225764.489095
0.804000, 224766.451710
0.805000, 223768.414325
0.806000, 222765.959943
0.807000, 221763.505561
0.808000, 220756.673757
0.809000, 219749.841953
0.810000, 218738.672476
0.811000, 217727.502998
0.812000, 216712.035767
0.813000, 215696.568535
0.814000, 214676.843637
0.815000, 213657.118739
0.816000, 212633.176433
0.817000, 211609.234127
0.818000, 210581.114836
0.819000, 209552.995544
0.820000, 208520.739856
0.821000, 207488.484168
0.822000, 206452.132835
0.823000, 205415.781502
0.824000, 204375.375438
0.825000, 203334.969373
0.826000, 202290.549650
0.827000, 201246.129927
0.828000, 200197.737778
0.829000, 199149.345629
0.830000, 198097.022442
0.831000, 197044.699255
0.832000, 195988.486574
0.833000, 194932.273894
0.834000, 193872.213417
0.835000, 192812.152941
0.836000, 191748.286517
0.837000, 190684.420094
0.838000, 189616.789723
0.839000, 188549.159352
0.840000, 187477.807182
0.841000, 186406.455013
0.842000, 185331.423339
0.843000, 184256.391666
0.844000, 183177.722929
0.845000, 182099.054192
0.846000, 181016.790975
0.847000, 179934.527759
0.848000, 178848.712789
0.849000, 177762.897819
0.850000, 176673.573962
0.851000, 175584.250105
0.852000, 174491.460365
0.853000, 173398.670624
0.854000, 172302.458143
0.855000, 171206.245662
0.856000, 170106.653716
0.857000, 169007.061769
0.858000, 167904.133769
0.859000, 166801.205768
0.860000, 165694.985254
0.861000, 164588.764740
0.862000, 163479.295385
0.863000, 162369.826030
0.864000, 161257.151633
0.865000, 160144.477237
0.866000, 159028.641726
0.867000, 157912.806214
0.868000, 156793.853639
0.869000, 155674.901064
0.870000, 154552.875600
0.871000, 153430.850136
0.872000, 152305.796078
0.873000, 151180.742020
0.874000, 150052.703784
0.875000, 148924.665548
0.876000, 147793.687666
0.877000, 146662.709784
0.878000, 145528.836906
0.879000, 144394.964028
0.880000, 143258.240917
0.881000, 142121.517807
0.882000, 140981.989338
0.883000, 139842.460870
0.884000, 138700.172032
0.885000, 137557.883193
0.886000, 136412.879080
0.887000, 135267.874967
0.888000, 134120.200781
0.889000, 132972.526596
0.890000, 131822.227647
0.891000, 130671.928698
0.892000, 129519.050396
0.893000, 128366.172095
0.894000, 127210.759956
0.895000, 126055.347816
0.896000, 124897.447452
0.897000, 123739.547088
0.898000, 122579.204211
0.899000, 121418.861334
0.900000, 120256.121753
0.901000, 119093.382171
0.902000, 117928.291789
0.903000, 116763.201406
0.904000, 115595.806218
0.905000, 114428.411029
0.906000, 113258.757122
0.907000, 112089.103215
0.908000, 110917.236765
0.909000, 109745.370315
0.910000, 108571.337585
0.911000, 107397.304855
0.912000, 106221.152194
0.913000, 105044.999534
0.914000, 103866.773375
0.915000, 102688.547216
0.916000, 101508.294073
0.917000, 100328.040930
0.918000, 99145.807397
0.919000, 97963.573865
0.920000, 96779.406615
0.921000, 95595.239365
0.922000, 94409.185147
0.923000, 93223.130929
0.924000, 92035.236567
0.925000, 90847.342204
0.926000, 89657.654593
0.927000, 88467.966981
0.928000, 87276.533088
0.929000, 86085.099194
0.930000, 84891.966055
0.931000, 83698.832915
0.932000, 82504.047633
0.933000, 81309.262350
0.934000, 80112.872092
0.935000, 78916.481834
0.936000, 77718.533832
0.937000, 76520.585830
0.938000, 75321.127377
0.939000, 74121.668925
0.940000, 72920.747374
0.941000, 71719.825823
0.942000, 70517.488584
0.943000, 69315.151345
0.944000, 68111.445884
0.945000, 66907.740423
0.946000, 65702.714261
0.947000, 64497.688099
0.948000, 63291.388808
0.949000, 62085.089516
0.950000, 60877.564719
0.951000, 59670.039921
0.952000, 58461.337287
0.953000, 57252.634654
0.954000, 56042.801903
0.955000, 54832.969151
0.956000, 53622.054044
0.957000, 52411.138937
0.958000, 51199.189279
0.959000, 49987.239620
0.960000, 48774.303257
0.961000, 47561.366893
0.962000, 46347.491709
0.963000, 45133.616525
0.964000, 43918.850442
0.965000, 42704.084359
0.966000, 41488.475333
0.967000, 40272.866308
0.968000, 39056.462331
0.969000, 37840.058354
0.970000, 36622.907446
0.971000, 35405.756539
0.972000, 34187.906752
0.973000, 32970.056965
0.974000, 31751.556378
0.975000, 30533.055790
0.976000, 29313.952506
0.977000, 28094.849223
0.978000, 26875.191370
0.979000, 25655.533518
0.980000, 24435.369248
0.981000, 23215.204977
0.982000, 21994.582459
0.983000, 20773.959940
0.984000, 19552.927361
0.985000, 18331.894782
0.986000, 17110.500348
0.987000, 15889.105913
0.988000, 14667.397841
0.989000, 13445.689769
0.990000, 12223.716290
0.991000, 11001.742812
0.992000, 9779.552168
0.993000, 8557.361524
0.994000, 7335.001966
0.995000, 6112.642407
0.996000, 4890.162191
0.997000, 3667.681974
0.998000, 2445.129360
0.999000, 1222.576746
1.000000, 0.000000
