0.000000, 0.000000
0.001000, 676896.646968
0.002000, 1353779.932504
0.003000, 2030663.218039
0.004000, 2707506.419806
0.005000, 3384349.621573
0.006000, 4061126.018816
0.007000, 4737902.416060
0.008000, 5414585.290663
0.009000, 6091268.165267
0.010000, 6767830.802805
0.011000, 7444393.440344
0.012000, 8120809.131141
0.013000, 8797224.821937
0.014000, 9473466.862115
0.015000, 10149708.902293
0.016000, 10825750.594833
0.017000, 11501792.287372
0.018000, 12177606.943163
0.019000, 12853421.598953
0.020000, 13528982.537847
0.021000, 14204543.476741
0.022000, 14879824.028609
0.023000, 15555104.580476
0.024000, 16230078.086256
0.025000, 16905051.592037
0.026000, 17579691.404792
0.027000, 18254331.217546
0.028000, 18928610.703511
0.029000, 19602890.189477
0.030000, 20276782.729114
0.031000, 20950675.268751
0.032000, 21624154.257799
0.033000, 22297633.246847
0.034000, 22970672.097370
0.035000, 23643710.947894
0.036000, 24316283.089336
0.037000, 24988855.230777
0.038000, 25660934.111005
0.039000, 26333012.991233
0.040000, 27004572.077589
0.041000, 27676131.163945
0.042000, 28347143.944292
0.043000, 29018156.724640
0.044000, 29688596.708410
0.045000, 30359036.692181
0.046000, 31028877.411421
0.047000, 31698718.130661
0.048000, 32367933.141075
0.049000, 33037148.151489
0.050000, 33705711.033485
0.051000, 34374273.915482
0.052000, 35042158.275214
0.053000, 35710042.634946
0.054000, 36377222.105357
0.055000, 37044401.575768
0.056000, 37710849.817629
0.057000, 38377298.059489
0.058000, 39042988.762440
0.059000, 39708679.465391
0.060000, 40373586.348981
0.061000, 41038493.232570
0.062000, 41702590.047291
0.063000, 42366686.862012
0.064000, 43029947.390340
0.065000, 43693207.918668
0.066000, 44355605.976094
0.067000, 45018004.033520
0.068000, 45679513.469586
0.069000, 46341022.905653
0.070000, 47001617.604985
0.071000, 47662212.304317
0.072000, 48321866.187653
0.073000, 48981520.070989
0.074000, 49640207.096212
0.075000, 50298894.121434
0.076000, 50956588.284598
0.077000, 51614282.447761
0.078000, 52270957.784116
0.079000, 52927633.120472
0.080000, 53583263.705496
0.081000, 54238894.290520
0.082000, 54893454.240934
0.083000, 55548014.191348
0.084000, 56201477.666144
0.085000, 56854941.140940
0.086000, 57507282.342397
0.087000, 58159623.543854
0.088000, 58810816.718560
0.089000, 59462009.893266
0.090000, 60112029.333132
0.091000, 60762048.772998
0.092000, 61410868.816275
0.093000, 62059688.859552
0.094000, 62707283.891842
0.095000, 63354878.924132
0.096000, 64001223.379401
0.097000, 64647567.834671
0.098000, 65292636.196258
0.099000, 65937704.557846
0.100000, 66581471.359470
0.101000, 67225238.161095
0.102000, 67867677.987861
0.103000, 68510117.814627
0.104000, 69151205.304029
0.105000, 69792292.793430
0.106000, 70432002.636350
0.107000, 71071712.479269
0.108000, 71710019.420981
0.109000, 72348326.362692
0.110000, 72985205.203854
0.111000, 73622084.045017
0.112000, 74257509.642671
0.113000, 74892935.240325
0.114000, 75526882.508885
0.115000, 76160829.777445
0.116000, 76793273.689691
0.117000, 77425717.601936
0.118000, 78056633.189998
0.119000, 78687548.778060
0.120000, 79316911.134407
0.121000, 79946273.490755
0.122000, 80574057.769178
0.123000, 81201842.047602
0.124000, 81828023.464195
0.125000, 82454204.880787
0.126000, 83078758.714923
0.127000, 83703312.549058
0.128000, 84326214.144367
0.129000, 84949115.739675
0.130000, 85570340.505017
0.131000, 86191565.270359
0.132000, 86811088.680795
0.133000, 87430612.091232
0.134000, 88048409.688993
0.135000, 88666207.286755
0.136000, 89282254.682207
0.137000, 89898302.077658
0.138000, 90512574.950263
0.139000, 91126847.822868
0.140000, 91739321.922146
0.141000, 92351796.021424
0.142000, 92962447.167910
0.143000, 93573098.314397
0.144000, 94181902.400598
0.145000, 94790706.486799
0.146000, 95397639.478141
0.147000, 96004572.469482
0.148000, 96609610.405262
0.149000, 97214648.341041
0.150000, 97817767.335371
0.151000, 98420886.329701
0.152000, 99022062.572455
0.153000, 99623238.815208
0.154000, 100222448.572956
0.155000, 100821658.330703
0.156000, 101418877.947654
0.157000, 102016097.564604
0.158000, 102611303.463534
0.159000, 103206509.362464
0.160000, 103799678.045652
0.161000, 104392846.728841
0.162000, 104983954.778995
0.163000, 105575062.829149
0.164000, 106164086.910329
0.165000, 106753110.991509
0.166000, 107340027.850048
0.167000, 107926944.708587
0.168000, 108511731.174013
0.169000, 109096517.639439
0.170000, 109679150.625384
0.171000, 110261783.611330
0.172000, 110842240.116447
0.173000, 111422696.621564
0.174000, 112000953.730431
0.175000, 112579210.839298
0.176000, 113155245.723324
0.177000, 113731280.607350
0.178000, 114305070.525677
0.179000, 114878860.444004
0.180000, 115450382.744404
0.181000, 116021905.044804
0.182000, 116591137.164574
0.183000, 117160369.284343
0.184000, 117727288.751192
0.185000, 118294208.218042
0.186000, 118858792.650985
0.187000, 119423377.083928
0.188000, 119985604.194165
0.189000, 120547831.304402
0.190000, 121107678.896196
0.191000, 121667526.487991
0.192000, 122224972.459552
0.193000, 122782418.431112
0.194000, 123337440.775459
0.195000, 123892463.119806
0.196000, 124445039.925645
0.197000, 124997616.731484
0.198000, 125547726.184068
0.199000, 126097835.636652
0.200000, 126645456.018643
0.201000, 127193076.400634
0.202000, 127738186.092962
0.203000, 128283295.785290
0.204000, 128825873.268005
0.205000, 129368450.750719
0.206000, 129908474.603840
0.207000, 130448498.456960
0.208000, 130985947.361322
0.209000, 131523396.265684
0.210000, 132058249.003779
0.211000, 132593101.741874
0.212000, 133125337.198689
0.213000, 133657572.655504
0.214000, 134187169.819354
0.215000, 134716766.983204
0.216000, 135243704.946562
0.217000, 135770642.909919
0.218000, 136294900.870241
0.219000, 136819158.830563
0.220000, 137340716.091109
0.221000, 137862273.351654
0.222000, 138381109.322306
0.223000, 138899945.292957
0.224000, 139416039.491030
0.225000, 139932133.689103
0.226000, 140445465.740156
0.227000, 140958797.791210
0.228000, 141469347.429849
0.229000, 141979897.068488
0.230000, 142487644.139167
0.231000, 142995391.209845
0.232000, 143500315.667659
0.233000, 144005240.125472
0.234000, 144507322.036951
0.235000, 145009403.948429
0.236000, 145508623.492323
0.237000, 146007843.036218
0.238000, 146504180.504283
0.239000, 147000517.972348
0.240000, 147493953.770120
0.241000, 147987389.567891
0.242000, 148477904.215461
0.243000, 148968418.863031
0.244000, 149455992.995814
0.245000, 149943567.128596
0.246000, 150428181.498096
0.247000, 150912795.867596
0.248000, 151394431.342166
0.249000, 151876066.816735
0.250000, 152354704.382330
0.251000, 152833341.947924
0.252000, 153308962.708854
0.253000, 153784583.469784
0.254000, 154257168.649459
0.255000, 154729753.829134
0.256000, 155199284.770807
0.257000, 155668815.712479
0.258000, 156135273.879979
0.259000, 156601732.047478
0.260000, 157065099.025943
0.261000, 157528466.004409
0.262000, 157988723.501016
0.263000, 158448980.997624
0.264000, 158906110.842308
0.265000, 159363240.686992
0.266000, 159817224.833163
0.267000, 160271208.979334
0.268000, 160722029.504591
0.269000, 161172850.029849
0.270000, 161620489.136687
0.271000, 162068128.243525
0.272000, 162512568.260038
0.273000, 162957008.276551
0.274000, 163398231.657127
0.275000, 163839455.037704
0.276000, 164277444.363723
0.277000, 164715433.689743
0.278000, 165150171.670259
0.279000, 165584909.650775
0.280000, 166016379.123201
0.281000, 166447848.595627
0.282000, 166876032.526414
0.283000, 167304216.457201
0.284000, 167729097.942507
0.285000, 168153979.427813
0.286000, 168575541.694174
0.287000, 168997103.960534
0.288000, 169415330.365522
0.289000, 169833556.770510
0.290000, 170248430.803393
0.291000, 170663304.836277
0.292000, 171074810.118672
0.293000, 171486315.401067
0.294000, 171894435.687583
0.295000, 172302555.974098
0.296000, 172707275.152978
0.297000, 173111994.331857
0.298000, 173513296.425616
0.299000, 173914598.519375
0.300000, 174312467.685429
0.301000, 174710336.851483
0.302000, 175104757.382775
0.303000, 175499177.914068
0.304000, 175890134.239690
0.305000, 176281090.565311
0.306000, 176668567.251114
0.307000, 177056043.936916
0.308000, 177440025.686122
0.309000, 177824007.435328
0.310000, 178204479.089136
0.311000, 178584950.742943
0.312000, 178961897.281123
0.313000, 179338843.819303
0.314000, 179712250.360792
0.315000, 180085656.902282
0.316000, 180455508.705770
0.317000, 180825360.509259
0.318000, 181191642.973774
0.319000, 181557925.438288
0.320000, 181920624.103766
0.321000, 182283322.769244
0.322000, 182642423.317106
0.323000, 183001523.864967
0.324000, 183357012.118681
0.325000, 183712500.372394
0.326000, 184064362.298035
0.327000, 184416224.223676
0.328000, 184764445.930481
0.329000, 185112667.637286
0.330000, 185457235.378203
0.331000, 185801803.119119
0.332000, 186142703.291347
0.333000, 186483603.463574
0.334000, 186820822.609100
0.335000, 187158041.754627
0.336000, 187491566.560762
0.337000, 187825091.366897
0.338000, 188154908.666795
0.339000, 188484725.966694
0.340000, 188810822.739878
0.341000, 189136919.513062
0.342000, 189459282.885933
0.343000, 189781646.258803
0.344000, 190100263.505150
0.345000, 190418880.751496
0.346000, 190733739.292998
0.347000, 191048597.834499
0.348000, 191359685.241223
0.349000, 191670772.647947
0.350000, 191978076.638837
0.351000, 192285380.629727
0.352000, 192588889.073090
0.353000, 192892397.516453
0.354000, 193192098.430436
0.355000, 193491799.344420
0.356000, 193787680.897486
0.357000, 194083562.450552
0.358000, 194375612.961945
0.359000, 194667663.473337
0.360000, 194955871.413542
0.361000, 195244079.353746
0.362000, 195528433.344946
0.363000, 195812787.336146
0.364000, 196093276.152670
0.365000, 196373764.969195
0.366000, 196650377.537964
0.367000, 196926990.106733
0.368000, 197199715.507694
0.369000, 197472440.908654
0.370000, 197741268.375209
0.371000, 198010095.841765
0.372000, 198275014.761203
0.373000, 198539933.680641
0.374000, 198800933.594550
0.375000, 199061933.508459
0.376000, 199319004.113144
0.377000, 199576074.717828
0.378000, 199829205.864712
0.379000, 200082337.011596
0.380000, 200331518.707628
0.381000, 200580700.403659
0.382000, 200825922.811700
0.383000, 201071145.219742
0.384000, 201312398.658962
0.385000, 201553652.098181
0.386000, 201790927.044435
0.387000, 202028201.990688
0.388000, 202261489.076892
0.389000, 202494776.163096
0.390000, 202724066.179602
0.391000, 202953356.196108
0.392000, 203178640.091062
0.393000, 203403923.986016
0.394000, 203625192.865717
0.395000, 203846461.745419
0.396000, 204063706.874673
0.397000, 204280952.003927
0.398000, 204494164.806387
0.399000, 204707377.608847
0.400000, 204916549.667354
0.401000, 205125721.725861
0.402000, 205330844.782777
0.403000, 205535967.839693
0.404000, 205737033.797226
0.405000, 205938099.754759
0.406000, 206135100.675282
0.407000, 206332101.595804
0.408000, 206525029.702169
0.409000, 206717957.808534
0.410000, 206906805.484379
0.411000, 207095653.160225
0.412000, 207280412.950275
0.413000, 207465172.740326
0.414000, 207645837.350688
0.415000, 207826501.961050
0.416000, 208003064.259498
0.417000, 208179626.557946
0.418000, 208352079.574205
0.419000, 208524532.590464
0.420000, 208692869.516484
0.421000, 208861206.442505
0.422000, 209025420.632732
0.423000, 209189634.822959
0.424000, 209349719.794593
0.425000, 209509804.766228
0.426000, 209665754.199484
0.427000, 209821703.632740
0.428000, 209973511.371093
0.429000, 210125319.109446
0.430000, 210272979.159878
0.431000, 210420639.210309
0.432000, 210564145.743540
0.433000, 210707652.276771
0.434000, 210846999.627496
0.435000, 210986346.978221
0.436000, 211121529.645329
0.437000, 211256712.312436
0.438000, 211387724.959228
0.439000, 211518737.606020
0.440000, 211645575.060420
0.441000, 211772412.514820
0.442000, 211895069.769579
0.443000, 212017727.024339
0.444000, 212136199.237235
0.445000, 212254671.450131
0.446000, 212368953.944156
0.447000, 212483236.438180
0.448000, 212593324.701726
0.449000, 212703412.965271
0.450000, 212809302.652310
0.451000, 212915192.339348
0.452000, 213016879.269601
0.453000, 213118566.199854
0.454000, 213216046.358958
0.455000, 213313526.518063
0.456000, 213406796.057729
0.457000, 213500065.597396
0.458000, 213589120.835560
0.459000, 213678176.073725
0.460000, 213763013.494695
0.461000, 213847850.915665
0.462000, 213928467.170257
0.463000, 214009083.424850
0.464000, 214085475.330523
0.465000, 214161867.236196
0.466000, 214234031.777176
0.467000, 214306196.318156
0.468000, 214374130.645556
0.469000, 214442064.972956
0.470000, 214505766.404888
0.471000, 214569467.836819
0.472000, 214628933.858499
0.473000, 214688399.880179
0.474000, 214743628.144028
0.475000, 214798856.407876
0.476000, 214849844.733612
0.477000, 214900833.059347
0.478000, 214947579.434069
0.479000, 214994325.808792
0.480000, 215036828.387064
0.481000, 215079330.965336
0.482000, 215117588.069256
0.483000, 215155845.173176
0.484000, 215189855.292443
0.485000, 215223865.411710
0.486000, 215253627.203684
0.487000, 215283388.995658
0.488000, 215308901.285414
0.489000, 215334413.575170
0.490000, 215355675.355543
0.491000, 215376937.135915
0.492000, 215393947.567538
0.493000, 215410957.999162
0.494000, 215423716.410505
0.495000, 215436474.821847
0.496000, 215444980.709237
0.497000, 215453486.596627
0.498000, 215457739.624272
0.499000, 215461992.651917
0.500000, 215461992.651917
0.501000, 215461992.651917
0.502000, 215457739.624272
0.503000, 215453486.596627
0.504000, 215444980.709237
0.505000, 215436474.821847
0.506000, 215423716.410505
0.507000, 215410957.999162
0.508000, 215393947.567538
0.509000, 215376937.135915
0.510000, 215355675.355543
0.511000, 215334413.575170
0.512000, 215308901.285414
0.513000, 215283388.995658
0.514000, 215253627.203684
0.515000, 215223865.411710
0.516000, 215189855.292443
0.517000, 215155845.173176
0.518000, 215117588.069256
0.519000, 215079330.965336
0.520000, 215036828.387064
0.521000, 214994325.808792
0.522000, 214947579.434069
0.523000, 214900833.059347
0.524000, 214849844.733612
0.525000, 214798856.407876
0.526000, 214743628.144028
0.527000, 214688399.880179
0.528000, 214628933.858499
0.529000, 214569467.836819
0.530000, 214505766.404888
0.531000, 214442064.972956
0.532000, 214374130.645556
0.533000, 214306196.318156
0.534000, 214234031.777176
0.535000, 214161867.236196
0.536000, 214085475.330523
0.537000, 214009083.424850
0.538000, 213928467.170257
0.539000, 213847850.915665
0.540000, 213763013.494695
0.541000, 213678176.073725
0.542000, 213589120.835560
0.543000, 213500065.597396
0.544000, 213406796.057729
0.545000, 213313526.518063
0.546000, 213216046.358958
0.547000, 213118566.199854
0.548000, 213016879.269601
0.549000, 212915192.339348
0.550000, 212809302.652310
0.551000, 212703412.965271
0.552000, 212593324.701726
0.553000, 212483236.438180
0.554000, 212368953.944156
0.555000, 212254671.450131
0.556000, 212136199.237235
0.557000, 212017727.024339
0.558000, 211895069.769579
0.559000, 211772412.514820
0.560000, 211645575.060420
0.561000, 211518737.606020
0.562000, 211387724.959228
0.563000, 211256712.312436
0.564000, 211121529.645329
0.565000, 210986346.978221
0.566000, 210846999.627496
0.567000, 210707652.276771
0.568000, 210564145.743540
0.569000, 210420639.210309
0.570000, 210272979.159878
0.571000, 210125319.109446
0.572000, 209973511.371093
0.573000, 209821703.632740
0.574000, 209665754.199484
0.575000, 209509804.766228
0.576000, 209349719.794593
0.577000, 209189634.822959
0.578000, 209025420.632732
0.579000, 208861206.442505
0.580000, 208692869.516484
0.581000, 208524532.590464
0.582000, 208352079.574205
0.583000, 208179626.557946
0.584000, 208003064.259498
0.585000, 207826501.961050
0.586000, 207645837.350688
0.587000, 207465172.740326
0.588000, 207280412.950275
0.589000, 207095653.160225
0.590000, 206906805.484379
0.591000, 206717957.808534
0.592000, 206525029.702169
0.593000, 206332101.595804
0.594000, 206135100.675282
0.595000, 205938099.754759
0.596000, 205737033.797226
0.597000, 205535967.839693
0.598000, 205330844.782777
0.599000, 205125721.725861
0.600000, 204916549.667354
0.601000, 204707377.608847
0.602000, 204494164.806387
0.603000, 204280952.003927
0.604000, 204063706.874673
0.605000, 203846461.745419
0.606000, 203625192.865717
0.607000, 203403923.986016
0.608000, 203178640.091062
0.609000, 202953356.196108
0.610000, 202724066.179602
0.611000, 202494776.163096
0.612000, 202261489.076892
0.613000, 202028201.990688
0.614000, 201790927.044435
0.615000, 201553652.098181
0.616000, 201312398.658962
0.617000, 201071145.219742
0.618000, 200825922.811700
0.619000, 200580700.403659
0.620000, 200331518.707628
0.621000, 200082337.011596
0.622000, 199829205.864712
0.623000, 199576074.717828
0.624000, 199319004.113144
0.625000, 199061933.508459
0.626000, 198800933.594550
0.627000, 198539933.680641
0.628000, 198275014.761203
0.629000, 198010095.841765
0.630000, 197741268.375209
0.631000, 197472440.908654
0.632000, 197199715.507694
0.633000, 196926990.106733
0.634000, 196650377.537964
0.635000, 196373764.969195
0.636000, 196093276.152670
0.637000, 195812787.336146
0.638000, 195528433.344946
0.639000, 195244079.353746
0.640000, 194955871.413542
0.641000, 194667663.473337
0.642000, 194375612.961945
0.643000, 194083562.450552
0.644000, 193787680.897486
0.645000, 193491799.344420
0.646000, 193192098.430436
0.647000, 192892397.516453
0.648000, 192588889.073090
0.649000, 192285380.629727
0.650000, 191978076.638837
0.651000, 191670772.647947
0.652000, 191359685.241223
0.653000, 191048597.834499
0.654000, 190733739.292998
0.655000, 190418880.751496
0.656000, 190100263.505150
0.657000, 189781646.258803
0.658000, 189459282.885933
0.659000, 189136919.513062
0.660000, 188810822.739878
0.661000, 188484725.966694
0.662000, 188154908.666795
0.663000, 187825091.366897
0.664000, 187491566.560762
0.665000, 187158041.754627
0.666000, 186820822.609100
0.667000, 186483603.463574
0.668000, 186142703.291347
0.669000, 185801803.119119
0.670000, 185457235.378203
0.671000, 185112667.637286
0.672000, 184764445.930481
0.673000, 184416224.223676
0.674000, 184064362.298035
0.675000, 183712500.372394
0.676000, 183357012.118681
0.677000, 183001523.864967
0.678000, 182642423.317106
0.679000, 182283322.769244
0.680000, 181920624.103766
0.681000, 181557925.438288
0.682000, 181191642.973774
0.683000, 180825360.509259
0.684000, 180455508.705770
0.685000, 180085656.902282
0.686000, 179712250.360792
0.687000, 179338843.819303
0.688000, 178961897.281123
0.689000, 178584950.742943
0.690000, 178204479.089136
0.691000, 177824007.435328
0.692000, 177440025.686122
0.693000, 177056043.936916
0.694000, 176668567.251114
0.695000, 176281090.565311
0.696000, 175890134.239690
0.697000, 175499177.914068
0.698000, 175104757.382775
0.699000, 174710336.851483
0.700000, 174312467.685429
0.701000, 173914598.519375
0.702000, 173513296.425616
0.703000, 173111994.331857
0.704000, 172707275.152978
0.705000, 172302555.974098
0.706000, 171894435.687583
0.707000, 171486315.401067
0.708000, 171074810.118672
0.709000, 170663304.836277
0.710000, 170248430.803393
0.711000, 169833556.770510
0.712000, 169415330.365522
0.713000, 168997103.960534
0.714000, 168575541.694174
0.715000, 168153979.427813
0.716000, 167729097.942507
0.717000, 167304216.457201
0.718000, 166876032.526414
0.719000, 166447848.595627
0.720000, 166016379.123201
0.721000, 165584909.650775
0.722000, 165150171.670259
0.723000, 164715433.689743
0.724000, 164277444.363723
0.725000, 163839455.037704
0.726000, 163398231.657127
0.727000, 162957008.276551
0.728000, 162512568.260038
0.729000, 162068128.243525
0.730000, 161620489.136687
0.731000, 161172850.029849
0.732000, 160722029.504591
0.733000, 160271208.979334
0.734000, 159817224.833163
0.735000, 159363240.686992
0.736000, 158906110.842308
0.737000, 158448980.997624
0.738000, 157988723.501016
0.739000, 157528466.004409
0.740000, 157065099.025943
0.741000, 156601732.047478
0.742000, 156135273.879979
0.743000, 155668815.712479
0.744000, 155199284.770807
0.745000, 154729753.829134
0.746000, 154257168.649459
0.747000, 153784583.469784
0.748000, 153308962.708854
0.749000, 152833341.947924
0.750000, 152354704.382330
0.751000, 151876066.816735
0.752000, 151394431.342166
0.753000, 150912795.867596
0.754000, 150428181.498096
0.755000, 149943567.128596
0.756000, 149455992.995814
0.757000, 148968418.863031
0.758000, 148477904.215461
0.759000, 147987389.567891
0.760000, 147493953.770120
0.761000, 147000517.972348
0.762000, 146504180.504283
0.763000, 146007843.036218
0.764000, 145508623.492323
0.765000, 145009403.948429
0.766000, 144507322.036951
0.767000, 144005240.125472
0.768000, 143500315.667659
0.769000, 142995391.209845
0.770000, 142487644.139167
0.771000, 141979897.068488
0.772000, 141469347.429849
0.773000, 140958797.791210
0.774000, 140445465.740156
0.775000, 139932133.689103
0.776000, 139416039.491030
0.777000, 138899945.292957
0.778000, 138381109.322306
0.779000, 137862273.351654
0.780000, 137340716.091109
0.781000, 136819158.830563
0.782000, 136294900.870241
0.783000, 135770642.909919
0.784000, 135243704.946562
0.785000, 134716766.983204
0.786000, 134187169.819354
0.787000, 133657572.655504
0.788000, 133125337.198689
0.789000, 132593101.741874
0.790000, 132058249.003779
0.791000, 131523396.265684
0.792000, 130985947.361322
0.793000, 130448498.456960
0.794000, 129908474.603840
0.795000, 129368450.750719
0.796000, 128825873.268005
0.797000, 128283295.785290
0.798000, 127738186.092962
0.799000, 127193076.400634
0.800000, 126645456.018643
0.801000, 126097835.636652
0.802000, 125547726.184068
0.803000, 124997616.731484
0.804000, 124445039.925645
0.805000, 123892463.119806
0.806000, 123337440.775459
0.807000, 122782418.431112
0.808000, 122224972.459552
0.809000, 121667526.487991
0.810000, 121107678.896196
0.811000, 120547831.304402
0.812000, 119985604.194165
0.813000, 119423377.083928
0.814000, 118858792.650985
0.815000, 118294208.218042
0.816000, 117727288.751192
0.817000, 117160369.284343
0.818000, 116591137.164574
0.819000, 116021905.044804
0.820000, 115450382.744404
0.821000, 114878860.444004
0.822000, 114305070.525677
0.823000, 113731280.607350
0.824000, 113155245.723324
0.825000, 112579210.839298
0.826000, 112000953.730431
0.827000, 111422696.621564
0.828000, 110842240.116447
0.829000, 110261783.611330
0.830000, 109679150.625384
0.831000, 109096517.639439
0.832000, 108511731.174013
0.833000, 107926944.708587
0.834000, 107340027.850048
0.835000, 106753110.991509
0.836000, 106164086.910329
0.837000, 105575062.829149
0.838000, 104983954.778995
0.839000, 104392846.728841
0.840000, 103799678.045652
0.841000, 103206509.362464
0.842000, 102611303.463534
0.843000, 102016097.564604
0.844000, 101418877.947654
0.845000, 100821658.330703
0.846000, 100222448.572956
0.847000, 99623238.815208
0.848000, 99022062.572455
0.849000, 98420886.329701
0.850000, 97817767.335371
0.851000, 97214648.341041
0.852000, 96609610.405262
0.853000, 96004572.469482
0.854000, 95397639.478141
0.855000, 94790706.486799
0.856000, 94181902.400598
0.857000, 93573098.314397
0.858000, 92962447.167910
0.859000, 92351796.021424
0.860000, 91739321.922146
0.861000, 91126847.822868
0.862000, 90512574.950263
0.863000, 89898302.077658
0.864000, 89282254.682207
0.865000, 88666207.286755
0.866000, 88048409.688993
0.867000, 87430612.091232
0.868000, 86811088.680795
0.869000, 86191565.270359
0.870000, 85570340.505017
0.871000, 84949115.739675
0.872000, 84326214.144367
0.873000, 83703312.549058
0.874000, 83078758.714923
0.875000, 82454204.880787
0.876000, 81828023.464195
0.877000, 81201842.047602
0.878000, 80574057.769178
0.879000, 79946273.490755
0.880000, 79316911.134407
0.881000, 78687548.778060
0.882000, 78056633.189998
0.883000, 77425717.601936
0.884000, 76793273.689691
0.885000, 76160829.777445
0.886000, 75526882.508885
0.887000, 74892935.240325
0.888000, 74257509.642671
0.889000, 73622084.045017
0.890000, 72985205.203854
0.891000, 72348326.362692
0.892000, 71710019.420981
0.893000, 71071712.479269
0.894000, 70432002.636350
0.895000, 69792292.793430
0.896000, 69151205.304029
0.897000, 68510117.814627
0.898000, 67867677.987861
0.899000, 67225238.161095
0.900000, 66581471.359470
0.901000, 65937704.557846
0.902000, 65292636.196258
0.903000, 64647567.834671
0.904000, 64001223.379401
0.905000, 63354878.924132
0.906000, 62707283.891842
0.907000, 62059688.859552
0.908000, 61410868.816275
0.909000, 60762048.772998
0.910000, 60112029.333132
0.911000, 59462009.893266
0.912000, 58810816.718560
0.913000, 58159623.543854
0.914000, 57507282.342397
0.915000, 56854941.140940
0.916000, 56201477.666144
0.917000, 55548014.191348
0.918000, 54893454.240934
0.919000, 54238894.290520
0.920000, 53583263.705496
0.921000, 52927633.120472
0.922000, 52270957.784116
0.923000, 51614282.447761
0.924000, 50956588.284598
0.925000, 50298894.121434
0.926000, 49640207.096212
0.927000, 48981520.070989
0.928000, 48321866.187653
0.929000, 47662212.304317
0.930000, 47001617.604985
0.931000, 46341022.905653
0.932000, 45679513.469586
0.933000, 45018004.033520
0.934000, 44355605.976094
0.935000, 43693207.918668
0.936000, 43029947.390340
0.937000, 42366686.862012
0.938000, 41702590.047291
0.939000, 41038493.232570
0.940000, 40373586.348981
0.941000, 39708679.465391
0.942000, 39042988.762440
0.943000, 38377298.059489
0.944000, 37710849.817629
0.945000, 37044401.575768
0.946000, 36377222.105357
0.947000, 35710042.634946
0.948000, 35042158.275214
0.949000, 34374273.915482
0.950000, 33705711.033485
0.951000, 33037148.151489
0.952000, 32367933.141075
0.953000, 31698718.130661
0.954000, 31028877.411421
0.955000, 30359036.692181
0.956000, 29688596.708410
0.957000, 29018156.724640
0.958000, 28347143.944292
0.959000, 27676131.163945
0.960000, 27004572.077589
0.961000, 26333012.991233
0.962000, 25660934.111005
0.963000, 24988855.230777
0.964000, 24316283.089336
0.965000, 23643710.947894
0.966000, 22970672.097370
0.967000, 22297633.246847
0.968000, 21624154.257799
0.969000, 20950675.268751
0.970000, 20276782.729114
0.971000, 19602890.189477
0.972000, 18928610.703511
0.973000, 18254331.217546
0.974000, 17579691.404792
0.975000, 16905051.592037
0.976000, 16230078.086256
0.977000, 15555104.580476
0.978000, 14879824.028609
0.979000, 14204543.476741
0.980000, 13528982.537847
0.981000, 12853421.598953
0.982000, 12177606.943163
0.983000, 11501792.287372
0.984000, 10825750.594833
0.985000, 10149708.902293
0.986000, 9473466.862115
0.987000, 8797224.821937
0.988000, 8120809.131141
0.989000, 7444393.440344
0.990000, 6767830.802805
0.991000, 6091268.165267
0.992000, 5414585.290663
0.993000, 4737902.416060
0.994000, 4061126.018816
0.995000, 3384349.621573
0.996000, 2707506.419806
0.997000, 2030663.218039
0.998000, 1353779.932504
0.999000, 676896.646968
1.000000, 0.000000
