0.000000, 0.000000
0.001000, 455.663197
0.002000, 911.317400
0.003000, 1366.971603
0.004000, 1822.598823
0.005000, 2278.226043
0.006000, 2733.808292
0.007000, 3189.390542
0.008000, 3644.909836
0.009000, 4100.429130
0.010000, 4555.867485
0.011000, 5011.305840
0.012000, 5466.645276
0.013000, 5921.984712
0.014000, 6377.207253
0.015000, 6832.429794
0.016000, 7287.517469
0.017000, 7742.605144
0.018000, 8197.539986
0.019000, 8652.474828
0.020000, 9107.238878
0.021000, 9562.002928
0.022000, 10016.578233
0.023000, 10471.153537
0.024000, 10925.522149
0.025000, 11379.890762
0.026000, 11834.034745
0.027000, 12288.178729
0.028000, 12742.080154
0.029000, 13195.981579
0.030000, 13649.622527
0.031000, 14103.263475
0.032000, 14556.626036
0.033000, 15009.988598
0.034000, 15463.054875
0.035000, 15916.121152
0.036000, 16368.873258
0.037000, 16821.625365
0.038000, 17274.045427
0.039000, 17726.465489
0.040000, 18178.535646
0.041000, 18630.605803
0.042000, 19082.308207
0.043000, 19534.010612
0.044000, 19985.327432
0.045000, 20436.644252
0.046000, 20887.557670
0.047000, 21338.471088
0.048000, 21788.963303
0.049000, 22239.455518
0.050000, 22689.508745
0.051000, 23139.561972
0.052000, 23589.158444
0.053000, 24038.754916
0.054000, 24487.876883
0.055000, 24936.998851
0.056000, 25385.628583
0.057000, 25834.258316
0.058000, 26282.378102
0.059000, 26730.497889
0.060000, 27178.090038
0.061000, 27625.682187
0.062000, 28072.729029
0.063000, 28519.775871
0.064000, 28966.259757
0.065000, 29412.743643
0.066000, 29858.646946
0.067000, 30304.550250
0.068000, 30749.855368
0.069000, 31195.160485
0.070000, 31639.849837
0.071000, 32084.539189
0.072000, 32528.595220
0.073000, 32972.651251
0.074000, 33416.056429
0.075000, 33859.461608
0.076000, 34302.198430
0.077000, 34744.935252
0.078000, 35186.986238
0.079000, 35629.037225
0.080000, 36070.384925
0.081000, 36511.732625
0.082000, 36952.359615
0.083000, 37392.986604
0.084000, 37832.875488
0.085000, 38272.764372
0.086000, 38711.897785
0.087000, 39151.031197
0.088000, 39589.391802
0.089000, 40027.752407
0.090000, 40465.322898
0.091000, 40902.893389
0.092000, 41339.656492
0.093000, 41776.419595
0.094000, 42212.358067
0.095000, 42648.296539
0.096000, 43083.393170
0.097000, 43518.489802
0.098000, 43952.727415
0.099000, 44386.965029
0.100000, 44820.326482
0.101000, 45253.687935
0.102000, 45686.156119
0.103000, 46118.624303
0.104000, 46550.182144
0.105000, 46981.739986
0.106000, 47412.370448
0.107000, 47843.000911
0.108000, 48272.686993
0.109000, 48702.373076
0.110000, 49131.097815
0.111000, 49559.822555
0.112000, 49987.569025
0.113000, 50415.315496
0.114000, 50842.066812
0.115000, 51268.818128
0.116000, 51694.557441
0.117000, 52120.296754
0.118000, 52545.007257
0.119000, 52969.717760
0.120000, 53393.382687
0.121000, 53817.047613
0.122000, 54239.650237
0.123000, 54662.252860
0.124000, 55083.776498
0.125000, 55505.300136
0.126000, 55925.728147
0.127000, 56346.156157
0.128000, 56765.471943
0.129000, 57184.787729
0.130000, 57602.974736
0.131000, 58021.161743
0.132000, 58438.203462
0.133000, 58855.245180
0.134000, 59271.125147
0.135000, 59687.005114
0.136000, 60101.706910
0.137000, 60516.408707
0.138000, 60929.915961
0.139000, 61343.423215
0.140000, 61755.719603
0.141000, 62168.015991
0.142000, 62579.085235
0.143000, 62990.154479
0.144000, 63399.980352
0.145000, 63809.806224
0.146000, 64218.372546
0.147000, 64626.938867
0.148000, 65034.229508
0.149000, 65441.520150
0.150000, 65847.519031
0.151000, 66253.517913
0.152000, 66658.209006
0.153000, 67062.900100
0.154000, 67466.267430
0.155000, 67869.634759
0.156000, 68271.662400
0.157000, 68673.690042
0.158000, 69074.362123
0.159000, 69475.034204
0.160000, 69874.334908
0.161000, 70273.635611
0.162000, 70671.549173
0.163000, 71069.462736
0.164000, 71465.973447
0.165000, 71862.484159
0.166000, 72257.576367
0.167000, 72652.668575
0.168000, 73046.326681
0.169000, 73439.984788
0.170000, 73832.193252
0.171000, 74224.401716
0.172000, 74615.145054
0.173000, 75005.888391
0.174000, 75395.151177
0.175000, 75784.413963
0.176000, 76172.180829
0.177000, 76559.947696
0.178000, 76946.203334
0.179000, 77332.458973
0.180000, 77717.188135
0.181000, 78101.917297
0.182000, 78485.104794
0.183000, 78868.292291
0.184000, 79249.922995
0.185000, 79631.553700
0.186000, 80011.612546
0.187000, 80391.671392
0.188000, 80770.143375
0.189000, 81148.615358
0.190000, 81525.485536
0.191000, 81902.355715
0.192000, 82277.609212
0.193000, 82652.862708
0.194000, 83026.484708
0.195000, 83400.106707
0.196000, 83772.082460
0.197000, 84144.058213
0.198000, 84514.373035
0.199000, 84884.687856
0.200000, 85253.327126
0.201000, 85621.966396
0.202000, 85988.915562
0.203000, 86355.864728
0.204000, 86721.109303
0.205000, 87086.353879
0.206000, 87449.879444
0.207000, 87813.405009
0.208000, 88175.197212
0.209000, 88536.989416
0.210000, 88897.033975
0.211000, 89257.078534
0.212000, 89615.361235
0.213000, 89973.643936
0.214000, 90330.150634
0.215000, 90686.657332
0.216000, 91041.373954
0.217000, 91396.090575
0.218000, 91749.003116
0.219000, 92101.915656
0.220000, 92453.010184
0.221000, 92804.104712
0.222000, 93153.367366
0.223000, 93502.630020
0.224000, 93850.047012
0.225000, 94197.464004
0.226000, 94543.021619
0.227000, 94888.579234
0.228000, 95232.263830
0.229000, 95575.948426
0.230000, 95917.746434
0.231000, 96259.544442
0.232000, 96599.442369
0.233000, 96939.340297
0.234000, 97277.324724
0.235000, 97615.309152
0.236000, 97951.366737
0.237000, 98287.424322
0.238000, 98621.541797
0.239000, 98955.659273
0.240000, 99287.823448
0.241000, 99619.987624
0.242000, 99950.185386
0.243000, 100280.383148
0.244000, 100608.601461
0.245000, 100936.819774
0.246000, 101263.045681
0.247000, 101589.271588
0.248000, 101913.492210
0.249000, 102237.712831
0.250000, 102559.915368
0.251000, 102882.117905
0.252000, 103202.289636
0.253000, 103522.461368
0.254000, 103840.589655
0.255000, 104158.717942
0.256000, 104474.790225
0.257000, 104790.862508
0.258000, 105104.866309
0.259000, 105418.870111
0.260000, 105730.793034
0.261000, 106042.715956
0.262000, 106352.545687
0.263000, 106662.375417
0.264000, 106970.099724
0.265000, 107277.824031
0.266000, 107583.430765
0.267000, 107889.037499
0.268000, 108192.514596
0.269000, 108495.991693
0.270000, 108797.327171
0.271000, 109098.662650
0.272000, 109397.844615
0.273000, 109697.026580
0.274000, 109994.043219
0.275000, 110291.059858
0.276000, 110585.899447
0.277000, 110880.739035
0.278000, 111173.389932
0.279000, 111466.040830
0.280000, 111756.491483
0.281000, 112046.942136
0.282000, 112335.181078
0.283000, 112623.420021
0.284000, 112909.435873
0.285000, 113195.451726
0.286000, 113479.233197
0.287000, 113763.014668
0.288000, 114044.550555
0.289000, 114326.086442
0.290000, 114605.365629
0.291000, 114884.644817
0.292000, 115161.656280
0.293000, 115438.667743
0.294000, 115713.400546
0.295000, 115988.133349
0.296000, 116260.576645
0.297000, 116533.019941
0.298000, 116803.162975
0.299000, 117073.306009
0.300000, 117341.138117
0.301000, 117608.970224
0.302000, 117874.480831
0.303000, 118139.991438
0.304000, 118403.170062
0.305000, 118666.348687
0.306000, 118927.184940
0.307000, 119188.021192
0.308000, 119446.504775
0.309000, 119704.988358
0.310000, 119961.109067
0.311000, 120217.229776
0.312000, 120470.977500
0.313000, 120724.725224
0.314000, 120976.089945
0.315000, 121227.454666
0.316000, 121476.426461
0.317000, 121725.398256
0.318000, 121971.967296
0.319000, 122218.536336
0.320000, 122462.692886
0.321000, 122706.849437
0.322000, 122948.583859
0.323000, 123190.318282
0.324000, 123429.621033
0.325000, 123668.923784
0.326000, 123905.785416
0.327000, 124142.647048
0.328000, 124377.058211
0.329000, 124611.469374
0.330000, 124843.420813
0.331000, 125075.372252
0.332000, 125304.854810
0.333000, 125534.337368
0.334000, 125761.341986
0.335000, 125988.346604
0.336000, 126212.864320
0.337000, 126437.382036
0.338000, 126659.403986
0.339000, 126881.425936
0.340000, 127100.943355
0.341000, 127320.460775
0.342000, 127537.464997
0.343000, 127754.469220
0.344000, 127968.951678
0.345000, 128183.434137
0.346000, 128395.386364
0.347000, 128607.338592
0.348000, 128816.752221
0.349000, 129026.165849
0.350000, 129233.032612
0.351000, 129439.899374
0.352000, 129644.211104
0.353000, 129848.522834
0.354000, 130050.271465
0.355000, 130252.020096
0.356000, 130451.197664
0.357000, 130650.375232
0.358000, 130846.973873
0.359000, 131043.572514
0.360000, 131237.584468
0.361000, 131431.596421
0.362000, 131623.014027
0.363000, 131814.431633
0.364000, 132003.247335
0.365000, 132192.063037
0.366000, 132378.269381
0.367000, 132564.475725
0.368000, 132748.065360
0.369000, 132931.654994
0.370000, 133112.620672
0.371000, 133293.586350
0.372000, 133471.920926
0.373000, 133650.255502
0.374000, 133825.951937
0.375000, 134001.648372
0.376000, 134174.699729
0.377000, 134347.751086
0.378000, 134518.150533
0.379000, 134688.549980
0.380000, 134856.290791
0.381000, 135024.031601
0.382000, 135189.107153
0.383000, 135354.182705
0.384000, 135516.586481
0.385000, 135678.990258
0.386000, 135838.715847
0.387000, 135998.441436
0.388000, 136155.482532
0.389000, 136312.523628
0.390000, 136466.874032
0.391000, 136621.224436
0.392000, 136772.878053
0.393000, 136924.531671
0.394000, 137073.482516
0.395000, 137222.433361
0.396000, 137368.675552
0.397000, 137514.917743
0.398000, 137658.445508
0.399000, 137801.973273
0.400000, 137942.780944
0.401000, 138083.588616
0.402000, 138221.670636
0.403000, 138359.752656
0.404000, 138495.103572
0.405000, 138630.454489
0.406000, 138763.068959
0.407000, 138895.683430
0.408000, 139025.556218
0.409000, 139155.429006
0.410000, 139282.554986
0.411000, 139409.680965
0.412000, 139534.055117
0.413000, 139658.429268
0.414000, 139780.046682
0.415000, 139901.664096
0.416000, 140020.519971
0.417000, 140139.375845
0.418000, 140255.465489
0.419000, 140371.555132
0.420000, 140484.873961
0.421000, 140598.192790
0.422000, 140708.736332
0.423000, 140819.279873
0.424000, 140927.043762
0.425000, 141034.807651
0.426000, 141139.787634
0.427000, 141244.767617
0.428000, 141346.959548
0.429000, 141449.151480
0.430000, 141548.551327
0.431000, 141647.951174
0.432000, 141744.555012
0.433000, 141841.158849
0.434000, 141934.962864
0.435000, 142028.766878
0.436000, 142119.767366
0.437000, 142210.767855
0.438000, 142298.961224
0.439000, 142387.154593
0.440000, 142472.537362
0.441000, 142557.920131
0.442000, 142640.488929
0.443000, 142723.057726
0.444000, 142802.809293
0.445000, 142882.560860
0.446000, 142959.492047
0.447000, 143036.423234
0.448000, 143110.531005
0.449000, 143184.638776
0.450000, 143255.920204
0.451000, 143327.201633
0.452000, 143395.653905
0.453000, 143464.106177
0.454000, 143529.726591
0.455000, 143595.347004
0.456000, 143658.132969
0.457000, 143720.918933
0.458000, 143780.867970
0.459000, 143840.817006
0.460000, 143897.926748
0.461000, 143955.036490
0.462000, 144009.304683
0.463000, 144063.572875
0.464000, 144114.997377
0.465000, 144166.421878
0.466000, 144215.000657
0.467000, 144263.579437
0.468000, 144309.310576
0.469000, 144355.041716
0.470000, 144397.923411
0.471000, 144440.805106
0.472000, 144480.835663
0.473000, 144520.866220
0.474000, 144558.044059
0.475000, 144595.221898
0.476000, 144629.545551
0.477000, 144663.869204
0.478000, 144695.337316
0.479000, 144726.805428
0.480000, 144755.416757
0.481000, 144784.028086
0.482000, 144809.781502
0.483000, 144835.534918
0.484000, 144858.429405
0.485000, 144881.323892
0.486000, 144901.358545
0.487000, 144921.393199
0.488000, 144938.567228
0.489000, 144955.741257
0.490000, 144970.053984
0.491000, 144984.366711
0.492000, 144995.817570
0.493000, 145007.268430
0.494000, 145015.856970
0.495000, 145024.445511
0.496000, 145030.171392
0.497000, 145035.897274
0.498000, 145038.760272
0.499000, 145041.623269
0.500000, 145041.623269
0.501000, 145041.623269
0.502000, 145038.760272
0.503000, 145035.897274
0.504000, 145030.171392
0.505000, 145024.445511
0.506000, 145015.856970
0.507000, 145007.268430
0.508000, 144995.817570
0.509000, 144984.366711
0.510000, 144970.053984
0.511000, 144955.741257
0.512000, 144938.567228
0.513000, 144921.393199
0.514000, 144901.358545
0.515000, 144881.323892
0.516000, 144858.429405
0.517000, 144835.534918
0.518000, 144809.781502
0.519000, 144784.028086
0.520000, 144755.416757
0.521000, 144726.805428
0.522000, 144695.337316
0.523000, 144663.869204
0.524000, 144629.545551
0.525000, 144595.221898
0.526000, 144558.044059
0.527000, 144520.866220
0.528000, 144480.835663
0.529000, 144440.805106
0.530000, 144397.923411
0.531000, 144355.041716
0.532000, 144309.310576
0.533000, 144263.579437
0.534000, 144215.000657
0.535000, 144166.421878
0.536000, 144114.997377
0.537000, 144063.572875
0.538000, 144009.304683
0.539000, 143955.036490
0.540000, 143897.926748
0.541000, 143840.817006
0.542000, 143780.867970
0.543000, 143720.918933
0.544000, 143658.132969
0.545000, 143595.347004
0.546000, 143529.726591
0.547000, 143464.106177
0.548000, 143395.653905
0.549000, 143327.201633
0.550000, 143255.920204
0.551000, 143184.638776
0.552000, 143110.531005
0.553000, 143036.423234
0.554000, 142959.492047
0.555000, 142882.560860
0.556000, 142802.809293
0.557000, 142723.057726
0.558000, 142640.488929
0.559000, 142557.920131
0.560000, 142472.537362
0.561000, 142387.154593
0.562000, 142298.961224
0.563000, 142210.767855
0.564000, 142119.767366
0.565000, 142028.766878
0.566000, 141934.962864
0.567000, 141841.158849
0.568000, 141744.555012
0.569000, 141647.951174
0.570000, 141548.551327
0.571000, 141449.151480
0.572000, 141346.959548
0.573000, 141244.767617
0.574000, 141139.787634
0.575000, 141034.807651
0.576000, 140927.043762
0.577000, 140819.279873
0.578000, 140708.736332
0.579000, 140598.192790
0.580000, 140484.873961
0.581000, 140371.555132
0.582000, 140255.465489
0.583000, 140139.375845
0.584000, 140020.519971
0.585000, 139901.664096
0.586000, 139780.046682
0.587000, 139658.429268
0.588000, 139534.055117
0.589000, 139409.680965
0.590000, 139282.554986
0.591000, 139155.429006
0.592000, 139025.556218
0.593000, 138895.683430
0.594000, 138763.068959
0.595000, 138630.454489
0.596000, 138495.103572
0.597000, 138359.752656
0.598000, 138221.670636
0.599000, 138083.588616
0.600000, 137942.780944
0.601000, 137801.973273
0.602000, 137658.445508
0.603000, 137514.917743
0.604000, 137368.675552
0.605000, 137222.433361
0.606000, 137073.482516
0.607000, 136924.531671
0.608000, 136772.878053
0.609000, 136621.224436
0.610000, 136466.874032
0.611000, 136312.523628
0.612000, 136155.482532
0.613000, 135998.441436
0.614000, 135838.715847
0.615000, 135678.990258
0.616000, 135516.586481
0.617000, 135354.182705
0.618000, 135189.107153
0.619000, 135024.031601
0.620000, 134856.290791
0.621000, 134688.549980
0.622000, 134518.150533
0.623000, 134347.751086
0.624000, 134174.699729
0.625000, 134001.648372
0.626000, 133825.951937
0.627000, 133650.255502
0.628000, 133471.920926
0.629000, 133293.586350
0.630000, 133112.620672
0.631000, 132931.654994
0.632000, 132748.065360
0.633000, 132564.475725
0.634000, 132378.269381
0.635000, 132192.063037
0.636000, 132003.247335
0.637000, 131814.431633
0.638000, 131623.014027
0.639000, 131431.596421
0.640000, 131237.584468
0.641000, 131043.572514
0.642000, 130846.973873
0.643000, 130650.375232
0.644000, 130451.197664
0.645000, 130252.020096
0.646000, 130050.271465
0.647000, 129848.522834
0.648000, 129644.211104
0.649000, 129439.899374
0.650000, 129233.032612
0.651000, 129026.165849
0.652000, 128816.752221
0.653000, 128607.338592
0.654000, 128395.386364
0.655000, 128183.434137
0.656000, 127968.951678
0.657000, 127754.469220
0.658000, 127537.464997
0.659000, 127320.460775
0.660000, 127100.943355
0.661000, 126881.425936
0.662000, 126659.403986
0.663000, 126437.382036
0.664000, 126212.864320
0.665000, 125988.346604
0.666000, 125761.341986
0.667000, 125534.337368
0.668000, 125304.854810
0.669000, 125075.372252
0.670000, 124843.420813
0.671000, 124611.469374
0.672000, 124377.058211
0.673000, 124142.647048
0.674000, 123905.785416
0.675000, 123668.923784
0.676000, 123429.621033
0.677000, 123190.318282
0.678000, 122948.583859
0.679000, 122706.849437
0.680000, 122462.692886
0.681000, 122218.536336
0.682000, 121971.967296
0.683000, 121725.398256
0.684000, 121476.426461
0.685000, 121227.454666
0.686000, 120976.089945
0.687000, 120724.725224
0.688000, 120470.977500
0.689000, 120217.229776
0.690000, 119961.109067
0.691000, 119704.988358
0.692000, 119446.504775
0.693000, 119188.021192
0.694000, 118927.184940
0.695000, 118666.348687
0.696000, 118403.170062
0.697000, 118139.991438
0.698000, 117874.480831
0.699000, 117608.970224
0.700000, 117341.138117
0.701000, 117073.306009
0.702000, 116803.162975
0.703000, 116533.019941
0.704000, 116260.576645
0.705000, 115988.133349
0.706000, 115713.400546
0.707000, 115438.667743
0.708000, 115161.656280
0.709000, 114884.644817
0.710000, 114605.365629
0.711000, 114326.086442
0.712000, 114044.550555
0.713000, 113763.014668
0.714000, 113479.233197
0.715000, 113195.451726
0.716000, 112909.435873
0.717000, 112623.420021
0.718000, 112335.181078
0.719000, 112046.942136
0.720000, 111756.491483
0.721000, 111466.040830
0.722000, 111173.389932
0.723000, 110880.739035
0.724000, 110585.899447
0.725000, 110291.059858
0.726000, 109994.043219
0.727000, 109697.026580
0.728000, 109397.844615
0.729000, 109098.662650
0.730000, 108797.327171
0.731000, 108495.991693
0.732000, 108192.514596
0.733000, 107889.037499
0.734000, 107583.430765
0.735000, 107277.824031
0.736000, 106970.099724
0.737000, 106662.375417
0.738000, 106352.545687
0.739000, 106042.715956
0.740000, 105730.793034
0.741000, 105418.870111
0.742000, 105104.866309
0.743000, 104790.862508
0.744000, 104474.790225
0.745000, 104158.717942
0.746000, 103840.589655
0.747000, 103522.461368
0.748000, 103202.289636
0.749000, 102882.117905
0.750000, 102559.915368
0.751000, 102237.712831
0.752000, 101913.492210
0.753000, 101589.271588
0.754000, 101263.045681
0.755000, 100936.819774
0.756000, 100608.601461
0.757000, 100280.383148
0.758000, 99950.185386
0.759000, 99619.987624
0.760000, 99287.823448
0.761000, 98955.659273
0.762000, 98621.541797
0.763000, 98287.424322
0.764000, 97951.366737
0.765000, 97615.309152
0.766000, 97277.324724
0.767000, 96939.340297
0.768000, 96599.442369
0.769000, 96259.544442
0.770000, 95917.746434
0.771000, 95575.948426
0.772000, 95232.263830
0.773000, 94888.579234
0.774000, 94543.021619
0.775000, 94197.464004
0.776000, 93850.047012
0.777000, 93502.630020
0.778000, 93153.367366
0.779000, 92804.104712
0.780000, 92453.010184
0.781000, 92101.915656
0.782000, 91749.003116
0.783000, 91396.090575
0.784000, 91041.373954
0.785000, 90686.657332
0.786000, 90330.150634
0.787000, 89973.643936
0.788000, 89615.361235
0.789000, 89257.078534
0.790000, 88897.033975
0.791000, 88536.989416
0.792000, 88175.197212
0.793000, 87813.405009
0.794000, 87449.879444
0.795000, 87086.353879
0.796000, 86721.109303
0.797000, 86355.864728
0.798000, 85988.915562
0.799000, 85621.966396
0.800000, 85253.327126
0.801000, 84884.687856
0.802000, 84514.373035
0.803000, 84144.058213
0.804000, 83772.082460
0.805000, 83400.106707
0.806000, 83026.484708
0.807000, 82652.862708
0.808000, 82277.609212
0.809000, 81902.355715
0.810000, 81525.485536
0.811000, 81148.615358
0.812000, 80770.143375
0.813000, 80391.671392
0.814000, 80011.612546
0.815000, 79631.553700
0.816000, 79249.922995
0.817000, 78868.292291
0.818000, 78485.104794
0.819000, 78101.917297
0.820000, 77717.188135
0.821000, 77332.458973
0.822000, 76946.203334
0.823000, 76559.947696
0.824000, 76172.180829
0.825000, 75784.413963
0.826000, 75395.151177
0.827000, 75005.888391
0.828000, 74615.145054
0.829000, 74224.401716
0.830000, 73832.193252
0.831000, 73439.984788
0.832000, 73046.326681
0.833000, 72652.668575
0.834000, 72257.576367
0.835000, 71862.484159
0.836000, 71465.973447
0.837000, 71069.462736
0.838000, 70671.549173
0.839000, 70273.635611
0.840000, 69874.334908
0.841000, 69475.034204
0.842000, 69074.362123
0.843000, 68673.690042
0.844000, 68271.662400
0.845000, 67869.634759
0.846000, 67466.267430
0.847000, 67062.900100
0.848000, 66658.209006
0.849000, 66253.517913
0.850000, 65847.519031
0.851000, 65441.520150
0.852000, 65034.229508
0.853000, 64626.938867
0.854000, 64218.372546
0.855000, 63809.806224
0.856000, 63399.980352
0.857000, 62990.154479
0.858000, 62579.085235
0.859000, 62168.015991
0.860000, 61755.719603
0.861000, 61343.423215
0.862000, 60929.915961
0.863000, 60516.408707
0.864000, 60101.706910
0.865000, 59687.005114
0.866000, 59271.125147
0.867000, 58855.245180
0.868000, 58438.203462
0.869000, 58021.161743
0.870000, 57602.974736
0.871000, 57184.787729
0.872000, 56765.471943
0.873000, 56346.156157
0.874000, 55925.728147
0.875000, 55505.300136
0.876000, 55083.776498
0.877000, 54662.252860
0.878000, 54239.650237
0.879000, 53817.047613
0.880000, 53393.382687
0.881000, 52969.717760
0.882000, 52545.007257
0.883000, 52120.296754
0.884000, 51694.557441
0.885000, 51268.818128
0.886000, 50842.066812
0.887000, 50415.315496
0.888000, 49987.569025
0.889000, 49559.822555
0.890000, 49131.097815
0.891000, 48702.373076
0.892000, 48272.686993
0.893000, 47843.000911
0.894000, 47412.370448
0.895000, 46981.739986
0.896000, 46550.182144
0.897000, 46118.624303
0.898000, 45686.156119
0.899000, 45253.687935
0.900000, 44820.326482
0.901000, 44386.965029
0.902000, 43952.727415
0.903000, 43518.489802
0.904000, 43083.393170
0.905000, 42648.296539
0.906000, 42212.358067
0.907000, 41776.419595
0.908000, 41339.656492
0.909000, 40902.893389
0.910000, 40465.322898
0.911000, 40027.752407
0.912000, 39589.391802
0.913000, 39151.031197
0.914000, 38711.897785
0.915000, 38272.764372
0.916000, 37832.875488
0.917000, 37392.986604
0.918000, 36952.359615
0.919000, 36511.732625
0.920000, 36070.384925
0.921000, 35629.037225
0.922000, 35186.986238
0.923000, 34744.935252
0.924000, 34302.198430
0.925000, 33859.461608
0.926000, 33416.056429
0.927000, 32972.651251
0.928000, 32528.595220
0.929000, 32084.539189
0.930000, 31639.849837
0.931000, 31195.160485
0.932000, 30749.855368
0.933000, 30304.550250
0.934000, 29858.646946
0.935000, 29412.743643
0.936000, 28966.259757
0.937000, 28519.775871
0.938000, 28072.729029
0.939000, 27625.682187
0.940000, 27178.090038
0.941000, 26730.497889
0.942000, 26282.378102
0.943000, 25834.258316
0.944000, 25385.628583
0.945000, 24936.998851
0.946000, 24487.876883
0.947000, 24038.754916
0.948000, 23589.158444
0.949000, 23139.561972
0.950000, 22689.508745
0.951000, 22239.455518
0.952000, 21788.963303
0.953000, 21338.471088
0.954000, 20887.557670
0.955000, 20436.644252
0.956000, 19985.327432
0.957000, 19534.010612
0.958000, 19082.308207
0.959000, 18630.605803
0.960000, 18178.535646
0.961000, 17726.465489
0.962000, 17274.045427
0.963000, 16821.625365
0.964000, 16368.873258
0.965000, 15916.121152
0.966000, 15463.054875
0.967000, 15009.988598
0.968000, 14556.626036
0.969000, 14103.263475
0.970000, 13649.622527
0.971000, 13195.981579
0.972000, 12742.080154
0.973000, 12288.178729
0.974000, 11834.034745
0.975000, 11379.890762
0.976000, 10925.522149
0.977000, 10471.153537
0.978000, 10016.578233
0.979000, 9562.002928
0.980000, 9107.238878
0.981000, 8652.474828
0.982000, 8197.539986
0.983000, 7742.605144
0.984000, 7287.517469
0.985000, 6832.429794
0.986000, 6377.207253
0.987000, 5921.984712
0.988000, 5466.645276
0.989000, 5011.305840
0.990000, 4555.867485
0.991000, 4100.429130
0.992000, 3644.909836
0.993000, 3189.390542
0.994000, 2733.808292
0.995000, 2278.226043
0.996000, 1822.598823
0.997000, 1366.971603
0.998000, 911.317400
0.999000, 455.663197
1.000000, 0.000000
