0.000000, 0.000000
0.001000, 3.277050
0.002000, 6.554035
0.003000, 9.831021
0.004000, 13.107812
0.005000, 16.384603
0.006000, 19.661071
0.007000, 22.937539
0.008000, 26.213554
0.009000, 29.489569
0.010000, 32.765002
0.011000, 36.040435
0.012000, 39.315156
0.013000, 42.589878
0.014000, 45.863758
0.015000, 49.137639
0.016000, 52.410550
0.017000, 55.683461
0.018000, 58.955273
0.019000, 62.227085
0.020000, 65.497668
0.021000, 68.768251
0.022000, 72.037478
0.023000, 75.306704
0.024000, 78.574443
0.025000, 81.842183
0.026000, 85.108307
0.027000, 88.374431
0.028000, 91.638810
0.029000, 94.903190
0.030000, 98.165696
0.031000, 101.428203
0.032000, 104.688707
0.033000, 107.949211
0.034000, 111.207584
0.035000, 114.465958
0.036000, 117.722072
0.037000, 120.978185
0.038000, 124.231911
0.039000, 127.485637
0.040000, 130.736847
0.041000, 133.988056
0.042000, 137.236621
0.043000, 140.485185
0.044000, 143.730977
0.045000, 146.976769
0.046000, 150.219659
0.047000, 153.462549
0.048000, 156.702410
0.049000, 159.942272
0.050000, 163.178976
0.051000, 166.415680
0.052000, 169.649099
0.053000, 172.882518
0.054000, 176.112525
0.055000, 179.342531
0.056000, 182.568998
0.057000, 185.795464
0.058000, 189.018263
0.059000, 192.241062
0.060000, 195.460067
0.061000, 198.679071
0.062000, 201.894154
0.063000, 205.109236
0.064000, 208.320270
0.065000, 211.531304
0.066000, 214.738163
0.067000, 217.945021
0.068000, 221.147578
0.069000, 224.350134
0.070000, 227.548262
0.071000, 230.746390
0.072000, 233.939964
0.073000, 237.133537
0.074000, 240.322429
0.075000, 243.511322
0.076000, 246.695407
0.077000, 249.879493
0.078000, 253.058646
0.079000, 256.237800
0.080000, 259.411895
0.081000, 262.585991
0.082000, 265.754903
0.083000, 268.923815
0.084000, 272.087419
0.085000, 275.251023
0.086000, 278.409193
0.087000, 281.567364
0.088000, 284.719977
0.089000, 287.872590
0.090000, 291.019520
0.091000, 294.166450
0.092000, 297.307574
0.093000, 300.448698
0.094000, 303.583891
0.095000, 306.719084
0.096000, 309.848223
0.097000, 312.977362
0.098000, 316.100323
0.099000, 319.223284
0.100000, 322.339943
0.101000, 325.456603
0.102000, 328.566839
0.103000, 331.677074
0.104000, 334.780763
0.105000, 337.884451
0.106000, 340.981470
0.107000, 344.078489
0.108000, 347.168716
0.109000, 350.258943
0.110000, 353.342256
0.111000, 356.425570
0.112000, 359.501847
0.113000, 362.578125
0.114000, 365.647246
0.115000, 368.716367
0.116000, 371.778209
0.117000, 374.840052
0.118000, 377.894496
0.119000, 380.948939
0.120000, 383.995863
0.121000, 387.042787
0.122000, 390.082071
0.123000, 393.121355
0.124000, 396.152880
0.125000, 399.184404
0.126000, 402.208049
0.127000, 405.231693
0.128000, 408.247339
0.129000, 411.262985
0.130000, 414.270512
0.131000, 417.278040
0.132000, 420.277331
0.133000, 423.276622
0.134000, 426.267558
0.135000, 429.258494
0.136000, 432.240957
0.137000, 435.223420
0.138000, 438.197291
0.139000, 441.171163
0.140000, 444.136327
0.141000, 447.101490
0.142000, 450.057828
0.143000, 453.014166
0.144000, 455.961562
0.145000, 458.908958
0.146000, 461.847296
0.147000, 464.785633
0.148000, 467.714796
0.149000, 470.643959
0.150000, 473.563832
0.151000, 476.483705
0.152000, 479.394172
0.153000, 482.304640
0.154000, 485.205587
0.155000, 488.106534
0.156000, 490.997847
0.157000, 493.889159
0.158000, 496.770723
0.159000, 499.652286
0.160000, 502.523987
0.161000, 505.395688
0.162000, 508.257412
0.163000, 511.119137
0.164000, 513.970773
0.165000, 516.822408
0.166000, 519.663842
0.167000, 522.505276
0.168000, 525.336397
0.169000, 528.167517
0.170000, 530.988211
0.171000, 533.808906
0.172000, 536.619064
0.173000, 539.429222
0.174000, 542.228731
0.175000, 545.028241
0.176000, 547.816993
0.177000, 550.605744
0.178000, 553.383627
0.179000, 556.161510
0.180000, 558.928415
0.181000, 561.695320
0.182000, 564.451137
0.183000, 567.206954
0.184000, 569.951576
0.185000, 572.696197
0.186000, 575.429514
0.187000, 578.162830
0.188000, 580.884734
0.189000, 583.606639
0.190000, 586.317023
0.191000, 589.027407
0.192000, 591.726165
0.193000, 594.424922
0.194000, 597.111946
0.195000, 599.798970
0.196000, 602.474155
0.197000, 605.149339
0.198000, 607.812579
0.199000, 610.475818
0.200000, 613.127007
0.201000, 615.778196
0.202000, 618.417231
0.203000, 621.056265
0.204000, 623.683040
0.205000, 626.309815
0.206000, 628.924227
0.207000, 631.538639
0.208000, 634.140586
0.209000, 636.742532
0.210000, 639.331909
0.211000, 641.921287
0.212000, 644.497993
0.213000, 647.074700
0.214000, 649.638633
0.215000, 652.202567
0.216000, 654.753627
0.217000, 657.304687
0.218000, 659.842772
0.219000, 662.380857
0.220000, 664.905868
0.221000, 667.430878
0.222000, 669.942714
0.223000, 672.454550
0.224000, 674.953112
0.225000, 677.451674
0.226000, 679.936864
0.227000, 682.422054
0.228000, 684.893774
0.229000, 687.365493
0.230000, 689.823644
0.231000, 692.281796
0.232000, 694.726282
0.233000, 697.170769
0.234000, 699.601494
0.235000, 702.032218
0.236000, 704.449086
0.237000, 706.865953
0.238000, 709.268868
0.239000, 711.671782
0.240000, 714.060649
0.241000, 716.449515
0.242000, 718.824240
0.243000, 721.198964
0.244000, 723.559453
0.245000, 725.919941
0.246000, 728.266101
0.247000, 730.612261
0.248000, 732.943999
0.249000, 735.275737
0.250000, 737.592961
0.251000, 739.910185
0.252000, 742.212804
0.253000, 744.515423
0.254000, 746.803346
0.255000, 749.091269
0.256000, 751.364406
0.257000, 753.637542
0.258000, 755.895803
0.259000, 758.154063
0.260000, 760.397358
0.261000, 762.640653
0.262000, 764.868894
0.263000, 767.097136
0.264000, 769.310235
0.265000, 771.523334
0.266000, 773.721204
0.267000, 775.919075
0.268000, 778.101629
0.269000, 780.284183
0.270000, 782.451335
0.271000, 784.618487
0.272000, 786.770151
0.273000, 788.921816
0.274000, 791.057907
0.275000, 793.193999
0.276000, 795.314434
0.277000, 797.434868
0.278000, 799.539562
0.279000, 801.644256
0.280000, 803.733127
0.281000, 805.821997
0.282000, 807.894961
0.283000, 809.967925
0.284000, 812.024901
0.285000, 814.081877
0.286000, 816.122784
0.287000, 818.163690
0.288000, 820.188447
0.289000, 822.213204
0.290000, 824.221731
0.291000, 826.230258
0.292000, 828.222476
0.293000, 830.214694
0.294000, 832.190524
0.295000, 834.166354
0.296000, 836.125719
0.297000, 838.085083
0.298000, 840.027905
0.299000, 841.970726
0.300000, 843.896928
0.301000, 845.823129
0.302000, 847.732635
0.303000, 849.642141
0.304000, 851.534876
0.305000, 853.427610
0.306000, 855.303499
0.307000, 857.179388
0.308000, 859.038356
0.309000, 860.897325
0.310000, 862.739300
0.311000, 864.581276
0.312000, 866.406185
0.313000, 868.231094
0.314000, 870.038865
0.315000, 871.846636
0.316000, 873.637198
0.317000, 875.427759
0.318000, 877.201041
0.319000, 878.974322
0.320000, 880.730253
0.321000, 882.486185
0.322000, 884.224696
0.323000, 885.963208
0.324000, 887.684231
0.325000, 889.405255
0.326000, 891.108722
0.327000, 892.812190
0.328000, 894.498034
0.329000, 896.183878
0.330000, 897.852032
0.331000, 899.520186
0.332000, 901.170584
0.333000, 902.820983
0.334000, 904.453560
0.335000, 906.086138
0.336000, 907.700830
0.337000, 909.315522
0.338000, 910.912265
0.339000, 912.509008
0.340000, 914.087739
0.341000, 915.666470
0.342000, 917.227126
0.343000, 918.787783
0.344000, 920.330303
0.345000, 921.872823
0.346000, 923.397147
0.347000, 924.921470
0.348000, 926.427536
0.349000, 927.933602
0.350000, 929.421352
0.351000, 930.909101
0.352000, 932.378475
0.353000, 933.847850
0.354000, 935.298791
0.355000, 936.749731
0.356000, 938.182182
0.357000, 939.614632
0.358000, 941.028535
0.359000, 942.442438
0.360000, 943.837738
0.361000, 945.233038
0.362000, 946.609680
0.363000, 947.986322
0.364000, 949.344251
0.365000, 950.702181
0.366000, 952.041344
0.367000, 953.380507
0.368000, 954.700852
0.369000, 956.021197
0.370000, 957.322670
0.371000, 958.624143
0.372000, 959.906695
0.373000, 961.189246
0.374000, 962.452824
0.375000, 963.716402
0.376000, 964.960957
0.377000, 966.205512
0.378000, 967.430995
0.379000, 968.656478
0.380000, 969.862840
0.381000, 971.069203
0.382000, 972.256397
0.383000, 973.443592
0.384000, 974.611571
0.385000, 975.779551
0.386000, 976.928269
0.387000, 978.076988
0.388000, 979.206400
0.389000, 980.335812
0.390000, 981.445873
0.391000, 982.555934
0.392000, 983.646600
0.393000, 984.737267
0.394000, 985.808495
0.395000, 986.879724
0.396000, 987.931472
0.397000, 988.983220
0.398000, 990.015447
0.399000, 991.047673
0.400000, 992.060337
0.401000, 993.073001
0.402000, 994.066063
0.403000, 995.059125
0.404000, 996.032545
0.405000, 997.005965
0.406000, 997.959705
0.407000, 998.913445
0.408000, 999.847468
0.409000, 1000.781490
0.410000, 1001.695758
0.411000, 1002.610026
0.412000, 1003.504503
0.413000, 1004.398980
0.414000, 1005.273631
0.415000, 1006.148282
0.416000, 1007.003073
0.417000, 1007.857863
0.418000, 1008.692760
0.419000, 1009.527656
0.420000, 1010.342625
0.421000, 1011.157595
0.422000, 1011.952604
0.423000, 1012.747614
0.424000, 1013.522633
0.425000, 1014.297652
0.426000, 1015.052650
0.427000, 1015.807648
0.428000, 1016.542594
0.429000, 1017.277540
0.430000, 1017.992407
0.431000, 1018.707273
0.432000, 1019.402031
0.433000, 1020.096789
0.434000, 1020.771411
0.435000, 1021.446033
0.436000, 1022.100493
0.437000, 1022.754952
0.438000, 1023.389223
0.439000, 1024.023495
0.440000, 1024.637553
0.441000, 1025.251611
0.442000, 1025.845431
0.443000, 1026.439251
0.444000, 1027.012811
0.445000, 1027.586370
0.446000, 1028.139646
0.447000, 1028.692921
0.448000, 1029.225891
0.449000, 1029.758861
0.450000, 1030.271505
0.451000, 1030.784148
0.452000, 1031.276445
0.453000, 1031.768742
0.454000, 1032.240673
0.455000, 1032.712603
0.456000, 1033.164149
0.457000, 1033.615694
0.458000, 1034.046837
0.459000, 1034.477980
0.460000, 1034.888704
0.461000, 1035.299427
0.462000, 1035.689714
0.463000, 1036.080002
0.464000, 1036.449838
0.465000, 1036.819674
0.466000, 1037.169044
0.467000, 1037.518414
0.468000, 1037.847304
0.469000, 1038.176194
0.470000, 1038.484592
0.471000, 1038.792990
0.472000, 1039.080883
0.473000, 1039.368775
0.474000, 1039.636152
0.475000, 1039.903528
0.476000, 1040.150378
0.477000, 1040.397228
0.478000, 1040.623541
0.479000, 1040.849854
0.480000, 1041.055622
0.481000, 1041.261389
0.482000, 1041.446603
0.483000, 1041.631817
0.484000, 1041.796471
0.485000, 1041.961124
0.486000, 1042.105209
0.487000, 1042.249295
0.488000, 1042.372808
0.489000, 1042.496320
0.490000, 1042.599255
0.491000, 1042.702190
0.492000, 1042.784542
0.493000, 1042.866895
0.494000, 1042.928662
0.495000, 1042.990429
0.496000, 1043.031609
0.497000, 1043.072788
0.498000, 1043.093379
0.499000, 1043.113969
0.500000, 1043.113969
0.501000, 1043.113969
0.502000, 1043.093379
0.503000, 1043.072788
0.504000, 1043.031609
0.505000, 1042.990429
0.506000, 1042.928662
0.507000, 1042.866895
0.508000, 1042.784542
0.509000, 1042.702190
0.510000, 1042.599255
0.511000, 1042.496320
0.512000, 1042.372808
0.513000, 1042.249295
0.514000, 1042.105209
0.515000, 1041.961124
0.516000, 1041.796471
0.517000, 1041.631817
0.518000, 1041.446603
0.519000, 1041.261389
0.520000, 1041.055622
0.521000, 1040.849854
0.522000, 1040.623541
0.523000, 1040.397228
0.524000, 1040.150378
0.525000, 1039.903528
0.526000, 1039.636152
0.527000, 1039.368775
0.528000, 1039.080883
0.529000, 1038.792990
0.530000, 1038.484592
0.531000, 1038.176194
0.532000, 1037.847304
0.533000, 1037.518414
0.534000, 1037.169044
0.535000, 1036.819674
0.536000, 1036.449838
0.537000, 1036.080002
0.538000, 1035.689714
0.539000, 1035.299427
0.540000, 1034.888704
0.541000, 1034.477980
0.542000, 1034.046837
0.543000, 1033.615694
0.544000, 1033.164149
0.545000, 1032.712603
0.546000, 1032.240673
0.547000, 1031.768742
0.548000, 1031.276445
0.549000, 1030.784148
0.550000, 1030.271505
0.551000, 1029.758861
0.552000, 1029.225891
0.553000, 1028.692921
0.554000, 1028.139646
0.555000, 1027.586370
0.556000, 1027.012811
0.557000, 1026.439251
0.558000, 1025.845431
0.559000, 1025.251611
0.560000, 1024.637553
0.561000, 1024.023495
0.562000, 1023.389223
0.563000, 1022.754952
0.564000, 1022.100493
0.565000, 1021.446033
0.566000, 1020.771411
0.567000, 1020.096789
0.568000, 1019.402031
0.569000, 1018.707273
0.570000, 1017.992407
0.571000, 1017.277540
0.572000, 1016.542594
0.573000, 1015.807648
0.574000, 1015.052650
0.575000, 1014.297652
0.576000, 1013.522633
0.577000, 1012.747614
0.578000, 1011.952604
0.579000, 1011.157595
0.580000, 1010.342625
0.581000, 1009.527656
0.582000, 1008.692760
0.583000, 1007.857863
0.584000, 1007.003073
0.585000, 1006.148282
0.586000, 1005.273631
0.587000, 1004.398980
0.588000, 1003.504503
0.589000, 1002.610026
0.590000, 1001.695758
0.591000, 1000.781490
0.592000, 999.847468
0.593000, 998.913445
0.594000, 997.959705
0.595000, 997.005965
0.596000, 996.032545
0.597000, 995.059125
0.598000, 994.066063
0.599000, 993.073001
0.600000, 992.060337
0.601000, 991.047673
0.602000, 990.015447
0.603000, 988.983220
0.604000, 987.931472
0.605000, 986.879724
0.606000, 985.808495
0.607000, 984.737267
0.608000, 983.646600
0.609000, 982.555934
0.610000, 981.445873
0.611000, 980.335812
0.612000, 979.206400
0.613000, 978.076988
0.614000, 976.928269
0.615000, 975.779551
0.616000, 974.611571
0.617000, 973.443592
0.618000, 972.256397
0.619000, 971.069203
0.620000, 969.862840
0.621000, 968.656478
0.622000, 967.430995
0.623000, 966.205512
0.624000, 964.960957
0.625000, 963.716402
0.626000, 962.452824
0.627000, 961.189246
0.628000, 959.906695
0.629000, 958.624143
0.630000, 957.322670
0.631000, 956.021197
0.632000, 954.700852
0.633000, 953.380507
0.634000, 952.041344
0.635000, 950.702181
0.636000, 949.344251
0.637000, 947.986322
0.638000, 946.609680
0.639000, 945.233038
0.640000, 943.837738
0.641000, 942.442438
0.642000, 941.028535
0.643000, 939.614632
0.644000, 938.182182
0.645000, 936.749731
0.646000, 935.298791
0.647000, 933.847850
0.648000, 932.378475
0.649000, 930.909101
0.650000, 929.421352
0.651000, 927.933602
0.652000, 926.427536
0.653000, 924.921470
0.654000, 923.397147
0.655000, 921.872823
0.656000, 920.330303
0.657000, 918.787783
0.658000, 917.227126
0.659000, 915.666470
0.660000, 914.087739
0.661000, 912.509008
0.662000, 910.912265
0.663000, 909.315522
0.664000, 907.700830
0.665000, 906.086138
0.666000, 904.453560
0.667000, 902.820983
0.668000, 901.170584
0.669000, 899.520186
0.670000, 897.852032
0.671000, 896.183878
0.672000, 894.498034
0.673000, 892.812190
0.674000, 891.108722
0.675000, 889.405255
0.676000, 887.684231
0.677000, 885.963208
0.678000, 884.224696
0.679000, 882.486185
0.680000, 880.730253
0.681000, 878.974322
0.682000, 877.201041
0.683000, 875.427759
0.684000, 873.637198
0.685000, 871.846636
0.686000, 870.038865
0.687000, 868.231094
0.688000, 866.406185
0.689000, 864.581276
0.690000, 862.739300
0.691000, 860.897325
0.692000, 859.038356
0.693000, 857.179388
0.694000, 855.303499
0.695000, 853.427610
0.696000, 851.534876
0.697000, 849.642141
0.698000, 847.732635
0.699000, 845.823129
0.700000, 843.896928
0.701000, 841.970726
0.702000, 840.027905
0.703000, 838.085083
0.704000, 836.125719
0.705000, 834.166354
0.706000, 832.190524
0.707000, 830.214694
0.708000, 828.222476
0.709000, 826.230258
0.710000, 824.221731
0.711000, 822.213204
0.712000, 820.188447
0.713000, 818.163690
0.714000, 816.122784
0.715000, 814.081877
0.716000, 812.024901
0.717000, 809.967925
0.718000, 807.894961
0.719000, 805.821997
0.720000, 803.733127
0.721000, 801.644256
0.722000, 799.539562
0.723000, 797.434868
0.724000, 795.314434
0.725000, 793.193999
0.726000, 791.057907
0.727000, 788.921816
0.728000, 786.770151
0.729000, 784.618487
0.730000, 782.451335
0.731000, 780.284183
0.732000, 778.101629
0.733000, 775.919075
0.734000, 773.721204
0.735000, 771.523334
0.736000, 769.310235
0.737000, 767.097136
0.738000, 764.868894
0.739000, 762.640653
0.740000, 760.397358
0.741000, 758.154063
0.742000, 755.895803
0.743000, 753.637542
0.744000, 751.364406
0.745000, 749.091269
0.746000, 746.803346
0.747000, 744.515423
0.748000, 742.212804
0.749000, 739.910185
0.750000, 737.592961
0.751000, 735.275737
0.752000, 732.943999
0.753000, 730.612261
0.754000, 728.266101
0.755000, 725.919941
0.756000, 723.559453
0.757000, 721.198964
0.758000, 718.824240
0.759000, 716.449515
0.760000, 714.060649
0.761000, 711.671782
0.762000, 709.268868
0.763000, 706.865953
0.764000, 704.449086
0.765000, 702.032218
0.766000, 699.601494
0.767000, 697.170769
0.768000, 694.726282
0.769000, 692.281796
0.770000, 689.823644
0.771000, 687.365493
0.772000, 684.893774
0.773000, 682.422054
0.774000, 679.936864
0.775000, 677.451674
0.776000, 674.953112
0.777000, 672.454550
0.778000, 669.942714
0.779000, 667.430878
0.780000, 664.905868
0.781000, 662.380857
0.782000, 659.842772
0.783000, 657.304687
0.784000, 654.753627
0.785000, 652.202567
0.786000, 649.638633
0.787000, 647.074700
0.788000, 644.497993
0.789000, 641.921287
0.790000, 639.331909
0.791000, 636.742532
0.792000, 634.140586
0.793000, 631.538639
0.794000, 628.924227
0.795000, 626.309815
0.796000, 623.683040
0.797000, 621.056265
0.798000, 618.417231
0.799000, 615.778196
0.800000, 613.127007
0.801000, 610.475818
0.802000, 607.812579
0.803000, 605.149339
0.804000, 602.474155
0.805000, 599.798970
0.806000, 597.111946
0.807000, 594.424922
0.808000, 591.726165
0.809000, 589.027407
0.810000, 586.317023
0.811000, 583.606639
0.812000, 580.884734
0.813000, 578.162830
0.814000, 575.429514
0.815000, 572.696197
0.816000, 569.951576
0.817000, 567.206954
0.818000, 564.451137
0.819000, 561.695320
0.820000, 558.928415
0.821000, 556.161510
0.822000, 553.383627
0.823000, 550.605744
0.824000, 547.816993
0.825000, 545.028241
0.826000, 542.228731
0.827000, 539.429222
0.828000, 536.619064
0.829000, 533.808906
0.830000, 530.988211
0.831000, 528.167517
0.832000, 525.336397
0.833000, 522.505276
0.834000, 519.663842
0.835000, 516.822408
0.836000, 513.970773
0.837000, 511.119137
0.838000, 508.257412
0.839000, 505.395688
0.840000, 502.523987
0.841000, 499.652286
0.842000, 496.770723
0.843000, 493.889159
0.844000, 490.997847
0.845000, 488.106534
0.846000, 485.205587
0.847000, 482.304640
0.848000, 479.394172
0.849000, 476.483705
0.850000, 473.563832
0.851000, 470.643959
0.852000, 467.714796
0.853000, 464.785633
0.854000, 461.847296
0.855000, 458.908958
0.856000, 455.961562
0.857000, 453.014166
0.858000, 450.057828
0.859000, 447.101490
0.860000, 444.136327
0.861000, 441.171163
0.862000, 438.197291
0.863000, 435.223420
0.864000, 432.240957
0.865000, 429.258494
0.866000, 426.267558
0.867000, 423.276622
0.868000, 420.277331
0.869000, 417.278040
0.870000, 414.270512
0.871000, 411.262985
0.872000, 408.247339
0.873000, 405.231693
0.874000, 402.208049
0.875000, 399.184404
0.876000, 396.152880
0.877000, 393.121355
0.878000, 390.082071
0.879000, 387.042787
0.880000, 383.995863
0.881000, 380.948939
0.882000, 377.894496
0.883000, 374.840052
0.884000, 371.778209
0.885000, 368.716367
0.886000, 365.647246
0.887000, 362.578125
0.888000, 359.501847
0.889000, 356.425570
0.890000, 353.342256
0.891000, 350.258943
0.892000, 347.168716
0.893000, 344.078489
0.894000, 340.981470
0.895000, 337.884451
0.896000, 334.780763
0.897000, 331.677074
0.898000, 328.566839
0.899000, 325.456603
0.900000, 322.339943
0.901000, 319.223284
0.902000, 316.100323
0.903000, 312.977362
0.904000, 309.848223
0.905000, 306.719084
0.906000, 303.583891
0.907000, 300.448698
0.908000, 297.307574
0.909000, 294.166450
0.910000, 291.019520
0.911000, 287.872590
0.912000, 284.719977
0.913000, 281.567364
0.914000, 278.409193
0.915000, 275.251023
0.916000, 272.087419
0.917000, 268.923815
0.918000, 265.754903
0.919000, 262.585991
0.920000, 259.411895
0.921000, 256.237800
0.922000, 253.058646
0.923000, 249.879493
0.924000, 246.695407
0.925000, 243.511322
0.926000, 240.322429
0.927000, 237.133537
0.928000, 233.939964
0.929000, 230.746390
0.930000, 227.548262
0.931000, 224.350134
0.932000, 221.147578
0.933000, 217.945021
0.934000, 214.738163
0.935000, 211.531304
0.936000, 208.320270
0.937000, 205.109236
0.938000, 201.894154
0.939000, 198.679071
0.940000, 195.460067
0.941000, 192.241062
0.942000, 189.018263
0.943000, 185.795464
0.944000, 182.568998
0.945000, 179.342531
0.946000, 176.112525
0.947000, 172.882518
0.948000, 169.649099
0.949000, 166.415680
0.950000, 163.178976
0.951000, 159.942272
0.952000, 156.702410
0.953000, 153.462549
0.954000, 150.219659
0.955000, 146.976769
0.956000, 143.730977
0.957000, 140.485185
0.958000, 137.236621
0.959000, 133.988056
0.960000, 130.736847
0.961000, 127.485637
0.962000, 124.231911
0.963000, 120.978185
0.964000, 117.722072
0.965000, 114.465958
0.966000, 111.207584
0.967000, 107.949211
0.968000, 104.688707
0.969000, 101.428203
0.970000, 98.165696
0.971000, 94.903190
0.972000, 91.638810
0.973000, 88.374431
0.974000, 85.108307
0.975000, 81.842183
0.976000, 78.574443
0.977000, 75.306704
0.978000, 72.037478
0.979000, 68.768251
0.980000, 65.497668
0.981000, 62.227085
0.982000, 58.955273
0.983000, 55.683461
0.984000, 52.410550
0.985000, 49.137639
0.986000, 45.863758
0.987000, 42.589878
0.988000, 39.315156
0.989000, 36.040435
0.990000, 32.765002
0.991000, 29.489569
0.992000, 26.213554
0.993000, 22.937539
0.994000, 19.661071
0.995000, 16.384603
0.996000, 13.107812
0.997000, 9.831021
0.998000, 6.554035
0.999000, 3.277050
1.000000, 0.000000
