0.000000, 0.000000
0.001000, 10721.780771
0.002000, 21443.349903
0.003000, 32164.919034
0.004000, 42885.853258
0.005000, 53606.787482
0.006000, 64326.663554
0.007000, 75046.539626
0.008000, 85764.934343
0.009000, 96483.329061
0.010000, 107199.819280
0.011000, 117916.309499
0.012000, 128630.472151
0.013000, 139344.634803
0.014000, 150056.046911
0.015000, 160767.459020
0.016000, 171475.697716
0.017000, 182183.936412
0.018000, 192888.578954
0.019000, 203593.221495
0.020000, 214293.845281
0.021000, 224994.469066
0.022000, 235690.651653
0.023000, 246386.834241
0.024000, 257078.153363
0.025000, 267769.472485
0.026000, 278455.506067
0.027000, 289141.539649
0.028000, 299821.865824
0.029000, 310502.192000
0.030000, 321176.389128
0.031000, 331850.586256
0.032000, 342518.232938
0.033000, 353185.879619
0.034000, 363846.554714
0.035000, 374507.229809
0.036000, 385160.512451
0.037000, 395813.795094
0.038000, 406459.264711
0.039000, 417104.734328
0.040000, 427741.970655
0.041000, 438379.206982
0.042000, 449007.790079
0.043000, 459636.373175
0.044000, 470255.883444
0.045000, 480875.393712
0.046000, 491485.411911
0.047000, 502095.430111
0.048000, 512695.537376
0.049000, 523295.644642
0.050000, 533885.422500
0.051000, 544475.200357
0.052000, 555054.230741
0.053000, 565633.261124
0.054000, 576201.126391
0.055000, 586768.991658
0.056000, 597325.274607
0.057000, 607881.557557
0.058000, 618425.841445
0.059000, 628970.125333
0.060000, 639501.993889
0.061000, 650033.862445
0.062000, 660552.899889
0.063000, 671071.937333
0.064000, 681577.728392
0.065000, 692083.519451
0.066000, 702575.649373
0.067000, 713067.779296
0.068000, 723545.833871
0.069000, 734023.888446
0.070000, 744487.454018
0.071000, 754951.019590
0.072000, 765399.683075
0.073000, 775848.346560
0.074000, 786281.695463
0.075000, 796715.044366
0.076000, 807132.666796
0.077000, 817550.289226
0.078000, 827951.773914
0.079000, 838353.258601
0.080000, 848738.194913
0.081000, 859123.131225
0.082000, 869491.109181
0.083000, 879859.087138
0.084000, 890209.697430
0.085000, 900560.307721
0.086000, 910893.141723
0.087000, 921225.975725
0.088000, 931540.625515
0.089000, 941855.275306
0.090000, 952151.333679
0.091000, 962447.392052
0.092000, 972724.452538
0.093000, 983001.513024
0.094000, 993259.169901
0.095000, 1003516.826779
0.096000, 1013754.675093
0.097000, 1023992.523407
0.098000, 1034210.158986
0.099000, 1044427.794565
0.100000, 1054624.814033
0.101000, 1064821.833501
0.102000, 1074997.834298
0.103000, 1085173.835095
0.104000, 1095328.415490
0.105000, 1105482.995884
0.106000, 1115615.754990
0.107000, 1125748.514097
0.108000, 1135859.051892
0.109000, 1145969.589686
0.110000, 1156057.507022
0.111000, 1166145.424358
0.112000, 1176210.322982
0.113000, 1186275.221606
0.114000, 1196316.704173
0.115000, 1206358.186739
0.116000, 1216375.856828
0.117000, 1226393.526916
0.118000, 1236386.989047
0.119000, 1246380.451177
0.120000, 1256349.310825
0.121000, 1266318.170472
0.122000, 1276262.034083
0.123000, 1286205.897694
0.124000, 1296124.372702
0.125000, 1306042.847709
0.126000, 1315935.542549
0.127000, 1325828.237389
0.128000, 1335694.761515
0.129000, 1345561.285640
0.130000, 1355401.249538
0.131000, 1365241.213436
0.132000, 1375054.228641
0.133000, 1384867.243846
0.134000, 1394652.922958
0.135000, 1404438.602069
0.136000, 1414196.558765
0.137000, 1423954.515461
0.138000, 1433684.364513
0.139000, 1443414.213566
0.140000, 1453115.570858
0.141000, 1462816.928150
0.142000, 1472489.410688
0.143000, 1482161.893226
0.144000, 1491805.119157
0.145000, 1501448.345089
0.146000, 1511061.933715
0.147000, 1520675.522342
0.148000, 1530259.094135
0.149000, 1539842.665928
0.150000, 1549395.842546
0.151000, 1558949.019164
0.152000, 1568471.423462
0.153000, 1577993.827761
0.154000, 1587485.083812
0.155000, 1596976.339864
0.156000, 1606436.072969
0.157000, 1615895.806075
0.158000, 1625323.642781
0.159000, 1634751.479487
0.160000, 1644147.047598
0.161000, 1653542.615710
0.162000, 1662905.544305
0.163000, 1672268.472901
0.164000, 1681598.392349
0.165000, 1690928.311797
0.166000, 1700224.853767
0.167000, 1709521.395738
0.168000, 1718784.193220
0.169000, 1728046.990701
0.170000, 1737275.678015
0.171000, 1746504.365329
0.172000, 1755698.578141
0.173000, 1764892.790954
0.174000, 1774052.166294
0.175000, 1783211.541634
0.176000, 1792335.717905
0.177000, 1801459.894176
0.178000, 1810548.511171
0.179000, 1819637.128165
0.180000, 1828689.827081
0.181000, 1837742.525997
0.182000, 1846758.949449
0.183000, 1855775.372900
0.184000, 1864755.164935
0.185000, 1873734.956970
0.186000, 1882677.763080
0.187000, 1891620.569191
0.188000, 1900526.036331
0.189000, 1909431.503472
0.190000, 1918299.280069
0.191000, 1927167.056666
0.192000, 1935996.792635
0.193000, 1944826.528604
0.194000, 1953617.875363
0.195000, 1962409.222121
0.196000, 1971161.832602
0.197000, 1979914.443083
0.198000, 1988627.971747
0.199000, 1997341.500412
0.200000, 2006015.603266
0.201000, 2014689.706119
0.202000, 2023324.040722
0.203000, 2031958.375326
0.204000, 2040552.600811
0.205000, 2049146.826296
0.206000, 2057700.603376
0.207000, 2066254.380457
0.208000, 2074767.371445
0.209000, 2083280.362434
0.210000, 2091752.231251
0.211000, 2100224.100069
0.212000, 2108654.512261
0.213000, 2117084.924453
0.214000, 2125473.547201
0.215000, 2133862.169949
0.216000, 2142208.672084
0.217000, 2150555.174220
0.218000, 2158859.226237
0.219000, 2167163.278255
0.220000, 2175424.552325
0.221000, 2183685.826395
0.222000, 2191903.996376
0.223000, 2200122.166358
0.224000, 2208296.907811
0.225000, 2216471.649264
0.226000, 2224602.639465
0.227000, 2232733.629665
0.228000, 2240820.547615
0.229000, 2248907.465566
0.230000, 2256949.992008
0.231000, 2264992.518450
0.232000, 2272990.335879
0.233000, 2280988.153308
0.234000, 2288940.945984
0.235000, 2296893.738660
0.236000, 2304801.192620
0.237000, 2312708.646579
0.238000, 2320570.449651
0.239000, 2328432.252722
0.240000, 2336248.094534
0.241000, 2344063.936345
0.242000, 2351833.508342
0.243000, 2359603.080339
0.244000, 2367326.075791
0.245000, 2375049.071243
0.246000, 2382725.185259
0.247000, 2390401.299276
0.248000, 2398030.228818
0.249000, 2405659.158359
0.250000, 2413240.602249
0.251000, 2420822.046138
0.252000, 2428355.705073
0.253000, 2435889.364007
0.254000, 2443374.940571
0.255000, 2450860.517135
0.256000, 2458297.715811
0.257000, 2465734.914487
0.258000, 2473123.441667
0.259000, 2480511.968846
0.260000, 2487851.532843
0.261000, 2495191.096840
0.262000, 2502481.407901
0.263000, 2509771.718962
0.264000, 2517012.489278
0.265000, 2524253.259594
0.266000, 2531444.203311
0.267000, 2538635.147029
0.268000, 2545775.980262
0.269000, 2552916.813496
0.270000, 2560007.254337
0.271000, 2567097.695178
0.272000, 2574137.463708
0.273000, 2581177.232238
0.274000, 2588166.050540
0.275000, 2595154.868842
0.276000, 2602092.461008
0.277000, 2609030.053174
0.278000, 2615916.145321
0.279000, 2622802.237468
0.280000, 2629636.557744
0.281000, 2636470.878020
0.282000, 2643253.156618
0.283000, 2650035.435216
0.284000, 2656765.404383
0.285000, 2663495.373551
0.286000, 2670172.767600
0.287000, 2676850.161649
0.288000, 2683474.716968
0.289000, 2690099.272286
0.290000, 2696670.727348
0.291000, 2703242.182410
0.292000, 2709760.277786
0.293000, 2716278.373162
0.294000, 2722742.851528
0.295000, 2729207.329894
0.296000, 2735617.936044
0.297000, 2742028.542194
0.298000, 2748385.023048
0.299000, 2754741.503902
0.300000, 2761043.608518
0.301000, 2767345.713133
0.302000, 2773593.192713
0.303000, 2779840.672293
0.304000, 2786033.280199
0.305000, 2792225.888104
0.306000, 2798363.379861
0.307000, 2804500.871617
0.308000, 2810583.004928
0.309000, 2816665.138238
0.310000, 2822691.672991
0.311000, 2828718.207743
0.312000, 2834688.906019
0.313000, 2840659.604296
0.314000, 2846574.230384
0.315000, 2852488.856472
0.316000, 2858347.176872
0.317000, 2864205.497272
0.318000, 2870007.280707
0.319000, 2875809.064143
0.320000, 2881554.081570
0.321000, 2887299.098997
0.322000, 2892987.123611
0.323000, 2898675.148226
0.324000, 2904305.955474
0.325000, 2909936.762723
0.326000, 2915510.130311
0.327000, 2921083.497900
0.328000, 2926599.205801
0.329000, 2932114.913702
0.330000, 2937572.744165
0.331000, 2943030.574628
0.332000, 2948430.312186
0.333000, 2953830.049745
0.334000, 2959171.481228
0.335000, 2964512.912711
0.336000, 2969795.827247
0.337000, 2975078.741782
0.338000, 2980302.930811
0.339000, 2985527.119839
0.340000, 2990692.377119
0.341000, 2995857.634398
0.342000, 3000963.756012
0.343000, 3006069.877626
0.344000, 3011116.661995
0.345000, 3016163.446364
0.346000, 3021150.694248
0.347000, 3026137.942132
0.348000, 3031065.456645
0.349000, 3035992.971157
0.350000, 3040860.557767
0.351000, 3045728.144377
0.352000, 3050535.610921
0.353000, 3055343.077465
0.354000, 3060090.234153
0.355000, 3064837.390841
0.356000, 3069524.050262
0.357000, 3074210.709684
0.358000, 3078836.686817
0.359000, 3083462.663951
0.360000, 3088027.776172
0.361000, 3092592.888393
0.362000, 3097096.955478
0.363000, 3101601.022563
0.364000, 3106043.866699
0.365000, 3110486.710835
0.366000, 3114868.156627
0.367000, 3119249.602418
0.368000, 3123569.476893
0.369000, 3127889.351368
0.370000, 3132147.483985
0.371000, 3136405.616602
0.372000, 3140601.839257
0.373000, 3144798.061912
0.374000, 3148932.208946
0.375000, 3153066.355980
0.376000, 3157138.264183
0.377000, 3161210.172387
0.378000, 3165219.681008
0.379000, 3169229.189629
0.380000, 3173176.140379
0.381000, 3177123.091129
0.382000, 3181007.328190
0.383000, 3184891.565250
0.384000, 3188712.935278
0.385000, 3192534.305305
0.386000, 3196292.657439
0.387000, 3200051.009573
0.388000, 3203746.195439
0.389000, 3207441.381306
0.390000, 3211073.255025
0.391000, 3214705.128745
0.392000, 3218273.546937
0.393000, 3221841.965130
0.394000, 3225346.786921
0.395000, 3228851.608711
0.396000, 3232292.695735
0.397000, 3235733.782759
0.398000, 3239110.999169
0.399000, 3242488.215578
0.400000, 3245801.428046
0.401000, 3249114.640514
0.402000, 3252363.718241
0.403000, 3255612.795968
0.404000, 3258797.610685
0.405000, 3261982.425403
0.406000, 3265102.851380
0.407000, 3268223.277357
0.408000, 3271279.191405
0.409000, 3274335.105452
0.410000, 3277326.386928
0.411000, 3280317.668404
0.412000, 3283244.199218
0.413000, 3286170.730031
0.414000, 3289032.394648
0.415000, 3291894.059265
0.416000, 3294690.744711
0.417000, 3297487.430157
0.418000, 3300219.026025
0.419000, 3302950.621892
0.420000, 3305617.020342
0.421000, 3308283.418793
0.422000, 3310884.514560
0.423000, 3313485.610328
0.424000, 3316021.300727
0.425000, 3318556.991125
0.426000, 3321027.176050
0.427000, 3323497.360975
0.428000, 3325901.942907
0.429000, 3328306.524839
0.430000, 3330645.408850
0.431000, 3332984.292861
0.432000, 3335257.386615
0.433000, 3337530.480369
0.434000, 3339737.694130
0.435000, 3341944.907890
0.436000, 3344086.154518
0.437000, 3346227.401147
0.438000, 3348302.596112
0.439000, 3350377.791077
0.440000, 3352386.852452
0.441000, 3354395.913828
0.442000, 3356338.762300
0.443000, 3358281.610772
0.444000, 3360158.169640
0.445000, 3362034.728508
0.446000, 3363844.923689
0.447000, 3365655.118870
0.448000, 3367398.878900
0.449000, 3369142.638931
0.450000, 3370819.894970
0.451000, 3372497.151009
0.452000, 3374107.836842
0.453000, 3375718.522674
0.454000, 3377262.574713
0.455000, 3378806.626753
0.456000, 3380283.984042
0.457000, 3381761.341331
0.458000, 3383171.945546
0.459000, 3384582.549762
0.460000, 3385926.345215
0.461000, 3387270.140669
0.462000, 3388547.074310
0.463000, 3389824.007951
0.464000, 3391034.029368
0.465000, 3392244.050785
0.466000, 3393387.112209
0.467000, 3394530.173633
0.468000, 3395606.229937
0.469000, 3396682.286241
0.470000, 3397691.294945
0.471000, 3398700.303650
0.472000, 3399642.224919
0.473000, 3400584.146189
0.474000, 3401458.942839
0.475000, 3402333.739490
0.476000, 3403141.376985
0.477000, 3403949.014480
0.478000, 3404689.460935
0.479000, 3405429.907391
0.480000, 3406103.133576
0.481000, 3406776.359761
0.482000, 3407382.339097
0.483000, 3407988.318433
0.484000, 3408527.026998
0.485000, 3409065.735562
0.486000, 3409537.152088
0.487000, 3410008.568613
0.488000, 3410412.674489
0.489000, 3410816.780365
0.490000, 3411153.559638
0.491000, 3411490.338910
0.492000, 3411759.778284
0.493000, 3412029.217658
0.494000, 3412231.306497
0.495000, 3412433.395335
0.496000, 3412568.125660
0.497000, 3412702.855985
0.498000, 3412770.222477
0.499000, 3412837.588969
0.500000, 3412837.588969
0.501000, 3412837.588969
0.502000, 3412770.222477
0.503000, 3412702.855985
0.504000, 3412568.125660
0.505000, 3412433.395335
0.506000, 3412231.306497
0.507000, 3412029.217658
0.508000, 3411759.778284
0.509000, 3411490.338910
0.510000, 3411153.559638
0.511000, 3410816.780365
0.512000, 3410412.674489
0.513000, 3410008.568613
0.514000, 3409537.152088
0.515000, 3409065.735562
0.516000, 3408527.026998
0.517000, 3407988.318433
0.518000, 3407382.339097
0.519000, 3406776.359761
0.520000, 3406103.133576
0.521000, 3405429.907391
0.522000, 3404689.460935
0.523000, 3403949.014480
0.524000, 3403141.376985
0.525000, 3402333.739490
0.526000, 3401458.942839
0.527000, 3400584.146189
0.528000, 3399642.224919
0.529000, 3398700.303650
0.530000, 3397691.294945
0.531000, 3396682.286241
0.532000, 3395606.229937
0.533000, 3394530.173633
0.534000, 3393387.112209
0.535000, 3392244.050785
0.536000, 3391034.029368
0.537000, 3389824.007951
0.538000, 3388547.074310
0.539000, 3387270.140669
0.540000, 3385926.345215
0.541000, 3384582.549762
0.542000, 3383171.945546
0.543000, 3381761.341331
0.544000, 3380283.984042
0.545000, 3378806.626753
0.546000, 3377262.574713
0.547000, 3375718.522674
0.548000, 3374107.836842
0.549000, 3372497.151009
0.550000, 3370819.894970
0.551000, 3369142.638931
0.552000, 3367398.878900
0.553000, 3365655.118870
0.554000, 3363844.923689
0.555000, 3362034.728508
0.556000, 3360158.169640
0.557000, 3358281.610772
0.558000, 3356338.762300
0.559000, 3354395.913828
0.560000, 3352386.852452
0.561000, 3350377.791077
0.562000, 3348302.596112
0.563000, 3346227.401147
0.564000, 3344086.154518
0.565000, 3341944.907890
0.566000, 3339737.694130
0.567000, 3337530.480369
0.568000, 3335257.386615
0.569000, 3332984.292861
0.570000, 3330645.408850
0.571000, 3328306.524839
0.572000, 3325901.942907
0.573000, 3323497.360975
0.574000, 3321027.176050
0.575000, 3318556.991125
0.576000, 3316021.300727
0.577000, 3313485.610328
0.578000, 3310884.514560
0.579000, 3308283.418793
0.580000, 3305617.020342
0.581000, 3302950.621892
0.582000, 3300219.026025
0.583000, 3297487.430157
0.584000, 3294690.744711
0.585000, 3291894.059265
0.586000, 3289032.394648
0.587000, 3286170.730031
0.588000, 3283244.199218
0.589000, 3280317.668404
0.590000, 3277326.386928
0.591000, 3274335.105452
0.592000, 3271279.191405
0.593000, 3268223.277357
0.594000, 3265102.851380
0.595000, 3261982.425403
0.596000, 3258797.610685
0.597000, 3255612.795968
0.598000, 3252363.718241
0.599000, 3249114.640514
0.600000, 3245801.428046
0.601000, 3242488.215578
0.602000, 3239110.999169
0.603000, 3235733.782759
0.604000, 3232292.695735
0.605000, 3228851.608711
0.606000, 3225346.786921
0.607000, 3221841.965130
0.608000, 3218273.546937
0.609000, 3214705.128745
0.610000, 3211073.255025
0.611000, 3207441.381306
0.612000, 3203746.195439
0.613000, 3200051.009573
0.614000, 3196292.657439
0.615000, 3192534.305305
0.616000, 3188712.935278
0.617000, 3184891.565250
0.618000, 3181007.328190
0.619000, 3177123.091129
0.620000, 3173176.140379
0.621000, 3169229.189629
0.622000, 3165219.681008
0.623000, 3161210.172387
0.624000, 3157138.264183
0.625000, 3153066.355980
0.626000, 3148932.208946
0.627000, 3144798.061912
0.628000, 3140601.839257
0.629000, 3136405.616602
0.630000, 3132147.483985
0.631000, 3127889.351368
0.632000, 3123569.476893
0.633000, 3119249.602418
0.634000, 3114868.156627
0.635000, 3110486.710835
0.636000, 3106043.866699
0.637000, 3101601.022563
0.638000, 3097096.955478
0.639000, 3092592.888393
0.640000, 3088027.776172
0.641000, 3083462.663951
0.642000, 3078836.686817
0.643000, 3074210.709684
0.644000, 3069524.050262
0.645000, 3064837.390841
0.646000, 3060090.234153
0.647000, 3055343.077465
0.648000, 3050535.610921
0.649000, 3045728.144377
0.650000, 3040860.557767
0.651000, 3035992.971157
0.652000, 3031065.456645
0.653000, 3026137.942132
0.654000, 3021150.694248
0.655000, 3016163.446364
0.656000, 3011116.661995
0.657000, 3006069.877626
0.658000, 3000963.756012
0.659000, 2995857.634398
0.660000, 2990692.377119
0.661000, 2985527.119839
0.662000, 2980302.930811
0.663000, 2975078.741782
0.664000, 2969795.827247
0.665000, 2964512.912711
0.666000, 2959171.481228
0.667000, 2953830.049745
0.668000, 2948430.312186
0.669000, 2943030.574628
0.670000, 2937572.744165
0.671000, 2932114.913702
0.672000, 2926599.205801
0.673000, 2921083.497900
0.674000, 2915510.130311
0.675000, 2909936.762723
0.676000, 2904305.955474
0.677000, 2898675.148226
0.678000, 2892987.123611
0.679000, 2887299.098997
0.680000, 2881554.081570
0.681000, 2875809.064143
0.682000, 2870007.280707
0.683000, 2864205.497272
0.684000, 2858347.176872
0.685000, 2852488.856472
0.686000, 2846574.230384
0.687000, 2840659.604296
0.688000, 2834688.906019
0.689000, 2828718.207743
0.690000, 2822691.672991
0.691000, 2816665.138238
0.692000, 2810583.004928
0.693000, 2804500.871617
0.694000, 2798363.379861
0.695000, 2792225.888104
0.696000, 2786033.280199
0.697000, 2779840.672293
0.698000, 2773593.192713
0.699000, 2767345.713133
0.700000, 2761043.608518
0.701000, 2754741.503902
0.702000, 2748385.023048
0.703000, 2742028.542194
0.704000, 2735617.936044
0.705000, 2729207.329894
0.706000, 2722742.851528
0.707000, 2716278.373162
0.708000, 2709760.277786
0.709000, 2703242.182410
0.710000, 2696670.727348
0.711000, 2690099.272286
0.712000, 2683474.716968
0.713000, 2676850.161649
0.714000, 2670172.767600
0.715000, 2663495.373551
0.716000, 2656765.404383
0.717000, 2650035.435216
0.718000, 2643253.156618
0.719000, 2636470.878020
0.720000, 2629636.557744
0.721000, 2622802.237468
0.722000, 2615916.145321
0.723000, 2609030.053174
0.724000, 2602092.461008
0.725000, 2595154.868842
0.726000, 2588166.050540
0.727000, 2581177.232238
0.728000, 2574137.463708
0.729000, 2567097.695178
0.730000, 2560007.254337
0.731000, 2552916.813496
0.732000, 2545775.980262
0.733000, 2538635.147029
0.734000, 2531444.203311
0.735000, 2524253.259594
0.736000, 2517012.489278
0.737000, 2509771.718962
0.738000, 2502481.407901
0.739000, 2495191.096840
0.740000, 2487851.532843
0.741000, 2480511.968846
0.742000, 2473123.441667
0.743000, 2465734.914487
0.744000, 2458297.715811
0.745000, 2450860.517135
0.746000, 2443374.940571
0.747000, 2435889.364007
0.748000, 2428355.705073
0.749000, 2420822.046138
0.750000, 2413240.602249
0.751000, 2405659.158359
0.752000, 2398030.228818
0.753000, 2390401.299276
0.754000, 2382725.185259
0.755000, 2375049.071243
0.756000, 2367326.075791
0.757000, 2359603.080339
0.758000, 2351833.508342
0.759000, 2344063.936345
0.760000, 2336248.094534
0.761000, 2328432.252722
0.762000, 2320570.449651
0.763000, 2312708.646579
0.764000, 2304801.192620
0.765000, 2296893.738660
0.766000, 2288940.945984
0.767000, 2280988.153308
0.768000, 2272990.335879
0.769000, 2264992.518450
0.770000, 2256949.992008
0.771000, 2248907.465566
0.772000, 2240820.547615
0.773000, 2232733.629665
0.774000, 2224602.639465
0.775000, 2216471.649264
0.776000, 2208296.907811
0.777000, 2200122.166358
0.778000, 2191903.996376
0.779000, 2183685.826395
0.780000, 2175424.552325
0.781000, 2167163.278255
0.782000, 2158859.226237
0.783000, 2150555.174220
0.784000, 2142208.672084
0.785000, 2133862.169949
0.786000, 2125473.547201
0.787000, 2117084.924453
0.788000, 2108654.512261
0.789000, 2100224.100069
0.790000, 2091752.231251
0.791000, 2083280.362434
0.792000, 2074767.371445
0.793000, 2066254.380457
0.794000, 2057700.603376
0.795000, 2049146.826296
0.796000, 2040552.600811
0.797000, 2031958.375326
0.798000, 2023324.040722
0.799000, 2014689.706119
0.800000, 2006015.603266
0.801000, 1997341.500412
0.802000, 1988627.971747
0.803000, 1979914.443083
0.804000, 1971161.832602
0.805000, 1962409.222121
0.806000, 1953617.875363
0.807000, 1944826.528604
0.808000, 1935996.792635
0.809000, 1927167.056666
0.810000, 1918299.280069
0.811000, 1909431.503472
0.812000, 1900526.036331
0.813000, 1891620.569191
0.814000, 1882677.763080
0.815000, 1873734.956970
0.816000, 1864755.164935
0.817000, 1855775.372900
0.818000, 1846758.949449
0.819000, 1837742.525997
0.820000, 1828689.827081
0.821000, 1819637.128165
0.822000, 1810548.511171
0.823000, 1801459.894176
0.824000, 1792335.717905
0.825000, 1783211.541634
0.826000, 1774052.166294
0.827000, 1764892.790954
0.828000, 1755698.578141
0.829000, 1746504.365329
0.830000, 1737275.678015
0.831000, 1728046.990701
0.832000, 1718784.193220
0.833000, 1709521.395738
0.834000, 1700224.853767
0.835000, 1690928.311797
0.836000, 1681598.392349
0.837000, 1672268.472901
0.838000, 1662905.544305
0.839000, 1653542.615710
0.840000, 1644147.047598
0.841000, 1634751.479487
0.842000, 1625323.642781
0.843000, 1615895.806075
0.844000, 1606436.072969
0.845000, 1596976.339864
0.846000, 1587485.083812
0.847000, 1577993.827761
0.848000, 1568471.423462
0.849000, 1558949.019164
0.850000, 1549395.842546
0.851000, 1539842.665928
0.852000, 1530259.094135
0.853000, 1520675.522342
0.854000, 1511061.933715
0.855000, 1501448.345089
0.856000, 1491805.119157
0.857000, 1482161.893226
0.858000, 1472489.410688
0.859000, 1462816.928150
0.860000, 1453115.570858
0.861000, 1443414.213566
0.862000, 1433684.364513
0.863000, 1423954.515461
0.864000, 1414196.558765
0.865000, 1404438.602069
0.866000, 1394652.922958
0.867000, 1384867.243846
0.868000, 1375054.228641
0.869000, 1365241.213436
0.870000, 1355401.249538
0.871000, 1345561.285640
0.872000, 1335694.761515
0.873000, 1325828.237389
0.874000, 1315935.542549
0.875000, 1306042.847709
0.876000, 1296124.372702
0.877000, 1286205.897694
0.878000, 1276262.034083
0.879000, 1266318.170472
0.880000, 1256349.310825
0.881000, 1246380.451177
0.882000, 1236386.989047
0.883000, 1226393.526916
0.884000, 1216375.856828
0.885000, 1206358.186739
0.886000, 1196316.704173
0.887000, 1186275.221606
0.888000, 1176210.322982
0.889000, 1166145.424358
0.890000, 1156057.507022
0.891000, 1145969.589686
0.892000, 1135859.051892
0.893000, 1125748.514097
0.894000, 1115615.754990
0.895000, 1105482.995884
0.896000, 1095328.415490
0.897000, 1085173.835095
0.898000, 1074997.834298
0.899000, 1064821.833501
0.900000, 1054624.814033
0.901000, 1044427.794565
0.902000, 1034210.158986
0.903000, 1023992.523407
0.904000, 1013754.675093
0.905000, 1003516.826779
0.906000, 993259.169901
0.907000, 983001.513024
0.908000, 972724.452538
0.909000, 962447.392052
0.910000, 952151.333679
0.911000, 941855.275306
0.912000, 931540.625515
0.913000, 921225.975725
0.914000, 910893.141723
0.915000, 900560.307721
0.916000, 890209.697430
0.917000, 879859.087138
0.918000, 869491.109181
0.919000, 859123.131225
0.920000, 848738.194913
0.921000, 838353.258601
0.922000, 827951.773914
0.923000, 817550.289226
0.924000, 807132.666796
0.925000, 796715.044366
0.926000, 786281.695463
0.927000, 775848.346560
0.928000, 765399.683075
0.929000, 754951.019590
0.930000, 744487.454018
0.931000, 734023.888446
0.932000, 723545.833871
0.933000, 713067.779296
0.934000, 702575.649373
0.935000, 692083.519451
0.936000, 681577.728392
0.937000, 671071.937333
0.938000, 660552.899889
0.939000, 650033.862445
0.940000, 639501.993889
0.941000, 628970.125333
0.942000, 618425.841445
0.943000, 607881.557557
0.944000, 597325.274607
0.945000, 586768.991658
0.946000, 576201.126391
0.947000, 565633.261124
0.948000, 555054.230741
0.949000, 544475.200357
0.950000, 533885.422500
0.951000, 523295.644642
0.952000, 512695.537376
0.953000, 502095.430111
0.954000, 491485.411911
0.955000, 480875.393712
0.956000, 470255.883444
0.957000, 459636.373175
0.958000, 449007.790079
0.959000, 438379.206982
0.960000, 427741.970655
0.961000, 417104.734328
0.962000, 406459.264711
0.963000, 395813.795094
0.964000, 385160.512451
0.965000, 374507.229809
0.966000, 363846.554714
0.967000, 353185.879619
0.968000, 342518.232938
0.969000, 331850.586256
0.970000, 321176.389128
0.971000, 310502.192000
0.972000, 299821.865824
0.973000, 289141.539649
0.974000, 278455.506067
0.975000, 267769.472485
0.976000, 257078.153363
0.977000, 246386.834241
0.978000, 235690.651653
0.979000, 224994.469066
0.980000, 214293.845281
0.981000, 203593.221495
0.982000, 192888.578954
0.983000, 182183.936412
0.984000, 171475.697716
0.985000, 160767.459020
0.986000, 150056.046911
0.987000, 139344.634803
0.988000, 128630.472151
0.989000, 117916.309499
0.990000, 107199.819280
0.991000, 96483.329061
0.992000, 85764.934343
0.993000, 75046.539626
0.994000, 64326.663554
0.995000, 53606.787482
0.996000, 42885.853258
0.997000, 32164.919034
0.998000, 21443.349903
0.999000, 10721.780771
1.000000, 0.000000
