0.000000, 0.000000
0.001000, 114.435008
0.002000, 228.867757
0.003000, 343.300506
0.004000, 457.726478
0.005000, 572.152451
0.006000, 686.567130
0.007000, 800.981809
0.008000, 915.380677
0.009000, 1029.779545
0.010000, 1144.158086
0.011000, 1258.536627
0.012000, 1372.890326
0.013000, 1487.244024
0.014000, 1601.568366
0.015000, 1715.892708
0.016000, 1830.183179
0.017000, 1944.473651
0.018000, 2058.725740
0.019000, 2172.977829
0.020000, 2287.187026
0.021000, 2401.396222
0.022000, 2515.558017
0.023000, 2629.719812
0.024000, 2743.829699
0.025000, 2857.939585
0.026000, 2971.993059
0.027000, 3086.046532
0.028000, 3200.039089
0.029000, 3314.031647
0.030000, 3427.958788
0.031000, 3541.885929
0.032000, 3655.743157
0.033000, 3769.600384
0.034000, 3883.383203
0.035000, 3997.166022
0.036000, 4110.869940
0.037000, 4224.573858
0.038000, 4338.194387
0.039000, 4451.814915
0.040000, 4565.347569
0.041000, 4678.880223
0.042000, 4792.320519
0.043000, 4905.760816
0.044000, 5019.104277
0.045000, 5132.447738
0.046000, 5245.689889
0.047000, 5358.932040
0.048000, 5472.068410
0.049000, 5585.204780
0.050000, 5698.230903
0.051000, 5811.257026
0.052000, 5924.168440
0.053000, 6037.079854
0.054000, 6149.872101
0.055000, 6262.664348
0.056000, 6375.332975
0.057000, 6488.001602
0.058000, 6600.542162
0.059000, 6713.082722
0.060000, 6825.490771
0.061000, 6937.898820
0.062000, 7050.169922
0.063000, 7162.441023
0.064000, 7274.570743
0.065000, 7386.700464
0.066000, 7498.684377
0.067000, 7610.668291
0.068000, 7722.501976
0.069000, 7834.335662
0.070000, 7946.014704
0.071000, 8057.693746
0.072000, 8169.213737
0.073000, 8280.733727
0.074000, 8392.090263
0.075000, 8503.446799
0.076000, 8614.635484
0.077000, 8725.824169
0.078000, 8836.840613
0.079000, 8947.857058
0.080000, 9058.696880
0.081000, 9169.536701
0.082000, 9280.195524
0.083000, 9390.854347
0.084000, 9501.327802
0.085000, 9611.801258
0.086000, 9722.084985
0.087000, 9832.368711
0.088000, 9942.458355
0.089000, 10052.548000
0.090000, 10162.439215
0.091000, 10272.330431
0.092000, 10382.018879
0.093000, 10491.707327
0.094000, 10601.188679
0.095000, 10710.670030
0.096000, 10819.939961
0.097000, 10929.209893
0.098000, 11038.264092
0.099000, 11147.318290
0.100000, 11256.152450
0.101000, 11364.986610
0.102000, 11473.596435
0.103000, 11582.206259
0.104000, 11690.587461
0.105000, 11798.968663
0.106000, 11907.116964
0.107000, 12015.265264
0.108000, 12123.176394
0.109000, 12231.087523
0.110000, 12338.757221
0.111000, 12446.426919
0.112000, 12553.850936
0.113000, 12661.274952
0.114000, 12768.449046
0.115000, 12875.623140
0.116000, 12982.543079
0.117000, 13089.463019
0.118000, 13196.124584
0.119000, 13302.786150
0.120000, 13409.185129
0.121000, 13515.584108
0.122000, 13621.716302
0.123000, 13727.848495
0.124000, 13833.709713
0.125000, 13939.570930
0.126000, 14045.156992
0.127000, 14150.743055
0.128000, 14256.049793
0.129000, 14361.356532
0.130000, 14466.379790
0.131000, 14571.403048
0.132000, 14676.138678
0.133000, 14780.874309
0.134000, 14885.318178
0.135000, 14989.762047
0.136000, 15093.910031
0.137000, 15198.058015
0.138000, 15301.906002
0.139000, 15405.753990
0.140000, 15509.297880
0.141000, 15612.841771
0.142000, 15716.077478
0.143000, 15819.313185
0.144000, 15922.236632
0.145000, 16025.160079
0.146000, 16127.767203
0.147000, 16230.374327
0.148000, 16332.661077
0.149000, 16434.947828
0.150000, 16536.910166
0.151000, 16638.872505
0.152000, 16740.506407
0.153000, 16842.140308
0.154000, 16943.441760
0.155000, 17044.743212
0.156000, 17145.708216
0.157000, 17246.673219
0.158000, 17347.297788
0.159000, 17447.922357
0.160000, 17548.202519
0.161000, 17648.482680
0.162000, 17748.414476
0.163000, 17848.346272
0.164000, 17947.925757
0.165000, 18047.505242
0.166000, 18146.728484
0.167000, 18245.951727
0.168000, 18344.814810
0.169000, 18443.677893
0.170000, 18542.176914
0.171000, 18640.675934
0.172000, 18738.807004
0.173000, 18836.938074
0.174000, 18934.697318
0.175000, 19032.456563
0.176000, 19129.840123
0.177000, 19227.223683
0.178000, 19324.227714
0.179000, 19421.231746
0.180000, 19517.852419
0.181000, 19614.473091
0.182000, 19710.706591
0.183000, 19806.940091
0.184000, 19902.782619
0.185000, 19998.625147
0.186000, 20094.072919
0.187000, 20189.520691
0.188000, 20284.569939
0.189000, 20379.619188
0.190000, 20474.266160
0.191000, 20568.913132
0.192000, 20663.154091
0.193000, 20757.395050
0.194000, 20851.226276
0.195000, 20945.057502
0.196000, 21038.475291
0.197000, 21131.893079
0.198000, 21224.893743
0.199000, 21317.894406
0.200000, 21410.474272
0.201000, 21503.054138
0.202000, 21595.209552
0.203000, 21687.364966
0.204000, 21779.092291
0.205000, 21870.819615
0.206000, 21962.115228
0.207000, 22053.410841
0.208000, 22144.271138
0.209000, 22235.131436
0.210000, 22325.552831
0.211000, 22415.974226
0.212000, 22505.953149
0.213000, 22595.932072
0.214000, 22685.464970
0.215000, 22774.997869
0.216000, 22864.081208
0.217000, 22953.164548
0.218000, 23041.794812
0.219000, 23130.425076
0.220000, 23218.598765
0.221000, 23306.772454
0.222000, 23394.486087
0.223000, 23482.199720
0.224000, 23569.449835
0.225000, 23656.699950
0.226000, 23743.483101
0.227000, 23830.266253
0.228000, 23916.579016
0.229000, 24002.891778
0.230000, 24088.730745
0.231000, 24174.569711
0.232000, 24259.931492
0.233000, 24345.293272
0.234000, 24430.174498
0.235000, 24515.055724
0.236000, 24599.453043
0.237000, 24683.850362
0.238000, 24767.760444
0.239000, 24851.670525
0.240000, 24935.090056
0.241000, 25018.509586
0.242000, 25101.435273
0.243000, 25184.360960
0.244000, 25266.789529
0.245000, 25349.218097
0.246000, 25431.146295
0.247000, 25513.074492
0.248000, 25594.499082
0.249000, 25675.923673
0.250000, 25756.841443
0.251000, 25837.759213
0.252000, 25918.166968
0.253000, 25998.574723
0.254000, 26078.469288
0.255000, 26158.363853
0.256000, 26237.742075
0.257000, 26317.120296
0.258000, 26395.979041
0.259000, 26474.837785
0.260000, 26553.173938
0.261000, 26631.510092
0.262000, 26709.320562
0.263000, 26787.131032
0.264000, 26864.412747
0.265000, 26941.694462
0.266000, 27018.444372
0.267000, 27095.194281
0.268000, 27171.409354
0.269000, 27247.624427
0.270000, 27323.301656
0.271000, 27398.978884
0.272000, 27474.115281
0.273000, 27549.251677
0.274000, 27623.844274
0.275000, 27698.436872
0.276000, 27772.482726
0.277000, 27846.528580
0.278000, 27920.024767
0.279000, 27993.520955
0.280000, 28066.464574
0.281000, 28139.408193
0.282000, 28211.796365
0.283000, 28284.184536
0.284000, 28356.014402
0.285000, 28427.844268
0.286000, 28499.112992
0.287000, 28570.381717
0.288000, 28641.086487
0.289000, 28711.791256
0.290000, 28781.929280
0.291000, 28852.067303
0.292000, 28921.635812
0.293000, 28991.204320
0.294000, 29060.200567
0.295000, 29129.196814
0.296000, 29197.618075
0.297000, 29266.039337
0.298000, 29333.882912
0.299000, 29401.726486
0.300000, 29468.989696
0.301000, 29536.252906
0.302000, 29602.933096
0.303000, 29669.613286
0.304000, 29735.707822
0.305000, 29801.802359
0.306000, 29867.308634
0.307000, 29932.814909
0.308000, 29997.730336
0.309000, 30062.645762
0.310000, 30126.967778
0.311000, 30191.289794
0.312000, 30255.015859
0.313000, 30318.741925
0.314000, 30381.869524
0.315000, 30444.997124
0.316000, 30507.523765
0.317000, 30570.050407
0.318000, 30631.973621
0.319000, 30693.896836
0.320000, 30755.214180
0.321000, 30816.531523
0.322000, 30877.240575
0.323000, 30937.949626
0.324000, 30998.047989
0.325000, 31058.146352
0.326000, 31117.631654
0.327000, 31177.116955
0.328000, 31235.986848
0.329000, 31294.856740
0.330000, 31353.108898
0.331000, 31411.361057
0.332000, 31468.993182
0.333000, 31526.625307
0.334000, 31583.635123
0.335000, 31640.644939
0.336000, 31697.030197
0.337000, 31753.415454
0.338000, 31809.173926
0.339000, 31864.932398
0.340000, 31920.061883
0.341000, 31975.191369
0.342000, 32029.689691
0.343000, 32084.188014
0.344000, 32138.053022
0.345000, 32191.918030
0.346000, 32245.147598
0.347000, 32298.377165
0.348000, 32350.969190
0.349000, 32403.561215
0.350000, 32455.513621
0.351000, 32507.466028
0.352000, 32558.776765
0.353000, 32610.087501
0.354000, 32660.754543
0.355000, 32711.421585
0.356000, 32761.442931
0.357000, 32811.464277
0.358000, 32860.837953
0.359000, 32910.211629
0.360000, 32958.935686
0.361000, 33007.659742
0.362000, 33055.732256
0.363000, 33103.804769
0.364000, 33151.223842
0.365000, 33198.642915
0.366000, 33245.406675
0.367000, 33292.170435
0.368000, 33338.277036
0.369000, 33384.383638
0.370000, 33429.831260
0.371000, 33475.278882
0.372000, 33520.065730
0.373000, 33564.852579
0.374000, 33608.976886
0.375000, 33653.101193
0.376000, 33696.561217
0.377000, 33740.021241
0.378000, 33782.815265
0.379000, 33825.609290
0.380000, 33867.735626
0.381000, 33909.861962
0.382000, 33951.318947
0.383000, 33992.775931
0.384000, 34033.561927
0.385000, 34074.347923
0.386000, 34114.461321
0.387000, 34154.574719
0.388000, 34194.013934
0.389000, 34233.453150
0.390000, 34272.216627
0.391000, 34310.980103
0.392000, 34349.066310
0.393000, 34387.152518
0.394000, 34424.559952
0.395000, 34461.967386
0.396000, 34498.694571
0.397000, 34535.421755
0.398000, 34571.467240
0.399000, 34607.512725
0.400000, 34642.875087
0.401000, 34678.237449
0.402000, 34712.915293
0.403000, 34747.593136
0.404000, 34781.585092
0.405000, 34815.577048
0.406000, 34848.881774
0.407000, 34882.186500
0.408000, 34914.802681
0.409000, 34947.418863
0.410000, 34979.345212
0.411000, 35011.271562
0.412000, 35042.506818
0.413000, 35073.742075
0.414000, 35104.285007
0.415000, 35134.827938
0.416000, 35164.677338
0.417000, 35194.526737
0.418000, 35223.681427
0.419000, 35252.836117
0.420000, 35281.294947
0.421000, 35309.753776
0.422000, 35337.515621
0.423000, 35365.277466
0.424000, 35392.341230
0.425000, 35419.404995
0.426000, 35445.769611
0.427000, 35472.134227
0.428000, 35497.798653
0.429000, 35523.463079
0.430000, 35548.426303
0.431000, 35573.389526
0.432000, 35597.650561
0.433000, 35621.911597
0.434000, 35645.469486
0.435000, 35669.027375
0.436000, 35691.881188
0.437000, 35714.735002
0.438000, 35736.883837
0.439000, 35759.032671
0.440000, 35780.475654
0.441000, 35801.918636
0.442000, 35822.654919
0.443000, 35843.391202
0.444000, 35863.419967
0.445000, 35883.448732
0.446000, 35902.769189
0.447000, 35922.089645
0.448000, 35940.701031
0.449000, 35959.312416
0.450000, 35977.213995
0.451000, 35995.115574
0.452000, 36012.306641
0.453000, 36029.497707
0.454000, 36045.977582
0.455000, 36062.457457
0.456000, 36078.225490
0.457000, 36093.993523
0.458000, 36109.049092
0.459000, 36124.104660
0.460000, 36138.447170
0.461000, 36152.789679
0.462000, 36166.418564
0.463000, 36180.047448
0.464000, 36192.962170
0.465000, 36205.876891
0.466000, 36218.076939
0.467000, 36230.276987
0.468000, 36241.761881
0.469000, 36253.246775
0.470000, 36264.016060
0.471000, 36274.785346
0.472000, 36284.838598
0.473000, 36294.891851
0.474000, 36304.228673
0.475000, 36313.565495
0.476000, 36322.185519
0.477000, 36330.805542
0.478000, 36338.708427
0.479000, 36346.611311
0.480000, 36353.796745
0.481000, 36360.982179
0.482000, 36367.449878
0.483000, 36373.917577
0.484000, 36379.667285
0.485000, 36385.416994
0.486000, 36390.448486
0.487000, 36395.479978
0.488000, 36399.793055
0.489000, 36404.106131
0.490000, 36407.700622
0.491000, 36411.295112
0.492000, 36414.170875
0.493000, 36417.046637
0.494000, 36419.203559
0.495000, 36421.360480
0.496000, 36422.798475
0.497000, 36424.236470
0.498000, 36424.955481
0.499000, 36425.674493
0.500000, 36425.674493
0.501000, 36425.674493
0.502000, 36424.955481
0.503000, 36424.236470
0.504000, 36422.798475
0.505000, 36421.360480
0.506000, 36419.203559
0.507000, 36417.046637
0.508000, 36414.170875
0.509000, 36411.295112
0.510000, 36407.700622
0.511000, 36404.106131
0.512000, 36399.793055
0.513000, 36395.479978
0.514000, 36390.448486
0.515000, 36385.416994
0.516000, 36379.667285
0.517000, 36373.917577
0.518000, 36367.449878
0.519000, 36360.982179
0.520000, 36353.796745
0.521000, 36346.611311
0.522000, 36338.708427
0.523000, 36330.805542
0.524000, 36322.185519
0.525000, 36313.565495
0.526000, 36304.228673
0.527000, 36294.891851
0.528000, 36284.838598
0.529000, 36274.785346
0.530000, 36264.016060
0.531000, 36253.246775
0.532000, 36241.761881
0.533000, 36230.276987
0.534000, 36218.076939
0.535000, 36205.876891
0.536000, 36192.962170
0.537000, 36180.047448
0.538000, 36166.418564
0.539000, 36152.789679
0.540000, 36138.447170
0.541000, 36124.104660
0.542000, 36109.049092
0.543000, 36093.993523
0.544000, 36078.225490
0.545000, 36062.457457
0.546000, 36045.977582
0.547000, 36029.497707
0.548000, 36012.306641
0.549000, 35995.115574
0.550000, 35977.213995
0.551000, 35959.312416
0.552000, 35940.701031
0.553000, 35922.089645
0.554000, 35902.769189
0.555000, 35883.448732
0.556000, 35863.419967
0.557000, 35843.391202
0.558000, 35822.654919
0.559000, 35801.918636
0.560000, 35780.475654
0.561000, 35759.032671
0.562000, 35736.883837
0.563000, 35714.735002
0.564000, 35691.881188
0.565000, 35669.027375
0.566000, 35645.469486
0.567000, 35621.911597
0.568000, 35597.650561
0.569000, 35573.389526
0.570000, 35548.426303
0.571000, 35523.463079
0.572000, 35497.798653
0.573000, 35472.134227
0.574000, 35445.769611
0.575000, 35419.404995
0.576000, 35392.341230
0.577000, 35365.277466
0.578000, 35337.515621
0.579000, 35309.753776
0.580000, 35281.294947
0.581000, 35252.836117
0.582000, 35223.681427
0.583000, 35194.526737
0.584000, 35164.677338
0.585000, 35134.827938
0.586000, 35104.285007
0.587000, 35073.742075
0.588000, 35042.506818
0.589000, 35011.271562
0.590000, 34979.345212
0.591000, 34947.418863
0.592000, 34914.802681
0.593000, 34882.186500
0.594000, 34848.881774
0.595000, 34815.577048
0.596000, 34781.585092
0.597000, 34747.593136
0.598000, 34712.915293
0.599000, 34678.237449
0.600000, 34642.875087
0.601000, 34607.512725
0.602000, 34571.467240
0.603000, 34535.421755
0.604000, 34498.694571
0.605000, 34461.967386
0.606000, 34424.559952
0.607000, 34387.152518
0.608000, 34349.066310
0.609000, 34310.980103
0.610000, 34272.216627
0.611000, 34233.453150
0.612000, 34194.013934
0.613000, 34154.574719
0.614000, 34114.461321
0.615000, 34074.347923
0.616000, 34033.561927
0.617000, 33992.775931
0.618000, 33951.318947
0.619000, 33909.861962
0.620000, 33867.735626
0.621000, 33825.609290
0.622000, 33782.815265
0.623000, 33740.021241
0.624000, 33696.561217
0.625000, 33653.101193
0.626000, 33608.976886
0.627000, 33564.852579
0.628000, 33520.065730
0.629000, 33475.278882
0.630000, 33429.831260
0.631000, 33384.383638
0.632000, 33338.277036
0.633000, 33292.170435
0.634000, 33245.406675
0.635000, 33198.642915
0.636000, 33151.223842
0.637000, 33103.804769
0.638000, 33055.732256
0.639000, 33007.659742
0.640000, 32958.935686
0.641000, 32910.211629
0.642000, 32860.837953
0.643000, 32811.464277
0.644000, 32761.442931
0.645000, 32711.421585
0.646000, 32660.754543
0.647000, 32610.087501
0.648000, 32558.776765
0.649000, 32507.466028
0.650000, 32455.513621
0.651000, 32403.561215
0.652000, 32350.969190
0.653000, 32298.377165
0.654000, 32245.147598
0.655000, 32191.918030
0.656000, 32138.053022
0.657000, 32084.188014
0.658000, 32029.689691
0.659000, 31975.191369
0.660000, 31920.061883
0.661000, 31864.932398
0.662000, 31809.173926
0.663000, 31753.415454
0.664000, 31697.030197
0.665000, 31640.644939
0.666000, 31583.635123
0.667000, 31526.625307
0.668000, 31468.993182
0.669000, 31411.361057
0.670000, 31353.108898
0.671000, 31294.856740
0.672000, 31235.986848
0.673000, 31177.116955
0.674000, 31117.631654
0.675000, 31058.146352
0.676000, 30998.047989
0.677000, 30937.949626
0.678000, 30877.240575
0.679000, 30816.531523
0.680000, 30755.214180
0.681000, 30693.896836
0.682000, 30631.973621
0.683000, 30570.050407
0.684000, 30507.523765
0.685000, 30444.997124
0.686000, 30381.869524
0.687000, 30318.741925
0.688000, 30255.015859
0.689000, 30191.289794
0.690000, 30126.967778
0.691000, 30062.645762
0.692000, 29997.730336
0.693000, 29932.814909
0.694000, 29867.308634
0.695000, 29801.802359
0.696000, 29735.707822
0.697000, 29669.613286
0.698000, 29602.933096
0.699000, 29536.252906
0.700000, 29468.989696
0.701000, 29401.726486
0.702000, 29333.882912
0.703000, 29266.039337
0.704000, 29197.618075
0.705000, 29129.196814
0.706000, 29060.200567
0.707000, 28991.204320
0.708000, 28921.635812
0.709000, 28852.067303
0.710000, 28781.929280
0.711000, 28711.791256
0.712000, 28641.086487
0.713000, 28570.381717
0.714000, 28499.112992
0.715000, 28427.844268
0.716000, 28356.014402
0.717000, 28284.184536
0.718000, 28211.796365
0.719000, 28139.408193
0.720000, 28066.464574
0.721000, 27993.520955
0.722000, 27920.024767
0.723000, 27846.528580
0.724000, 27772.482726
0.725000, 27698.436872
0.726000, 27623.844274
0.727000, 27549.251677
0.728000, 27474.115281
0.729000, 27398.978884
0.730000, 27323.301656
0.731000, 27247.624427
0.732000, 27171.409354
0.733000, 27095.194281
0.734000, 27018.444372
0.735000, 26941.694462
0.736000, 26864.412747
0.737000, 26787.131032
0.738000, 26709.320562
0.739000, 26631.510092
0.740000, 26553.173938
0.741000, 26474.837785
0.742000, 26395.979041
0.743000, 26317.120296
0.744000, 26237.742075
0.745000, 26158.363853
0.746000, 26078.469288
0.747000, 25998.574723
0.748000, 25918.166968
0.749000, 25837.759213
0.750000, 25756.841443
0.751000, 25675.923673
0.752000, 25594.499082
0.753000, 25513.074492
0.754000, 25431.146295
0.755000, 25349.218097
0.756000, 25266.789529
0.757000, 25184.360960
0.758000, 25101.435273
0.759000, 25018.509586
0.760000, 24935.090056
0.761000, 24851.670525
0.762000, 24767.760444
0.763000, 24683.850362
0.764000, 24599.453043
0.765000, 24515.055724
0.766000, 24430.174498
0.767000, 24345.293272
0.768000, 24259.931492
0.769000, 24174.569711
0.770000, 24088.730745
0.771000, 24002.891778
0.772000, 23916.579016
0.773000, 23830.266253
0.774000, 23743.483101
0.775000, 23656.699950
0.776000, 23569.449835
0.777000, 23482.199720
0.778000, 23394.486087
0.779000, 23306.772454
0.780000, 23218.598765
0.781000, 23130.425076
0.782000, 23041.794812
0.783000, 22953.164548
0.784000, 22864.081208
0.785000, 22774.997869
0.786000, 22685.464970
0.787000, 22595.932072
0.788000, 22505.953149
0.789000, 22415.974226
0.790000, 22325.552831
0.791000, 22235.131436
0.792000, 22144.271138
0.793000, 22053.410841
0.794000, 21962.115228
0.795000, 21870.819615
0.796000, 21779.092291
0.797000, 21687.364966
0.798000, 21595.209552
0.799000, 21503.054138
0.800000, 21410.474272
0.801000, 21317.894406
0.802000, 21224.893743
0.803000, 21131.893079
0.804000, 21038.475291
0.805000, 20945.057502
0.806000, 20851.226276
0.807000, 20757.395050
0.808000, 20663.154091
0.809000, 20568.913132
0.810000, 20474.266160
0.811000, 20379.619188
0.812000, 20284.569939
0.813000, 20189.520691
0.814000, 20094.072919
0.815000, 19998.625147
0.816000, 19902.782619
0.817000, 19806.940091
0.818000, 19710.706591
0.819000, 19614.473091
0.820000, 19517.852419
0.821000, 19421.231746
0.822000, 19324.227714
0.823000, 19227.223683
0.824000, 19129.840123
0.825000, 19032.456563
0.826000, 18934.697318
0.827000, 18836.938074
0.828000, 18738.807004
0.829000, 18640.675934
0.830000, 18542.176914
0.831000, 18443.677893
0.832000, 18344.814810
0.833000, 18245.951727
0.834000, 18146.728484
0.835000, 18047.505242
0.836000, 17947.925757
0.837000, 17848.346272
0.838000, 17748.414476
0.839000, 17648.482680
0.840000, 17548.202519
0.841000, 17447.922357
0.842000, 17347.297788
0.843000, 17246.673219
0.844000, 17145.708216
0.845000, 17044.743212
0.846000, 16943.441760
0.847000, 16842.140308
0.848000, 16740.506407
0.849000, 16638.872505
0.850000, 16536.910166
0.851000, 16434.947828
0.852000, 16332.661077
0.853000, 16230.374327
0.854000, 16127.767203
0.855000, 16025.160079
0.856000, 15922.236632
0.857000, 15819.313185
0.858000, 15716.077478
0.859000, 15612.841771
0.860000, 15509.297880
0.861000, 15405.753990
0.862000, 15301.906002
0.863000, 15198.058015
0.864000, 15093.910031
0.865000, 14989.762047
0.866000, 14885.318178
0.867000, 14780.874309
0.868000, 14676.138678
0.869000, 14571.403048
0.870000, 14466.379790
0.871000, 14361.356532
0.872000, 14256.049793
0.873000, 14150.743055
0.874000, 14045.156992
0.875000, 13939.570930
0.876000, 13833.709713
0.877000, 13727.848495
0.878000, 13621.716302
0.879000, 13515.584108
0.880000, 13409.185129
0.881000, 13302.786150
0.882000, 13196.124584
0.883000, 13089.463019
0.884000, 12982.543079
0.885000, 12875.623140
0.886000, 12768.449046
0.887000, 12661.274952
0.888000, 12553.850936
0.889000, 12446.426919
0.890000, 12338.757221
0.891000, 12231.087523
0.892000, 12123.176394
0.893000, 12015.265264
0.894000, 11907.116964
0.895000, 11798.968663
0.896000, 11690.587461
0.897000, 11582.206259
0.898000, 11473.596435
0.899000, 11364.986610
0.900000, 11256.152450
0.901000, 11147.318290
0.902000, 11038.264092
0.903000, 10929.209893
0.904000, 10819.939961
0.905000, 10710.670030
0.906000, 10601.188679
0.907000, 10491.707327
0.908000, 10382.018879
0.909000, 10272.330431
0.910000, 10162.439215
0.911000, 10052.548000
0.912000, 9942.458355
0.913000, 9832.368711
0.914000, 9722.084985
0.915000, 9611.801258
0.916000, 9501.327802
0.917000, 9390.854347
0.918000, 9280.195524
0.919000, 9169.536701
0.920000, 9058.696880
0.921000, 8947.857058
0.922000, 8836.840613
0.923000, 8725.824169
0.924000, 8614.635484
0.925000, 8503.446799
0.926000, 8392.090263
0.927000, 8280.733727
0.928000, 8169.213737
0.929000, 8057.693746
0.930000, 7946.014704
0.931000, 7834.335662
0.932000, 7722.501976
0.933000, 7610.668291
0.934000, 7498.684377
0.935000, 7386.700464
0.936000, 7274.570743
0.937000, 7162.441023
0.938000, 7050.169922
0.939000, 6937.898820
0.940000, 6825.490771
0.941000, 6713.082722
0.942000, 6600.542162
0.943000, 6488.001602
0.944000, 6375.332975
0.945000, 6262.664348
0.946000, 6149.872101
0.947000, 6037.079854
0.948000, 5924.168440
0.949000, 5811.257026
0.950000, 5698.230903
0.951000, 5585.204780
0.952000, 5472.068410
0.953000, 5358.932040
0.954000, 5245.689889
0.955000, 5132.447738
0.956000, 5019.104277
0.957000, 4905.760816
0.958000, 4792.320519
0.959000, 4678.880223
0.960000, 4565.347569
0.961000, 4451.814915
0.962000, 4338.194387
0.963000, 4224.573858
0.964000, 4110.869940
0.965000, 3997.166022
0.966000, 3883.383203
0.967000, 3769.600384
0.968000, 3655.743157
0.969000, 3541.885929
0.970000, 3427.958788
0.971000, 3314.031647
0.972000, 3200.039089
0.973000, 3086.046532
0.974000, 2971.993059
0.975000, 2857.939585
0.976000, 2743.829699
0.977000, 2629.719812
0.978000, 2515.558017
0.979000, 2401.396222
0.980000, 2287.187026
0.981000, 2172.977829
0.982000, 2058.725740
0.983000, 1944.473651
0.984000, 1830.183179
0.985000, 1715.892708
0.986000, 1601.568366
0.987000, 1487.244024
0.988000, 1372.890326
0.989000, 1258.536627
0.990000, 1144.158086
0.991000, 1029.779545
0.992000, 915.380677
0.993000, 800.981809
0.994000, 686.567130
0.995000, 572.152451
0.996000, 457.726478
0.997000, 343.300506
0.998000, 228.867757
0.999000, 114.435008
1.000000, 0.000000
