0.000000, 0.000000
0.001000, 139.407243
0.002000, 278.811735
0.003000, 418.216226
0.004000, 557.612463
0.005000, 697.008699
0.006000, 836.391177
0.007000, 975.773655
0.008000, 1115.136872
0.009000, 1254.500089
0.010000, 1393.838543
0.011000, 1533.176997
0.012000, 1672.485188
0.013000, 1811.793379
0.014000, 1951.065806
0.015000, 2090.338234
0.016000, 2229.569400
0.017000, 2368.800565
0.018000, 2507.984973
0.019000, 2647.169381
0.020000, 2786.301536
0.021000, 2925.433691
0.022000, 3064.508100
0.023000, 3203.582510
0.024000, 3342.593683
0.025000, 3481.604857
0.026000, 3620.547306
0.027000, 3759.489756
0.028000, 3898.357996
0.029000, 4037.226237
0.030000, 4176.014786
0.031000, 4314.803335
0.032000, 4453.506713
0.033000, 4592.210092
0.034000, 4730.822824
0.035000, 4869.435556
0.036000, 5007.952170
0.037000, 5146.468784
0.038000, 5284.883811
0.039000, 5423.298837
0.040000, 5561.606813
0.041000, 5699.914789
0.042000, 5838.110253
0.043000, 5976.305717
0.044000, 6114.383214
0.045000, 6252.460711
0.046000, 6390.414789
0.047000, 6528.368868
0.048000, 6666.194083
0.049000, 6804.019297
0.050000, 6941.710206
0.051000, 7079.401115
0.052000, 7216.952282
0.053000, 7354.503450
0.054000, 7491.909445
0.055000, 7629.315441
0.056000, 7766.570841
0.057000, 7903.826241
0.058000, 8040.925626
0.059000, 8178.025011
0.060000, 8314.962969
0.061000, 8451.900926
0.062000, 8588.672051
0.063000, 8725.443175
0.064000, 8862.042067
0.065000, 8998.640959
0.066000, 9135.062225
0.067000, 9271.483491
0.068000, 9407.721746
0.069000, 9543.960001
0.070000, 9680.009867
0.071000, 9816.059732
0.072000, 9951.915837
0.073000, 10087.771942
0.074000, 10223.428923
0.075000, 10359.085904
0.076000, 10494.538405
0.077000, 10629.990907
0.078000, 10765.233581
0.079000, 10900.476256
0.080000, 11035.503764
0.081000, 11170.531273
0.082000, 11305.338284
0.083000, 11440.145296
0.084000, 11574.726489
0.085000, 11709.307682
0.086000, 11843.657743
0.087000, 11978.007805
0.088000, 12112.121430
0.089000, 12246.235056
0.090000, 12380.106952
0.091000, 12513.978847
0.092000, 12647.603727
0.093000, 12781.228608
0.094000, 12914.601197
0.095000, 13047.973787
0.096000, 13181.088821
0.097000, 13314.203855
0.098000, 13447.056078
0.099000, 13579.908301
0.100000, 13712.492468
0.101000, 13845.076635
0.102000, 13977.387512
0.103000, 14109.698390
0.104000, 14241.730753
0.105000, 14373.763117
0.106000, 14505.511755
0.107000, 14637.260393
0.108000, 14768.720105
0.109000, 14900.179816
0.110000, 15031.345410
0.111000, 15162.511004
0.112000, 15293.377304
0.113000, 15424.243603
0.114000, 15554.805441
0.115000, 15685.367279
0.116000, 15815.619501
0.117000, 15945.871723
0.118000, 16075.809188
0.119000, 16205.746652
0.120000, 16335.364229
0.121000, 16464.981805
0.122000, 16594.274378
0.123000, 16723.566950
0.124000, 16852.529413
0.125000, 16981.491876
0.126000, 17110.119139
0.127000, 17238.746403
0.128000, 17367.033388
0.129000, 17495.320373
0.130000, 17623.262015
0.131000, 17751.203658
0.132000, 17878.794906
0.133000, 18006.386155
0.134000, 18133.621973
0.135000, 18260.857792
0.136000, 18387.733156
0.137000, 18514.608521
0.138000, 18641.118423
0.139000, 18767.628325
0.140000, 18893.767770
0.141000, 19019.907215
0.142000, 19145.671223
0.143000, 19271.435232
0.144000, 19396.818838
0.145000, 19522.202445
0.146000, 19647.200700
0.147000, 19772.198955
0.148000, 19896.806924
0.149000, 20021.414893
0.150000, 20145.627657
0.151000, 20269.840420
0.152000, 20393.653074
0.153000, 20517.465728
0.154000, 20640.873385
0.155000, 20764.281041
0.156000, 20887.278829
0.157000, 21010.276617
0.158000, 21132.859680
0.159000, 21255.442742
0.160000, 21377.606241
0.161000, 21499.769740
0.162000, 21621.508851
0.163000, 21743.247963
0.164000, 21864.557881
0.165000, 21985.867799
0.166000, 22106.743736
0.167000, 22227.619672
0.168000, 22348.056854
0.169000, 22468.494036
0.170000, 22588.487709
0.171000, 22708.481382
0.172000, 22828.026810
0.173000, 22947.572237
0.174000, 23066.664699
0.175000, 23185.757160
0.176000, 23304.391955
0.177000, 23423.026750
0.178000, 23541.199194
0.179000, 23659.371639
0.180000, 23777.077067
0.181000, 23894.782496
0.182000, 24012.016262
0.183000, 24129.250028
0.184000, 24246.007503
0.185000, 24362.764978
0.186000, 24479.041553
0.187000, 24595.318128
0.188000, 24711.109213
0.189000, 24826.900298
0.190000, 24942.201321
0.191000, 25057.502343
0.192000, 25172.308753
0.193000, 25287.115162
0.194000, 25401.422425
0.195000, 25515.729688
0.196000, 25629.533293
0.197000, 25743.336897
0.198000, 25856.632351
0.199000, 25969.927804
0.200000, 26082.710633
0.201000, 26195.493462
0.202000, 26307.759214
0.203000, 26420.024966
0.204000, 26531.769210
0.205000, 26643.513454
0.206000, 26754.731777
0.207000, 26865.950101
0.208000, 26976.638114
0.209000, 27087.326126
0.210000, 27197.479458
0.211000, 27307.632790
0.212000, 27417.247093
0.213000, 27526.861396
0.214000, 27635.932342
0.215000, 27745.003288
0.216000, 27853.526572
0.217000, 27962.049855
0.218000, 28070.021192
0.219000, 28177.992528
0.220000, 28285.407655
0.221000, 28392.822783
0.222000, 28499.677460
0.223000, 28606.532137
0.224000, 28712.822145
0.225000, 28819.112154
0.226000, 28924.833298
0.227000, 29030.554442
0.228000, 29135.702548
0.229000, 29240.850654
0.230000, 29345.421570
0.231000, 29449.992486
0.232000, 29553.982085
0.233000, 29657.971684
0.234000, 29761.375860
0.235000, 29864.780036
0.236000, 29967.594706
0.237000, 30070.409377
0.238000, 30172.630483
0.239000, 30274.851590
0.240000, 30376.475096
0.241000, 30478.098603
0.242000, 30579.120499
0.243000, 30680.142394
0.244000, 30780.558689
0.245000, 30880.974985
0.246000, 30980.781716
0.247000, 31080.588448
0.248000, 31179.781675
0.249000, 31278.974902
0.250000, 31377.550709
0.251000, 31476.126517
0.252000, 31574.081012
0.253000, 31672.035507
0.254000, 31769.364824
0.255000, 31866.694140
0.256000, 31963.394435
0.257000, 32060.094730
0.258000, 32156.162187
0.259000, 32252.229643
0.260000, 32347.660468
0.261000, 32443.091293
0.262000, 32537.881719
0.263000, 32632.672145
0.264000, 32726.818430
0.265000, 32820.964715
0.266000, 32914.463143
0.267000, 33007.961570
0.268000, 33100.808449
0.269000, 33193.655327
0.270000, 33285.846991
0.271000, 33378.038655
0.272000, 33469.571466
0.273000, 33561.104276
0.274000, 33651.974619
0.275000, 33742.844961
0.276000, 33833.049249
0.277000, 33923.253537
0.278000, 34012.788209
0.279000, 34102.322881
0.280000, 34191.184402
0.281000, 34280.045923
0.282000, 34368.230786
0.283000, 34456.415648
0.284000, 34543.920371
0.285000, 34631.425093
0.286000, 34718.246221
0.287000, 34805.067348
0.288000, 34891.201454
0.289000, 34977.335559
0.290000, 35062.779242
0.291000, 35148.222925
0.292000, 35232.972812
0.293000, 35317.722698
0.294000, 35401.775444
0.295000, 35485.828189
0.296000, 35569.180475
0.297000, 35652.532760
0.298000, 35735.181295
0.299000, 35817.829830
0.300000, 35899.771352
0.301000, 35981.712873
0.302000, 36062.944147
0.303000, 36144.175420
0.304000, 36224.693239
0.305000, 36305.211057
0.306000, 36385.012242
0.307000, 36464.813426
0.308000, 36543.894827
0.309000, 36622.976227
0.310000, 36701.334721
0.311000, 36779.693216
0.312000, 36857.325710
0.313000, 36934.958205
0.314000, 37011.861635
0.315000, 37088.765065
0.316000, 37164.936395
0.317000, 37241.107724
0.318000, 37316.543946
0.319000, 37391.980168
0.320000, 37466.678305
0.321000, 37541.376441
0.322000, 37615.333543
0.323000, 37689.290645
0.324000, 37762.503792
0.325000, 37835.716940
0.326000, 37908.183242
0.327000, 37980.649545
0.328000, 38052.366142
0.329000, 38124.082740
0.330000, 38195.046800
0.331000, 38266.010861
0.332000, 38336.219583
0.333000, 38406.428305
0.334000, 38475.878917
0.335000, 38545.329529
0.336000, 38614.019290
0.337000, 38682.709050
0.338000, 38750.635247
0.339000, 38818.561444
0.340000, 38885.721396
0.341000, 38952.881347
0.342000, 39019.272402
0.343000, 39085.663457
0.344000, 39151.282995
0.345000, 39216.902533
0.346000, 39281.747962
0.347000, 39346.593392
0.348000, 39410.662153
0.349000, 39474.730915
0.350000, 39538.020479
0.351000, 39601.310043
0.352000, 39663.817911
0.353000, 39726.325779
0.354000, 39788.049483
0.355000, 39849.773188
0.356000, 39910.710292
0.357000, 39971.647396
0.358000, 40031.795494
0.359000, 40091.943592
0.360000, 40151.300309
0.361000, 40210.657026
0.362000, 40269.220020
0.363000, 40327.783013
0.364000, 40385.549971
0.365000, 40443.316928
0.366000, 40500.285569
0.367000, 40557.254210
0.368000, 40613.422286
0.369000, 40669.590361
0.370000, 40724.955654
0.371000, 40780.320946
0.372000, 40834.881270
0.373000, 40889.441594
0.374000, 40943.194796
0.375000, 40996.947997
0.376000, 41049.891954
0.377000, 41102.835911
0.378000, 41154.968533
0.379000, 41207.101155
0.380000, 41258.420384
0.381000, 41309.739613
0.382000, 41360.243423
0.383000, 41410.747233
0.384000, 41460.433631
0.385000, 41510.120028
0.386000, 41558.987051
0.387000, 41607.854075
0.388000, 41655.899795
0.389000, 41703.945514
0.390000, 41751.168034
0.391000, 41798.390554
0.392000, 41844.788009
0.393000, 41891.185464
0.394000, 41936.756023
0.395000, 41982.326582
0.396000, 42027.068446
0.397000, 42071.810310
0.398000, 42115.721713
0.399000, 42159.633115
0.400000, 42202.712322
0.401000, 42245.791530
0.402000, 42288.036841
0.403000, 42330.282153
0.404000, 42371.691901
0.405000, 42413.101649
0.406000, 42453.674199
0.407000, 42494.246748
0.408000, 42533.980498
0.409000, 42573.714248
0.410000, 42612.607629
0.411000, 42651.501010
0.412000, 42689.552487
0.413000, 42727.603963
0.414000, 42764.812034
0.415000, 42802.020105
0.416000, 42838.383300
0.417000, 42874.746495
0.418000, 42910.263380
0.419000, 42945.780264
0.420000, 42980.449436
0.421000, 43015.118608
0.422000, 43048.938698
0.423000, 43082.758788
0.424000, 43115.728461
0.425000, 43148.698134
0.426000, 43180.816089
0.427000, 43212.934044
0.428000, 43244.199012
0.429000, 43275.463981
0.430000, 43305.874729
0.431000, 43336.285477
0.432000, 43365.840803
0.433000, 43395.396130
0.434000, 43424.094869
0.435000, 43452.793608
0.436000, 43480.634626
0.437000, 43508.475643
0.438000, 43535.457841
0.439000, 43562.440039
0.440000, 43588.562352
0.441000, 43614.684664
0.442000, 43639.946060
0.443000, 43665.207456
0.444000, 43689.606938
0.445000, 43714.006420
0.446000, 43737.543025
0.447000, 43761.079631
0.448000, 43783.752429
0.449000, 43806.425228
0.450000, 43828.233326
0.451000, 43850.041423
0.452000, 43870.983959
0.453000, 43891.926494
0.454000, 43912.002640
0.455000, 43932.078786
0.456000, 43951.287751
0.457000, 43970.496715
0.458000, 43988.837740
0.459000, 44007.178765
0.460000, 44024.651125
0.461000, 44042.123486
0.462000, 44058.726493
0.463000, 44075.329499
0.464000, 44091.062497
0.465000, 44106.795494
0.466000, 44121.657862
0.467000, 44136.520229
0.468000, 44150.511379
0.469000, 44164.502529
0.470000, 44177.621909
0.471000, 44190.741290
0.472000, 44202.988383
0.473000, 44215.235476
0.474000, 44226.609798
0.475000, 44237.984121
0.476000, 44248.485223
0.477000, 44258.986325
0.478000, 44268.613793
0.479000, 44278.241261
0.480000, 44286.994714
0.481000, 44295.748167
0.482000, 44303.627260
0.483000, 44311.506353
0.484000, 44318.510775
0.485000, 44325.515197
0.486000, 44331.644671
0.487000, 44337.774146
0.488000, 44343.028430
0.489000, 44348.282714
0.490000, 44352.661602
0.491000, 44357.040489
0.492000, 44360.543806
0.493000, 44364.047124
0.494000, 44366.674733
0.495000, 44369.302342
0.496000, 44371.054139
0.497000, 44372.805936
0.498000, 44373.681852
0.499000, 44374.557767
0.500000, 44374.557767
0.501000, 44374.557767
0.502000, 44373.681852
0.503000, 44372.805936
0.504000, 44371.054139
0.505000, 44369.302342
0.506000, 44366.674733
0.507000, 44364.047124
0.508000, 44360.543806
0.509000, 44357.040489
0.510000, 44352.661602
0.511000, 44348.282714
0.512000, 44343.028430
0.513000, 44337.774146
0.514000, 44331.644671
0.515000, 44325.515197
0.516000, 44318.510775
0.517000, 44311.506353
0.518000, 44303.627260
0.519000, 44295.748167
0.520000, 44286.994714
0.521000, 44278.241261
0.522000, 44268.613793
0.523000, 44258.986325
0.524000, 44248.485223
0.525000, 44237.984121
0.526000, 44226.609798
0.527000, 44215.235476
0.528000, 44202.988383
0.529000, 44190.741290
0.530000, 44177.621909
0.531000, 44164.502529
0.532000, 44150.511379
0.533000, 44136.520229
0.534000, 44121.657862
0.535000, 44106.795494
0.536000, 44091.062497
0.537000, 44075.329499
0.538000, 44058.726493
0.539000, 44042.123486
0.540000, 44024.651125
0.541000, 44007.178765
0.542000, 43988.837740
0.543000, 43970.496715
0.544000, 43951.287751
0.545000, 43932.078786
0.546000, 43912.002640
0.547000, 43891.926494
0.548000, 43870.983959
0.549000, 43850.041423
0.550000, 43828.233326
0.551000, 43806.425228
0.552000, 43783.752429
0.553000, 43761.079631
0.554000, 43737.543025
0.555000, 43714.006420
0.556000, 43689.606938
0.557000, 43665.207456
0.558000, 43639.946060
0.559000, 43614.684664
0.560000, 43588.562352
0.561000, 43562.440039
0.562000, 43535.457841
0.563000, 43508.475643
0.564000, 43480.634626
0.565000, 43452.793608
0.566000, 43424.094869
0.567000, 43395.396130
0.568000, 43365.840803
0.569000, 43336.285477
0.570000, 43305.874729
0.571000, 43275.463981
0.572000, 43244.199012
0.573000, 43212.934044
0.574000, 43180.816089
0.575000, 43148.698134
0.576000, 43115.728461
0.577000, 43082.758788
0.578000, 43048.938698
0.579000, 43015.118608
0.580000, 42980.449436
0.581000, 42945.780264
0.582000, 42910.263380
0.583000, 42874.746495
0.584000, 42838.383300
0.585000, 42802.020105
0.586000, 42764.812034
0.587000, 42727.603963
0.588000, 42689.552487
0.589000, 42651.501010
0.590000, 42612.607629
0.591000, 42573.714248
0.592000, 42533.980498
0.593000, 42494.246748
0.594000, 42453.674199
0.595000, 42413.101649
0.596000, 42371.691901
0.597000, 42330.282153
0.598000, 42288.036841
0.599000, 42245.791530
0.600000, 42202.712322
0.601000, 42159.633115
0.602000, 42115.721713
0.603000, 42071.810310
0.604000, 42027.068446
0.605000, 41982.326582
0.606000, 41936.756023
0.607000, 41891.185464
0.608000, 41844.788009
0.609000, 41798.390554
0.610000, 41751.168034
0.611000, 41703.945514
0.612000, 41655.899795
0.613000, 41607.854075
0.614000, 41558.987051
0.615000, 41510.120028
0.616000, 41460.433631
0.617000, 41410.747233
0.618000, 41360.243423
0.619000, 41309.739613
0.620000, 41258.420384
0.621000, 41207.101155
0.622000, 41154.968533
0.623000, 41102.835911
0.624000, 41049.891954
0.625000, 40996.947997
0.626000, 40943.194796
0.627000, 40889.441594
0.628000, 40834.881270
0.629000, 40780.320946
0.630000, 40724.955654
0.631000, 40669.590361
0.632000, 40613.422286
0.633000, 40557.254210
0.634000, 40500.285569
0.635000, 40443.316928
0.636000, 40385.549971
0.637000, 40327.783013
0.638000, 40269.220020
0.639000, 40210.657026
0.640000, 40151.300309
0.641000, 40091.943592
0.642000, 40031.795494
0.643000, 39971.647396
0.644000, 39910.710292
0.645000, 39849.773188
0.646000, 39788.049483
0.647000, 39726.325779
0.648000, 39663.817911
0.649000, 39601.310043
0.650000, 39538.020479
0.651000, 39474.730915
0.652000, 39410.662153
0.653000, 39346.593392
0.654000, 39281.747962
0.655000, 39216.902533
0.656000, 39151.282995
0.657000, 39085.663457
0.658000, 39019.272402
0.659000, 38952.881347
0.660000, 38885.721396
0.661000, 38818.561444
0.662000, 38750.635247
0.663000, 38682.709050
0.664000, 38614.019290
0.665000, 38545.329529
0.666000, 38475.878917
0.667000, 38406.428305
0.668000, 38336.219583
0.669000, 38266.010861
0.670000, 38195.046800
0.671000, 38124.082740
0.672000, 38052.366142
0.673000, 37980.649545
0.674000, 37908.183242
0.675000, 37835.716940
0.676000, 37762.503792
0.677000, 37689.290645
0.678000, 37615.333543
0.679000, 37541.376441
0.680000, 37466.678305
0.681000, 37391.980168
0.682000, 37316.543946
0.683000, 37241.107724
0.684000, 37164.936395
0.685000, 37088.765065
0.686000, 37011.861635
0.687000, 36934.958205
0.688000, 36857.325710
0.689000, 36779.693216
0.690000, 36701.334721
0.691000, 36622.976227
0.692000, 36543.894827
0.693000, 36464.813426
0.694000, 36385.012242
0.695000, 36305.211057
0.696000, 36224.693239
0.697000, 36144.175420
0.698000, 36062.944147
0.699000, 35981.712873
0.700000, 35899.771352
0.701000, 35817.829830
0.702000, 35735.181295
0.703000, 35652.532760
0.704000, 35569.180475
0.705000, 35485.828189
0.706000, 35401.775444
0.707000, 35317.722698
0.708000, 35232.972812
0.709000, 35148.222925
0.710000, 35062.779242
0.711000, 34977.335559
0.712000, 34891.201454
0.713000, 34805.067348
0.714000, 34718.246221
0.715000, 34631.425093
0.716000, 34543.920371
0.717000, 34456.415648
0.718000, 34368.230786
0.719000, 34280.045923
0.720000, 34191.184402
0.721000, 34102.322881
0.722000, 34012.788209
0.723000, 33923.253537
0.724000, 33833.049249
0.725000, 33742.844961
0.726000, 33651.974619
0.727000, 33561.104276
0.728000, 33469.571466
0.729000, 33378.038655
0.730000, 33285.846991
0.731000, 33193.655327
0.732000, 33100.808449
0.733000, 33007.961570
0.734000, 32914.463143
0.735000, 32820.964715
0.736000, 32726.818430
0.737000, 32632.672145
0.738000, 32537.881719
0.739000, 32443.091293
0.740000, 32347.660468
0.741000, 32252.229643
0.742000, 32156.162187
0.743000, 32060.094730
0.744000, 31963.394435
0.745000, 31866.694140
0.746000, 31769.364824
0.747000, 31672.035507
0.748000, 31574.081012
0.749000, 31476.126517
0.750000, 31377.550709
0.751000, 31278.974902
0.752000, 31179.781675
0.753000, 31080.588448
0.754000, 30980.781716
0.755000, 30880.974985
0.756000, 30780.558689
0.757000, 30680.142394
0.758000, 30579.120499
0.759000, 30478.098603
0.760000, 30376.475096
0.761000, 30274.851590
0.762000, 30172.630483
0.763000, 30070.409377
0.764000, 29967.594706
0.765000, 29864.780036
0.766000, 29761.375860
0.767000, 29657.971684
0.768000, 29553.982085
0.769000, 29449.992486
0.770000, 29345.421570
0.771000, 29240.850654
0.772000, 29135.702548
0.773000, 29030.554442
0.774000, 28924.833298
0.775000, 28819.112154
0.776000, 28712.822145
0.777000, 28606.532137
0.778000, 28499.677460
0.779000, 28392.822783
0.780000, 28285.407655
0.781000, 28177.992528
0.782000, 28070.021192
0.783000, 27962.049855
0.784000, 27853.526572
0.785000, 27745.003288
0.786000, 27635.932342
0.787000, 27526.861396
0.788000, 27417.247093
0.789000, 27307.632790
0.790000, 27197.479458
0.791000, 27087.326126
0.792000, 26976.638114
0.793000, 26865.950101
0.794000, 26754.731777
0.795000, 26643.513454
0.796000, 26531.769210
0.797000, 26420.024966
0.798000, 26307.759214
0.799000, 26195.493462
0.800000, 26082.710633
0.801000, 25969.927804
0.802000, 25856.632351
0.803000, 25743.336897
0.804000, 25629.533293
0.805000, 25515.729688
0.806000, 25401.422425
0.807000, 25287.115162
0.808000, 25172.308753
0.809000, 25057.502343
0.810000, 24942.201321
0.811000, 24826.900298
0.812000, 24711.109213
0.813000, 24595.318128
0.814000, 24479.041553
0.815000, 24362.764978
0.816000, 24246.007503
0.817000, 24129.250028
0.818000, 24012.016262
0.819000, 23894.782496
0.820000, 23777.077067
0.821000, 23659.371639
0.822000, 23541.199194
0.823000, 23423.026750
0.824000, 23304.391955
0.825000, 23185.757160
0.826000, 23066.664699
0.827000, 22947.572237
0.828000, 22828.026810
0.829000, 22708.481382
0.830000, 22588.487709
0.831000, 22468.494036
0.832000, 22348.056854
0.833000, 22227.619672
0.834000, 22106.743736
0.835000, 21985.867799
0.836000, 21864.557881
0.837000, 21743.247963
0.838000, 21621.508851
0.839000, 21499.769740
0.840000, 21377.606241
0.841000, 21255.442742
0.842000, 21132.859680
0.843000, 21010.276617
0.844000, 20887.278829
0.845000, 20764.281041
0.846000, 20640.873385
0.847000, 20517.465728
0.848000, 20393.653074
0.849000, 20269.840420
0.850000, 20145.627657
0.851000, 20021.414893
0.852000, 19896.806924
0.853000, 19772.198955
0.854000, 19647.200700
0.855000, 19522.202445
0.856000, 19396.818838
0.857000, 19271.435232
0.858000, 19145.671223
0.859000, 19019.907215
0.860000, 18893.767770
0.861000, 18767.628325
0.862000, 18641.118423
0.863000, 18514.608521
0.864000, 18387.733156
0.865000, 18260.857792
0.866000, 18133.621973
0.867000, 18006.386155
0.868000, 17878.794906
0.869000, 17751.203658
0.870000, 17623.262015
0.871000, 17495.320373
0.872000, 17367.033388
0.873000, 17238.746403
0.874000, 17110.119139
0.875000, 16981.491876
0.876000, 16852.529413
0.877000, 16723.566950
0.878000, 16594.274378
0.879000, 16464.981805
0.880000, 16335.364229
0.881000, 16205.746652
0.882000, 16075.809188
0.883000, 15945.871723
0.884000, 15815.619501
0.885000, 15685.367279
0.886000, 15554.805441
0.887000, 15424.243603
0.888000, 15293.377304
0.889000, 15162.511004
0.890000, 15031.345410
0.891000, 14900.179816
0.892000, 14768.720105
0.893000, 14637.260393
0.894000, 14505.511755
0.895000, 14373.763117
0.896000, 14241.730753
0.897000, 14109.698390
0.898000, 13977.387512
0.899000, 13845.076635
0.900000, 13712.492468
0.901000, 13579.908301
0.902000, 13447.056078
0.903000, 13314.203855
0.904000, 13181.088821
0.905000, 13047.973787
0.906000, 12914.601197
0.907000, 12781.228608
0.908000, 12647.603727
0.909000, 12513.978847
0.910000, 12380.106952
0.911000, 12246.235056
0.912000, 12112.121430
0.913000, 11978.007805
0.914000, 11843.657743
0.915000, 11709.307682
0.916000, 11574.726489
0.917000, 11440.145296
0.918000, 11305.338284
0.919000, 11170.531273
0.920000, 11035.503764
0.921000, 10900.476256
0.922000, 10765.233581
0.923000, 10629.990907
0.924000, 10494.538405
0.925000, 10359.085904
0.926000, 10223.428923
0.927000, 10087.771942
0.928000, 9951.915837
0.929000, 9816.059732
0.930000, 9680.009867
0.931000, 9543.960001
0.932000, 9407.721746
0.933000, 9271.483491
0.934000, 9135.062225
0.935000, 8998.640959
0.936000, 8862.042067
0.937000, 8725.443175
0.938000, 8588.672051
0.939000, 8451.900926
0.940000, 8314.962969
0.941000, 8178.025011
0.942000, 8040.925626
0.943000, 7903.826241
0.944000, 7766.570841
0.945000, 7629.315441
0.946000, 7491.909445
0.947000, 7354.503450
0.948000, 7216.952282
0.949000, 7079.401115
0.950000, 6941.710206
0.951000, 6804.019297
0.952000, 6666.194083
0.953000, 6528.368868
0.954000, 6390.414789
0.955000, 6252.460711
0.956000, 6114.383214
0.957000, 5976.305717
0.958000, 5838.110253
0.959000, 5699.914789
0.960000, 5561.606813
0.961000, 5423.298837
0.962000, 5284.883811
0.963000, 5146.468784
0.964000, 5007.952170
0.965000, 4869.435556
0.966000, 4730.822824
0.967000, 4592.210092
0.968000, 4453.506713
0.969000, 4314.803335
0.970000, 4176.014786
0.971000, 4037.226237
0.972000, 3898.357996
0.973000, 3759.489756
0.974000, 3620.547306
0.975000, 3481.604857
0.976000, 3342.593683
0.977000, 3203.582510
0.978000, 3064.508100
0.979000, 2925.433691
0.980000, 2786.301536
0.981000, 2647.169381
0.982000, 2507.984973
0.983000, 2368.800565
0.984000, 2229.569400
0.985000, 2090.338234
0.986000, 1951.065806
0.987000, 1811.793379
0.988000, 1672.485188
0.989000, 1533.176997
0.990000, 1393.838543
0.991000, 1254.500089
0.992000, 1115.136872
0.993000, 975.773655
0.994000, 836.391177
0.995000, 697.008699
0.996000, 557.612463
0.997000, 418.216226
0.998000, 278.811735
0.999000, 139.407243
1.000000, 0.000000
