0.000000, 0.000000
0.001000, 2210.321448
0.002000, 4420.599267
0.003000, 6630.877086
0.004000, 8841.024017
0.005000, 11051.170947
0.006000, 13261.099737
0.007000, 15471.028528
0.008000, 17680.651933
0.009000, 19890.275338
0.010000, 22099.506126
0.011000, 24308.736915
0.012000, 26517.487869
0.013000, 28726.238824
0.014000, 30934.422747
0.015000, 33142.606671
0.016000, 35350.136387
0.017000, 37557.666104
0.018000, 39764.454464
0.019000, 41971.242825
0.020000, 44177.202709
0.021000, 46383.162593
0.022000, 48588.206913
0.023000, 50793.251233
0.024000, 52997.292938
0.025000, 55201.334642
0.026000, 57404.286720
0.027000, 59607.238798
0.028000, 61809.014280
0.029000, 64010.789761
0.030000, 66211.301725
0.031000, 68411.813689
0.032000, 70610.975262
0.033000, 72810.136835
0.034000, 75007.861198
0.035000, 77205.585561
0.036000, 79401.785952
0.037000, 81597.986344
0.038000, 83792.576060
0.039000, 85987.165777
0.040000, 88180.058181
0.041000, 90372.950584
0.042000, 92564.059103
0.043000, 94755.167622
0.044000, 96944.405755
0.045000, 99133.643889
0.046000, 101320.925208
0.047000, 103508.206528
0.048000, 105693.444685
0.049000, 107878.682841
0.050000, 110061.791565
0.051000, 112244.900289
0.052000, 114425.793394
0.053000, 116606.686499
0.054000, 118785.277889
0.055000, 120963.869278
0.056000, 123140.072944
0.057000, 125316.276610
0.058000, 127490.006640
0.059000, 129663.736670
0.060000, 131834.907249
0.061000, 134006.077828
0.062000, 136174.603241
0.063000, 138343.128655
0.064000, 140508.923294
0.065000, 142674.717932
0.066000, 144837.696294
0.067000, 147000.674656
0.068000, 149160.751350
0.069000, 151320.828045
0.070000, 153477.917796
0.071000, 155635.007547
0.072000, 157789.025196
0.073000, 159943.042845
0.074000, 162093.903355
0.075000, 164244.763865
0.076000, 166392.382325
0.077000, 168540.000784
0.078000, 170684.292408
0.079000, 172828.584032
0.080000, 174969.464168
0.081000, 177110.344303
0.082000, 179247.728432
0.083000, 181385.112561
0.084000, 183518.916304
0.085000, 185652.720046
0.086000, 187782.859163
0.087000, 189912.998279
0.088000, 192039.388676
0.089000, 194165.779072
0.090000, 196288.336803
0.091000, 198410.894533
0.092000, 200529.535802
0.093000, 202648.177071
0.094000, 204762.818239
0.095000, 206877.459406
0.096000, 208988.016990
0.097000, 211098.574574
0.098000, 213204.965252
0.099000, 215311.355931
0.100000, 217413.496547
0.101000, 219515.637164
0.102000, 221613.444730
0.103000, 223711.252296
0.104000, 225804.643993
0.105000, 227898.035691
0.106000, 229986.928876
0.107000, 232075.822061
0.108000, 234160.134268
0.109000, 236244.446475
0.110000, 238324.095420
0.111000, 240403.744364
0.112000, 242478.647944
0.113000, 244553.551524
0.114000, 246623.627826
0.115000, 248693.704128
0.116000, 250758.871430
0.117000, 252824.038731
0.118000, 254884.215502
0.119000, 256944.392274
0.120000, 258999.497183
0.121000, 261054.602092
0.122000, 263104.554007
0.123000, 265154.505921
0.124000, 267199.223913
0.125000, 269243.941905
0.126000, 271283.345252
0.127000, 273322.748599
0.128000, 275356.756788
0.129000, 277390.764978
0.130000, 279419.297712
0.131000, 281447.830445
0.132000, 283470.807640
0.133000, 285493.784834
0.134000, 287511.126626
0.135000, 289528.468417
0.136000, 291540.095165
0.137000, 293551.721912
0.138000, 295557.554200
0.139000, 297563.386487
0.140000, 299563.345129
0.141000, 301563.303770
0.142000, 303557.309810
0.143000, 305551.315850
0.144000, 307539.290568
0.145000, 309527.265286
0.146000, 311509.130202
0.147000, 313490.995117
0.148000, 315466.671988
0.149000, 317442.348859
0.150000, 319411.759691
0.151000, 321381.170522
0.152000, 323344.237564
0.153000, 325307.304606
0.154000, 327263.950360
0.155000, 329220.596114
0.156000, 331170.743336
0.157000, 333120.890558
0.158000, 335064.462258
0.159000, 337008.033958
0.160000, 338944.953409
0.161000, 340881.872859
0.162000, 342812.063593
0.163000, 344742.254327
0.164000, 346665.640144
0.165000, 348589.025961
0.166000, 350505.530929
0.167000, 352422.035898
0.168000, 354331.584357
0.169000, 356241.132815
0.170000, 358143.649379
0.171000, 360046.165943
0.172000, 361941.575504
0.173000, 363836.985065
0.174000, 365725.212795
0.175000, 367613.440525
0.176000, 369494.411881
0.177000, 371375.383237
0.178000, 373249.023960
0.179000, 375122.664684
0.180000, 376988.900807
0.181000, 378855.136930
0.182000, 380713.894778
0.183000, 382572.652625
0.184000, 384423.858815
0.185000, 386275.065006
0.186000, 388118.646458
0.187000, 389962.227909
0.188000, 391798.111840
0.189000, 393633.995771
0.190000, 395462.109704
0.191000, 397290.223637
0.192000, 399110.495401
0.193000, 400930.767165
0.194000, 402743.124899
0.195000, 404555.482633
0.196000, 406359.854788
0.197000, 408164.226943
0.198000, 409960.542286
0.199000, 411756.857629
0.200000, 413545.045244
0.201000, 415333.232858
0.202000, 417113.222151
0.203000, 418893.211443
0.204000, 420664.932142
0.205000, 422436.652841
0.206000, 424200.035003
0.207000, 425963.417164
0.208000, 427718.391172
0.209000, 429473.365180
0.210000, 431219.861751
0.211000, 432966.358323
0.212000, 434704.308509
0.213000, 436442.258695
0.214000, 438171.593885
0.215000, 439900.929075
0.216000, 441621.580997
0.217000, 443342.232919
0.218000, 445054.133645
0.219000, 446766.034370
0.220000, 448469.116317
0.221000, 450172.198264
0.222000, 451866.394197
0.223000, 453560.590130
0.224000, 455245.833166
0.225000, 456931.076201
0.226000, 458607.299808
0.227000, 460283.523415
0.228000, 461950.661420
0.229000, 463617.799424
0.230000, 465275.786010
0.231000, 466933.772596
0.232000, 468582.542309
0.233000, 470231.312022
0.234000, 471870.799771
0.235000, 473510.287521
0.236000, 475140.428583
0.237000, 476770.569645
0.238000, 478391.299664
0.239000, 480012.029683
0.240000, 481623.284675
0.241000, 483234.539668
0.242000, 484836.256024
0.243000, 486437.972380
0.244000, 488030.086867
0.245000, 489622.201355
0.246000, 491204.651119
0.247000, 492787.100883
0.248000, 494359.823452
0.249000, 495932.546020
0.250000, 497495.479305
0.251000, 499058.412590
0.252000, 500611.494889
0.253000, 502164.577188
0.254000, 503707.747188
0.255000, 505250.917189
0.256000, 506784.113968
0.257000, 508317.310748
0.258000, 509840.473779
0.259000, 511363.636810
0.260000, 512876.705961
0.261000, 514389.775112
0.262000, 515892.690649
0.263000, 517395.606186
0.264000, 518888.308776
0.265000, 520381.011367
0.266000, 521863.442082
0.267000, 523345.872797
0.268000, 524817.973112
0.269000, 526290.073428
0.270000, 527751.785228
0.271000, 529213.497028
0.272000, 530664.762607
0.273000, 532116.028185
0.274000, 533556.790249
0.275000, 534997.552313
0.276000, 536427.753983
0.277000, 537857.955654
0.278000, 539277.540468
0.279000, 540697.125283
0.280000, 542106.037199
0.281000, 543514.949116
0.282000, 544913.132512
0.283000, 546311.315909
0.284000, 547698.715588
0.285000, 549086.115267
0.286000, 550462.676456
0.287000, 551839.237645
0.288000, 553204.906000
0.289000, 554570.574355
0.290000, 555925.295961
0.291000, 557280.017568
0.292000, 558623.738944
0.293000, 559967.460320
0.294000, 561300.128418
0.295000, 562632.796516
0.296000, 563954.358724
0.297000, 565275.920932
0.298000, 566586.325078
0.299000, 567896.729223
0.300000, 569195.923574
0.301000, 570495.117924
0.302000, 571783.051189
0.303000, 573070.984454
0.304000, 574347.605788
0.305000, 575624.227123
0.306000, 576889.486128
0.307000, 578154.745133
0.308000, 579408.591858
0.309000, 580662.438584
0.310000, 581904.823529
0.311000, 583147.208475
0.312000, 584378.082595
0.313000, 585608.956714
0.314000, 586828.271414
0.315000, 588047.586114
0.316000, 589255.293257
0.317000, 590463.000401
0.318000, 591659.052311
0.319000, 592855.104221
0.320000, 594039.453679
0.321000, 595223.803136
0.322000, 596396.403386
0.323000, 597569.003635
0.324000, 598729.808384
0.325000, 599890.613132
0.326000, 601039.576554
0.327000, 602188.539976
0.328000, 603325.616711
0.329000, 604462.693447
0.330000, 605587.838606
0.331000, 606712.983766
0.332000, 607826.152930
0.333000, 608939.322095
0.334000, 610040.471318
0.335000, 611141.620542
0.336000, 612230.706353
0.337000, 613319.792165
0.338000, 614396.771568
0.339000, 615473.750972
0.340000, 616538.581451
0.341000, 617603.411929
0.342000, 618656.051446
0.343000, 619708.690962
0.344000, 620749.097959
0.345000, 621789.504956
0.346000, 622817.638361
0.347000, 623845.771765
0.348000, 624861.590989
0.349000, 625877.410212
0.350000, 626880.875151
0.351000, 627884.340090
0.352000, 628875.411129
0.353000, 629866.482169
0.354000, 630845.120184
0.355000, 631823.758198
0.356000, 632789.924553
0.357000, 633756.090907
0.358000, 634709.747459
0.359000, 635663.404011
0.360000, 636604.513111
0.361000, 637545.622212
0.362000, 638474.146708
0.363000, 639402.671203
0.364000, 640318.574438
0.365000, 641234.477672
0.366000, 642137.723487
0.367000, 643040.969302
0.368000, 643931.522038
0.369000, 644822.074775
0.370000, 645699.899276
0.371000, 646577.723777
0.372000, 647442.785387
0.373000, 648307.846997
0.374000, 649160.111565
0.375000, 650012.376134
0.376000, 650851.810014
0.377000, 651691.243895
0.378000, 652517.813948
0.379000, 653344.384001
0.380000, 654158.057596
0.381000, 654971.731190
0.382000, 655772.476204
0.383000, 656573.221217
0.384000, 657361.006037
0.385000, 658148.790857
0.386000, 658923.584383
0.387000, 659698.377910
0.388000, 660460.149555
0.389000, 661221.921200
0.390000, 661970.640890
0.391000, 662719.360581
0.392000, 663454.998759
0.393000, 664190.636936
0.394000, 664913.164560
0.395000, 665635.692183
0.396000, 666345.080727
0.397000, 667054.469272
0.398000, 667750.690732
0.399000, 668446.912193
0.400000, 669129.939083
0.401000, 669812.965974
0.402000, 670482.771330
0.403000, 671152.576686
0.404000, 671809.134065
0.405000, 672465.691444
0.406000, 673108.974926
0.407000, 673752.258407
0.408000, 674382.242597
0.409000, 675012.226786
0.410000, 675628.886811
0.411000, 676245.546837
0.412000, 676848.858354
0.413000, 677452.169872
0.414000, 678042.109063
0.415000, 678632.048255
0.416000, 679208.591831
0.417000, 679785.135407
0.418000, 680348.260606
0.419000, 680911.385806
0.420000, 681461.070398
0.421000, 682010.754989
0.422000, 682546.977272
0.423000, 683083.199556
0.424000, 683605.938361
0.425000, 684128.677167
0.426000, 684637.911858
0.427000, 685147.146549
0.428000, 685642.857023
0.429000, 686138.567496
0.430000, 686620.734181
0.431000, 687102.900866
0.432000, 687571.504729
0.433000, 688040.108591
0.434000, 688495.131131
0.435000, 688950.153670
0.436000, 689391.576924
0.437000, 689833.000177
0.438000, 690260.806718
0.439000, 690688.613258
0.440000, 691102.786197
0.441000, 691516.959136
0.442000, 691917.482122
0.443000, 692318.005107
0.444000, 692704.862329
0.445000, 693091.719550
0.446000, 693464.895734
0.447000, 693838.071918
0.448000, 694197.552333
0.449000, 694557.032747
0.450000, 694902.803201
0.451000, 695248.573654
0.452000, 695580.620496
0.453000, 695912.667337
0.454000, 696230.977459
0.455000, 696549.287580
0.456000, 696853.848415
0.457000, 697158.409250
0.458000, 697449.208775
0.459000, 697740.008300
0.460000, 698017.035034
0.461000, 698294.061768
0.462000, 698557.304776
0.463000, 698820.547783
0.464000, 699069.996671
0.465000, 699319.445559
0.466000, 699555.090480
0.467000, 699790.735401
0.468000, 700012.567052
0.469000, 700234.398703
0.470000, 700442.408327
0.471000, 700650.417950
0.472000, 700844.597334
0.473000, 701038.776718
0.474000, 701219.118197
0.475000, 701399.459675
0.476000, 701565.956129
0.477000, 701732.452583
0.478000, 701885.097439
0.479000, 702037.742295
0.480000, 702176.529528
0.481000, 702315.316760
0.482000, 702440.240889
0.483000, 702565.165018
0.484000, 702676.221112
0.485000, 702787.277206
0.486000, 702884.460881
0.487000, 702981.644556
0.488000, 703064.951975
0.489000, 703148.259394
0.490000, 703217.687269
0.491000, 703287.115143
0.492000, 703342.660732
0.493000, 703398.206321
0.494000, 703439.867432
0.495000, 703481.528542
0.496000, 703509.303530
0.497000, 703537.078517
0.498000, 703550.966285
0.499000, 703564.854053
0.500000, 703564.854053
0.501000, 703564.854053
0.502000, 703550.966285
0.503000, 703537.078517
0.504000, 703509.303530
0.505000, 703481.528542
0.506000, 703439.867432
0.507000, 703398.206321
0.508000, 703342.660732
0.509000, 703287.115143
0.510000, 703217.687269
0.511000, 703148.259394
0.512000, 703064.951975
0.513000, 702981.644556
0.514000, 702884.460881
0.515000, 702787.277206
0.516000, 702676.221112
0.517000, 702565.165018
0.518000, 702440.240889
0.519000, 702315.316760
0.520000, 702176.529528
0.521000, 702037.742295
0.522000, 701885.097439
0.523000, 701732.452583
0.524000, 701565.956129
0.525000, 701399.459675
0.526000, 701219.118197
0.527000, 701038.776718
0.528000, 700844.597334
0.529000, 700650.417950
0.530000, 700442.408327
0.531000, 700234.398703
0.532000, 700012.567052
0.533000, 699790.735401
0.534000, 699555.090480
0.535000, 699319.445559
0.536000, 699069.996671
0.537000, 698820.547783
0.538000, 698557.304776
0.539000, 698294.061768
0.540000, 698017.035034
0.541000, 697740.008300
0.542000, 697449.208775
0.543000, 697158.409250
0.544000, 696853.848415
0.545000, 696549.287580
0.546000, 696230.977459
0.547000, 695912.667337
0.548000, 695580.620496
0.549000, 695248.573654
0.550000, 694902.803201
0.551000, 694557.032747
0.552000, 694197.552333
0.553000, 693838.071918
0.554000, 693464.895734
0.555000, 693091.719550
0.556000, 692704.862329
0.557000, 692318.005107
0.558000, 691917.482122
0.559000, 691516.959136
0.560000, 691102.786197
0.561000, 690688.613258
0.562000, 690260.806718
0.563000, 689833.000177
0.564000, 689391.576924
0.565000, 688950.153670
0.566000, 688495.131131
0.567000, 688040.108591
0.568000, 687571.504729
0.569000, 687102.900866
0.570000, 686620.734181
0.571000, 686138.567496
0.572000, 685642.857023
0.573000, 685147.146549
0.574000, 684637.911858
0.575000, 684128.677167
0.576000, 683605.938361
0.577000, 683083.199556
0.578000, 682546.977272
0.579000, 682010.754989
0.580000, 681461.070398
0.581000, 680911.385806
0.582000, 680348.260606
0.583000, 679785.135407
0.584000, 679208.591831
0.585000, 678632.048255
0.586000, 678042.109063
0.587000, 677452.169872
0.588000, 676848.858354
0.589000, 676245.546837
0.590000, 675628.886811
0.591000, 675012.226786
0.592000, 674382.242597
0.593000, 673752.258407
0.594000, 673108.974926
0.595000, 672465.691444
0.596000, 671809.134065
0.597000, 671152.576686
0.598000, 670482.771330
0.599000, 669812.965974
0.600000, 669129.939083
0.601000, 668446.912193
0.602000, 667750.690732
0.603000, 667054.469272
0.604000, 666345.080727
0.605000, 665635.692183
0.606000, 664913.164560
0.607000, 664190.636936
0.608000, 663454.998759
0.609000, 662719.360581
0.610000, 661970.640890
0.611000, 661221.921200
0.612000, 660460.149555
0.613000, 659698.377910
0.614000, 658923.584383
0.615000, 658148.790857
0.616000, 657361.006037
0.617000, 656573.221217
0.618000, 655772.476204
0.619000, 654971.731190
0.620000, 654158.057596
0.621000, 653344.384001
0.622000, 652517.813948
0.623000, 651691.243895
0.624000, 650851.810014
0.625000, 650012.376134
0.626000, 649160.111565
0.627000, 648307.846997
0.628000, 647442.785387
0.629000, 646577.723777
0.630000, 645699.899276
0.631000, 644822.074775
0.632000, 643931.522038
0.633000, 643040.969302
0.634000, 642137.723487
0.635000, 641234.477672
0.636000, 640318.574438
0.637000, 639402.671203
0.638000, 638474.146708
0.639000, 637545.622212
0.640000, 636604.513111
0.641000, 635663.404011
0.642000, 634709.747459
0.643000, 633756.090907
0.644000, 632789.924553
0.645000, 631823.758198
0.646000, 630845.120184
0.647000, 629866.482169
0.648000, 628875.411129
0.649000, 627884.340090
0.650000, 626880.875151
0.651000, 625877.410212
0.652000, 624861.590989
0.653000, 623845.771765
0.654000, 622817.638361
0.655000, 621789.504956
0.656000, 620749.097959
0.657000, 619708.690962
0.658000, 618656.051446
0.659000, 617603.411929
0.660000, 616538.581451
0.661000, 615473.750972
0.662000, 614396.771568
0.663000, 613319.792165
0.664000, 612230.706353
0.665000, 611141.620542
0.666000, 610040.471318
0.667000, 608939.322095
0.668000, 607826.152930
0.669000, 606712.983766
0.670000, 605587.838606
0.671000, 604462.693447
0.672000, 603325.616711
0.673000, 602188.539976
0.674000, 601039.576554
0.675000, 599890.613132
0.676000, 598729.808384
0.677000, 597569.003635
0.678000, 596396.403386
0.679000, 595223.803136
0.680000, 594039.453679
0.681000, 592855.104221
0.682000, 591659.052311
0.683000, 590463.000401
0.684000, 589255.293257
0.685000, 588047.586114
0.686000, 586828.271414
0.687000, 585608.956714
0.688000, 584378.082595
0.689000, 583147.208475
0.690000, 581904.823529
0.691000, 580662.438584
0.692000, 579408.591858
0.693000, 578154.745133
0.694000, 576889.486128
0.695000, 575624.227123
0.696000, 574347.605788
0.697000, 573070.984454
0.698000, 571783.051189
0.699000, 570495.117924
0.700000, 569195.923574
0.701000, 567896.729223
0.702000, 566586.325078
0.703000, 565275.920932
0.704000, 563954.358724
0.705000, 562632.796516
0.706000, 561300.128418
0.707000, 559967.460320
0.708000, 558623.738944
0.709000, 557280.017568
0.710000, 555925.295961
0.711000, 554570.574355
0.712000, 553204.906000
0.713000, 551839.237645
0.714000, 550462.676456
0.715000, 549086.115267
0.716000, 547698.715588
0.717000, 546311.315909
0.718000, 544913.132512
0.719000, 543514.949116
0.720000, 542106.037199
0.721000, 540697.125283
0.722000, 539277.540468
0.723000, 537857.955654
0.724000, 536427.753983
0.725000, 534997.552313
0.726000, 533556.790249
0.727000, 532116.028185
0.728000, 530664.762607
0.729000, 529213.497028
0.730000, 527751.785228
0.731000, 526290.073428
0.732000, 524817.973112
0.733000, 523345.872797
0.734000, 521863.442082
0.735000, 520381.011367
0.736000, 518888.308776
0.737000, 517395.606186
0.738000, 515892.690649
0.739000, 514389.775112
0.740000, 512876.705961
0.741000, 511363.636810
0.742000, 509840.473779
0.743000, 508317.310748
0.744000, 506784.113968
0.745000, 505250.917189
0.746000, 503707.747188
0.747000, 502164.577188
0.748000, 500611.494889
0.749000, 499058.412590
0.750000, 497495.479305
0.751000, 495932.546020
0.752000, 494359.823452
0.753000, 492787.100883
0.754000, 491204.651119
0.755000, 489622.201355
0.756000, 488030.086867
0.757000, 486437.972380
0.758000, 484836.256024
0.759000, 483234.539668
0.760000, 481623.284675
0.761000, 480012.029683
0.762000, 478391.299664
0.763000, 476770.569645
0.764000, 475140.428583
0.765000, 473510.287521
0.766000, 471870.799771
0.767000, 470231.312022
0.768000, 468582.542309
0.769000, 466933.772596
0.770000, 465275.786010
0.771000, 463617.799424
0.772000, 461950.661420
0.773000, 460283.523415
0.774000, 458607.299808
0.775000, 456931.076201
0.776000, 455245.833166
0.777000, 453560.590130
0.778000, 451866.394197
0.779000, 450172.198264
0.780000, 448469.116317
0.781000, 446766.034370
0.782000, 445054.133645
0.783000, 443342.232919
0.784000, 441621.580997
0.785000, 439900.929075
0.786000, 438171.593885
0.787000, 436442.258695
0.788000, 434704.308509
0.789000, 432966.358323
0.790000, 431219.861751
0.791000, 429473.365180
0.792000, 427718.391172
0.793000, 425963.417164
0.794000, 424200.035003
0.795000, 422436.652841
0.796000, 420664.932142
0.797000, 418893.211443
0.798000, 417113.222151
0.799000, 415333.232858
0.800000, 413545.045244
0.801000, 411756.857629
0.802000, 409960.542286
0.803000, 408164.226943
0.804000, 406359.854788
0.805000, 404555.482633
0.806000, 402743.124899
0.807000, 400930.767165
0.808000, 399110.495401
0.809000, 397290.223637
0.810000, 395462.109704
0.811000, 393633.995771
0.812000, 391798.111840
0.813000, 389962.227909
0.814000, 388118.646458
0.815000, 386275.065006
0.816000, 384423.858815
0.817000, 382572.652625
0.818000, 380713.894778
0.819000, 378855.136930
0.820000, 376988.900807
0.821000, 375122.664684
0.822000, 373249.023960
0.823000, 371375.383237
0.824000, 369494.411881
0.825000, 367613.440525
0.826000, 365725.212795
0.827000, 363836.985065
0.828000, 361941.575504
0.829000, 360046.165943
0.830000, 358143.649379
0.831000, 356241.132815
0.832000, 354331.584357
0.833000, 352422.035898
0.834000, 350505.530929
0.835000, 348589.025961
0.836000, 346665.640144
0.837000, 344742.254327
0.838000, 342812.063593
0.839000, 340881.872859
0.840000, 338944.953409
0.841000, 337008.033958
0.842000, 335064.462258
0.843000, 333120.890558
0.844000, 331170.743336
0.845000, 329220.596114
0.846000, 327263.950360
0.847000, 325307.304606
0.848000, 323344.237564
0.849000, 321381.170522
0.850000, 319411.759691
0.851000, 317442.348859
0.852000, 315466.671988
0.853000, 313490.995117
0.854000, 311509.130202
0.855000, 309527.265286
0.856000, 307539.290568
0.857000, 305551.315850
0.858000, 303557.309810
0.859000, 301563.303770
0.860000, 299563.345129
0.861000, 297563.386487
0.862000, 295557.554200
0.863000, 293551.721912
0.864000, 291540.095165
0.865000, 289528.468417
0.866000, 287511.126626
0.867000, 285493.784834
0.868000, 283470.807640
0.869000, 281447.830445
0.870000, 279419.297712
0.871000, 277390.764978
0.872000, 275356.756788
0.873000, 273322.748599
0.874000, 271283.345252
0.875000, 269243.941905
0.876000, 267199.223913
0.877000, 265154.505921
0.878000, 263104.554007
0.879000, 261054.602092
0.880000, 258999.497183
0.881000, 256944.392274
0.882000, 254884.215502
0.883000, 252824.038731
0.884000, 250758.871430
0.885000, 248693.704128
0.886000, 246623.627826
0.887000, 244553.551524
0.888000, 242478.647944
0.889000, 240403.744364
0.890000, 238324.095420
0.891000, 236244.446475
0.892000, 234160.134268
0.893000, 232075.822061
0.894000, 229986.928876
0.895000, 227898.035691
0.896000, 225804.643993
0.897000, 223711.252296
0.898000, 221613.444730
0.899000, 219515.637164
0.900000, 217413.496547
0.901000, 215311.355931
0.902000, 213204.965252
0.903000, 211098.574574
0.904000, 208988.016990
0.905000, 206877.459406
0.906000, 204762.818239
0.907000, 202648.177071
0.908000, 200529.535802
0.909000, 198410.894533
0.910000, 196288.336803
0.911000, 194165.779072
0.912000, 192039.388676
0.913000, 189912.998279
0.914000, 187782.859163
0.915000, 185652.720046
0.916000, 183518.916304
0.917000, 181385.112561
0.918000, 179247.728432
0.919000, 177110.344303
0.920000, 174969.464168
0.921000, 172828.584032
0.922000, 170684.292408
0.923000, 168540.000784
0.924000, 166392.382325
0.925000, 164244.763865
0.926000, 162093.903355
0.927000, 159943.042845
0.928000, 157789.025196
0.929000, 155635.007547
0.930000, 153477.917796
0.931000, 151320.828045
0.932000, 149160.751350
0.933000, 147000.674656
0.934000, 144837.696294
0.935000, 142674.717932
0.936000, 140508.923294
0.937000, 138343.128655
0.938000, 136174.603241
0.939000, 134006.077828
0.940000, 131834.907249
0.941000, 129663.736670
0.942000, 127490.006640
0.943000, 125316.276610
0.944000, 123140.072944
0.945000, 120963.869278
0.946000, 118785.277889
0.947000, 116606.686499
0.948000, 114425.793394
0.949000, 112244.900289
0.950000, 110061.791565
0.951000, 107878.682841
0.952000, 105693.444685
0.953000, 103508.206528
0.954000, 101320.925208
0.955000, 99133.643889
0.956000, 96944.405755
0.957000, 94755.167622
0.958000, 92564.059103
0.959000, 90372.950584
0.960000, 88180.058181
0.961000, 85987.165777
0.962000, 83792.576060
0.963000, 81597.986344
0.964000, 79401.785952
0.965000, 77205.585561
0.966000, 75007.861198
0.967000, 72810.136835
0.968000, 70610.975262
0.969000, 68411.813689
0.970000, 66211.301725
0.971000, 64010.789761
0.972000, 61809.014280
0.973000, 59607.238798
0.974000, 57404.286720
0.975000, 55201.334642
0.976000, 52997.292938
0.977000, 50793.251233
0.978000, 48588.206913
0.979000, 46383.162593
0.980000, 44177.202709
0.981000, 41971.242825
0.982000, 39764.454464
0.983000, 37557.666104
0.984000, 35350.136387
0.985000, 33142.606671
0.986000, 30934.422747
0.987000, 28726.238824
0.988000, 26517.487869
0.989000, 24308.736915
0.990000, 22099.506126
0.991000, 19890.275338
0.992000, 17680.651933
0.993000, 15471.028528
0.994000, 13261.099737
0.995000, 11051.170947
0.996000, 8841.024017
0.997000, 6630.877086
0.998000, 4420.599267
0.999000, 2210.321448
1.000000, 0.000000
