0.000000, 0.000000
0.001000, 77.109171
0.002000, 154.216819
0.003000, 231.324468
0.004000, 308.427551
0.005000, 385.530633
0.006000, 462.626106
0.007000, 539.721578
0.008000, 616.806397
0.009000, 693.891216
0.010000, 770.962338
0.011000, 848.033460
0.012000, 925.087842
0.013000, 1002.142225
0.014000, 1079.176826
0.015000, 1156.211427
0.016000, 1233.223206
0.017000, 1310.234984
0.018000, 1387.220900
0.019000, 1464.206815
0.020000, 1541.163829
0.021000, 1618.120842
0.022000, 1695.045915
0.023000, 1771.970988
0.024000, 1848.861084
0.025000, 1925.751180
0.026000, 2002.603263
0.027000, 2079.455347
0.028000, 2156.266383
0.029000, 2233.077420
0.030000, 2309.844377
0.031000, 2386.611335
0.032000, 2463.331182
0.033000, 2540.051030
0.034000, 2616.720740
0.035000, 2693.390449
0.036000, 2770.006993
0.037000, 2846.623538
0.038000, 2923.183892
0.039000, 2999.744246
0.040000, 3076.245388
0.041000, 3152.746530
0.042000, 3229.185439
0.043000, 3305.624349
0.044000, 3381.998008
0.045000, 3458.371667
0.046000, 3534.677061
0.047000, 3610.982455
0.048000, 3687.216571
0.049000, 3763.450687
0.050000, 3839.610516
0.051000, 3915.770345
0.052000, 3991.852880
0.053000, 4067.935415
0.054000, 4143.937652
0.055000, 4219.939890
0.056000, 4295.858829
0.057000, 4371.777768
0.058000, 4447.610413
0.059000, 4523.443057
0.060000, 4599.186412
0.061000, 4674.929767
0.062000, 4750.580844
0.063000, 4826.231920
0.064000, 4901.787730
0.065000, 4977.343541
0.066000, 5052.801103
0.067000, 5128.258665
0.068000, 5203.615000
0.069000, 5278.971334
0.070000, 5354.223466
0.071000, 5429.475599
0.072000, 5504.620558
0.073000, 5579.765517
0.074000, 5654.800336
0.075000, 5729.835155
0.076000, 5804.756872
0.077000, 5879.678589
0.078000, 5954.484247
0.079000, 6029.289904
0.080000, 6103.976549
0.081000, 6178.663193
0.082000, 6253.227876
0.083000, 6327.792559
0.084000, 6402.232336
0.085000, 6476.672114
0.086000, 6550.984047
0.087000, 6625.295981
0.088000, 6699.477137
0.089000, 6773.658293
0.090000, 6847.705743
0.091000, 6921.753193
0.092000, 6995.664013
0.093000, 7069.574833
0.094000, 7143.346106
0.095000, 7217.117379
0.096000, 7290.746192
0.097000, 7364.375005
0.098000, 7437.858452
0.099000, 7511.341899
0.100000, 7584.677078
0.101000, 7658.012258
0.102000, 7731.196274
0.103000, 7804.380291
0.104000, 7877.410256
0.105000, 7950.440221
0.106000, 8023.313251
0.107000, 8096.186281
0.108000, 8168.899499
0.109000, 8241.612717
0.110000, 8314.163253
0.111000, 8386.713789
0.112000, 8459.098778
0.113000, 8531.483768
0.114000, 8603.700353
0.115000, 8675.916938
0.116000, 8747.962268
0.117000, 8820.007598
0.118000, 8891.878828
0.119000, 8963.750059
0.120000, 9035.444353
0.121000, 9107.138646
0.122000, 9178.653173
0.123000, 9250.167700
0.124000, 9321.499636
0.125000, 9392.831572
0.126000, 9463.978102
0.127000, 9535.124632
0.128000, 9606.082947
0.129000, 9677.041261
0.130000, 9747.808559
0.131000, 9818.575858
0.132000, 9889.149345
0.133000, 9959.722833
0.134000, 10030.099725
0.135000, 10100.476616
0.136000, 10170.654133
0.137000, 10240.831649
0.138000, 10310.807021
0.139000, 10380.782392
0.140000, 10450.552856
0.141000, 10520.323320
0.142000, 10589.886121
0.143000, 10659.448923
0.144000, 10728.801316
0.145000, 10798.153709
0.146000, 10867.292956
0.147000, 10936.432202
0.148000, 11005.355573
0.149000, 11074.278944
0.150000, 11142.983719
0.151000, 11211.688493
0.152000, 11280.171958
0.153000, 11348.655423
0.154000, 11416.914875
0.155000, 11485.174328
0.156000, 11553.207072
0.157000, 11621.239817
0.158000, 11689.043169
0.159000, 11756.846520
0.160000, 11824.417802
0.161000, 11891.989083
0.162000, 11959.325627
0.163000, 12026.662171
0.164000, 12093.761318
0.165000, 12160.860466
0.166000, 12227.719569
0.167000, 12294.578671
0.168000, 12361.195090
0.169000, 12427.811508
0.170000, 12494.182612
0.171000, 12560.553716
0.172000, 12626.676885
0.173000, 12692.800055
0.174000, 12758.672679
0.175000, 12824.545303
0.176000, 12890.164782
0.177000, 12955.784261
0.178000, 13021.148004
0.179000, 13086.511746
0.180000, 13151.617172
0.181000, 13216.722599
0.182000, 13281.567138
0.183000, 13346.411677
0.184000, 13410.992770
0.185000, 13475.573863
0.186000, 13539.888959
0.187000, 13604.204055
0.188000, 13668.250616
0.189000, 13732.297177
0.190000, 13796.072674
0.191000, 13859.848172
0.192000, 13923.350087
0.193000, 13986.852003
0.194000, 14050.077830
0.195000, 14113.303657
0.196000, 14176.250900
0.197000, 14239.198143
0.198000, 14301.864316
0.199000, 14364.530489
0.200000, 14426.913118
0.201000, 14489.295748
0.202000, 14551.392371
0.203000, 14613.488995
0.204000, 14675.297160
0.205000, 14737.105326
0.206000, 14798.622593
0.207000, 14860.139861
0.208000, 14921.363802
0.209000, 14982.587743
0.210000, 15043.515941
0.211000, 15104.444139
0.212000, 15165.074188
0.213000, 15225.704237
0.214000, 15286.033743
0.215000, 15346.363250
0.216000, 15406.389832
0.217000, 15466.416415
0.218000, 15526.137704
0.219000, 15585.858992
0.220000, 15645.272630
0.221000, 15704.686267
0.222000, 15763.789907
0.223000, 15822.893547
0.224000, 15881.684857
0.225000, 15940.476167
0.226000, 15998.952825
0.227000, 16057.429483
0.228000, 16115.589182
0.229000, 16173.748880
0.230000, 16231.589323
0.231000, 16289.429765
0.232000, 16346.948669
0.233000, 16404.467572
0.234000, 16461.662665
0.235000, 16518.857758
0.236000, 16575.726783
0.237000, 16632.595807
0.238000, 16689.136519
0.239000, 16745.677231
0.240000, 16801.887397
0.241000, 16858.097564
0.242000, 16913.974965
0.243000, 16969.852367
0.244000, 17025.394799
0.245000, 17080.937231
0.246000, 17136.142499
0.247000, 17191.347768
0.248000, 17246.213694
0.249000, 17301.079620
0.250000, 17355.604037
0.251000, 17410.128455
0.252000, 17464.309211
0.253000, 17518.489968
0.254000, 17572.324924
0.255000, 17626.159881
0.256000, 17679.646912
0.257000, 17733.133943
0.258000, 17786.270937
0.259000, 17839.407932
0.260000, 17892.192791
0.261000, 17944.977651
0.262000, 17997.408292
0.263000, 18049.838933
0.264000, 18101.913286
0.265000, 18153.987639
0.266000, 18205.703648
0.267000, 18257.419656
0.268000, 18308.775279
0.269000, 18360.130902
0.270000, 18411.124111
0.271000, 18462.117321
0.272000, 18512.746104
0.273000, 18563.374887
0.274000, 18613.637245
0.275000, 18663.899603
0.276000, 18713.793552
0.277000, 18763.687500
0.278000, 18813.211070
0.279000, 18862.734639
0.280000, 18911.885875
0.281000, 18961.037110
0.282000, 19009.814071
0.283000, 19058.591031
0.284000, 19106.991792
0.285000, 19155.392552
0.286000, 19203.415201
0.287000, 19251.437850
0.288000, 19299.080493
0.289000, 19346.723135
0.290000, 19393.983890
0.291000, 19441.244645
0.292000, 19488.121646
0.293000, 19534.998647
0.294000, 19581.490044
0.295000, 19627.981441
0.296000, 19674.085398
0.297000, 19720.189356
0.298000, 19765.904053
0.299000, 19811.618751
0.300000, 19856.942385
0.301000, 19902.266018
0.302000, 19947.196798
0.303000, 19992.127577
0.304000, 20036.663729
0.305000, 20081.199882
0.306000, 20125.339648
0.307000, 20169.479415
0.308000, 20213.221053
0.309000, 20256.962691
0.310000, 20300.304474
0.311000, 20343.646257
0.312000, 20386.586474
0.313000, 20429.526691
0.314000, 20472.063647
0.315000, 20514.600603
0.316000, 20556.732618
0.317000, 20598.864633
0.318000, 20640.590044
0.319000, 20682.315455
0.320000, 20723.632615
0.321000, 20764.949774
0.322000, 20805.857052
0.323000, 20846.764329
0.324000, 20887.260110
0.325000, 20927.755890
0.326000, 20967.838574
0.327000, 21007.921258
0.328000, 21047.589264
0.329000, 21087.257270
0.330000, 21126.509031
0.331000, 21165.760793
0.332000, 21204.594760
0.333000, 21243.428728
0.334000, 21281.843368
0.335000, 21320.258008
0.336000, 21358.251805
0.337000, 21396.245602
0.338000, 21433.817055
0.339000, 21471.388508
0.340000, 21508.536134
0.341000, 21545.683761
0.342000, 21582.406094
0.343000, 21619.128427
0.344000, 21655.424016
0.345000, 21691.719606
0.346000, 21727.587020
0.347000, 21763.454434
0.348000, 21798.892256
0.349000, 21834.330078
0.350000, 21869.336909
0.351000, 21904.343740
0.352000, 21938.918198
0.353000, 21973.492656
0.354000, 22007.633376
0.355000, 22041.774096
0.356000, 22075.479730
0.357000, 22109.185364
0.358000, 22142.454582
0.359000, 22175.723800
0.360000, 22208.555288
0.361000, 22241.386776
0.362000, 22273.779239
0.363000, 22306.171701
0.364000, 22338.123858
0.365000, 22370.076016
0.366000, 22401.586607
0.367000, 22433.097198
0.368000, 22464.164979
0.369000, 22495.232760
0.370000, 22525.856505
0.371000, 22556.480249
0.372000, 22586.658748
0.373000, 22616.837247
0.374000, 22646.569309
0.375000, 22676.301371
0.376000, 22705.585822
0.377000, 22734.870273
0.378000, 22763.705957
0.379000, 22792.541642
0.380000, 22820.927421
0.381000, 22849.313200
0.382000, 22877.247953
0.383000, 22905.182706
0.384000, 22932.665330
0.385000, 22960.147955
0.386000, 22987.177365
0.387000, 23014.206776
0.388000, 23040.781906
0.389000, 23067.357036
0.390000, 23093.476836
0.391000, 23119.596636
0.392000, 23145.260076
0.393000, 23170.923515
0.394000, 23196.129580
0.395000, 23221.335644
0.396000, 23246.083340
0.397000, 23270.831036
0.398000, 23295.119385
0.399000, 23319.407734
0.400000, 23343.235778
0.401000, 23367.063823
0.402000, 23390.430621
0.403000, 23413.797419
0.404000, 23436.702049
0.405000, 23459.606679
0.406000, 23482.048237
0.407000, 23504.489794
0.408000, 23526.467393
0.409000, 23548.444992
0.410000, 23569.957765
0.411000, 23591.470538
0.412000, 23612.517635
0.413000, 23633.564733
0.414000, 23654.145324
0.415000, 23674.725915
0.416000, 23694.839187
0.417000, 23714.952459
0.418000, 23734.597619
0.419000, 23754.242778
0.420000, 23773.419049
0.421000, 23792.595320
0.422000, 23811.301946
0.423000, 23830.008571
0.424000, 23848.244813
0.425000, 23866.481054
0.426000, 23884.246192
0.427000, 23902.011329
0.428000, 23919.304662
0.429000, 23936.597994
0.430000, 23953.418839
0.431000, 23970.239683
0.432000, 23986.587376
0.433000, 24002.935068
0.434000, 24018.808963
0.435000, 24034.682858
0.436000, 24050.082329
0.437000, 24065.481800
0.438000, 24080.406239
0.439000, 24095.330678
0.440000, 24109.779496
0.441000, 24124.228314
0.442000, 24138.200940
0.443000, 24152.173566
0.444000, 24165.669449
0.445000, 24179.165332
0.446000, 24192.183939
0.447000, 24205.202546
0.448000, 24217.743363
0.449000, 24230.284180
0.450000, 24242.346711
0.451000, 24254.409243
0.452000, 24265.993014
0.453000, 24277.576784
0.454000, 24288.681336
0.455000, 24299.785889
0.456000, 24310.410784
0.457000, 24321.035679
0.458000, 24331.180497
0.459000, 24341.325316
0.460000, 24350.989658
0.461000, 24360.653999
0.462000, 24369.837483
0.463000, 24379.020966
0.464000, 24387.723228
0.465000, 24396.425490
0.466000, 24404.646188
0.467000, 24412.866886
0.468000, 24420.605694
0.469000, 24428.344503
0.470000, 24435.601117
0.471000, 24442.857731
0.472000, 24449.631864
0.473000, 24456.405997
0.474000, 24462.697381
0.475000, 24468.988766
0.476000, 24474.797153
0.477000, 24480.605541
0.478000, 24485.930702
0.479000, 24491.255863
0.480000, 24496.097588
0.481000, 24500.939313
0.482000, 24505.297410
0.483000, 24509.655508
0.484000, 24513.529805
0.485000, 24517.404103
0.486000, 24520.794448
0.487000, 24524.184793
0.488000, 24527.091052
0.489000, 24529.997311
0.490000, 24532.419368
0.491000, 24534.841426
0.492000, 24536.779187
0.493000, 24538.716948
0.494000, 24540.170335
0.495000, 24541.623723
0.496000, 24542.592680
0.497000, 24543.561637
0.498000, 24544.046125
0.499000, 24544.530613
0.500000, 24544.530613
0.501000, 24544.530613
0.502000, 24544.046125
0.503000, 24543.561637
0.504000, 24542.592680
0.505000, 24541.623723
0.506000, 24540.170335
0.507000, 24538.716948
0.508000, 24536.779187
0.509000, 24534.841426
0.510000, 24532.419368
0.511000, 24529.997311
0.512000, 24527.091052
0.513000, 24524.184793
0.514000, 24520.794448
0.515000, 24517.404103
0.516000, 24513.529805
0.517000, 24509.655508
0.518000, 24505.297410
0.519000, 24500.939313
0.520000, 24496.097588
0.521000, 24491.255863
0.522000, 24485.930702
0.523000, 24480.605541
0.524000, 24474.797153
0.525000, 24468.988766
0.526000, 24462.697381
0.527000, 24456.405997
0.528000, 24449.631864
0.529000, 24442.857731
0.530000, 24435.601117
0.531000, 24428.344503
0.532000, 24420.605694
0.533000, 24412.866886
0.534000, 24404.646188
0.535000, 24396.425490
0.536000, 24387.723228
0.537000, 24379.020966
0.538000, 24369.837483
0.539000, 24360.653999
0.540000, 24350.989658
0.541000, 24341.325316
0.542000, 24331.180497
0.543000, 24321.035679
0.544000, 24310.410784
0.545000, 24299.785889
0.546000, 24288.681336
0.547000, 24277.576784
0.548000, 24265.993014
0.549000, 24254.409243
0.550000, 24242.346711
0.551000, 24230.284180
0.552000, 24217.743363
0.553000, 24205.202546
0.554000, 24192.183939
0.555000, 24179.165332
0.556000, 24165.669449
0.557000, 24152.173566
0.558000, 24138.200940
0.559000, 24124.228314
0.560000, 24109.779496
0.561000, 24095.330678
0.562000, 24080.406239
0.563000, 24065.481800
0.564000, 24050.082329
0.565000, 24034.682858
0.566000, 24018.808963
0.567000, 24002.935068
0.568000, 23986.587376
0.569000, 23970.239683
0.570000, 23953.418839
0.571000, 23936.597994
0.572000, 23919.304662
0.573000, 23902.011329
0.574000, 23884.246192
0.575000, 23866.481054
0.576000, 23848.244813
0.577000, 23830.008571
0.578000, 23811.301946
0.579000, 23792.595320
0.580000, 23773.419049
0.581000, 23754.242778
0.582000, 23734.597619
0.583000, 23714.952459
0.584000, 23694.839187
0.585000, 23674.725915
0.586000, 23654.145324
0.587000, 23633.564733
0.588000, 23612.517635
0.589000, 23591.470538
0.590000, 23569.957765
0.591000, 23548.444992
0.592000, 23526.467393
0.593000, 23504.489794
0.594000, 23482.048237
0.595000, 23459.606679
0.596000, 23436.702049
0.597000, 23413.797419
0.598000, 23390.430621
0.599000, 23367.063823
0.600000, 23343.235778
0.601000, 23319.407734
0.602000, 23295.119385
0.603000, 23270.831036
0.604000, 23246.083340
0.605000, 23221.335644
0.606000, 23196.129580
0.607000, 23170.923515
0.608000, 23145.260076
0.609000, 23119.596636
0.610000, 23093.476836
0.611000, 23067.357036
0.612000, 23040.781906
0.613000, 23014.206776
0.614000, 22987.177365
0.615000, 22960.147955
0.616000, 22932.665330
0.617000, 22905.182706
0.618000, 22877.247953
0.619000, 22849.313200
0.620000, 22820.927421
0.621000, 22792.541642
0.622000, 22763.705957
0.623000, 22734.870273
0.624000, 22705.585822
0.625000, 22676.301371
0.626000, 22646.569309
0.627000, 22616.837247
0.628000, 22586.658748
0.629000, 22556.480249
0.630000, 22525.856505
0.631000, 22495.232760
0.632000, 22464.164979
0.633000, 22433.097198
0.634000, 22401.586607
0.635000, 22370.076016
0.636000, 22338.123858
0.637000, 22306.171701
0.638000, 22273.779239
0.639000, 22241.386776
0.640000, 22208.555288
0.641000, 22175.723800
0.642000, 22142.454582
0.643000, 22109.185364
0.644000, 22075.479730
0.645000, 22041.774096
0.646000, 22007.633376
0.647000, 21973.492656
0.648000, 21938.918198
0.649000, 21904.343740
0.650000, 21869.336909
0.651000, 21834.330078
0.652000, 21798.892256
0.653000, 21763.454434
0.654000, 21727.587020
0.655000, 21691.719606
0.656000, 21655.424016
0.657000, 21619.128427
0.658000, 21582.406094
0.659000, 21545.683761
0.660000, 21508.536134
0.661000, 21471.388508
0.662000, 21433.817055
0.663000, 21396.245602
0.664000, 21358.251805
0.665000, 21320.258008
0.666000, 21281.843368
0.667000, 21243.428728
0.668000, 21204.594760
0.669000, 21165.760793
0.670000, 21126.509031
0.671000, 21087.257270
0.672000, 21047.589264
0.673000, 21007.921258
0.674000, 20967.838574
0.675000, 20927.755890
0.676000, 20887.260110
0.677000, 20846.764329
0.678000, 20805.857052
0.679000, 20764.949774
0.680000, 20723.632615
0.681000, 20682.315455
0.682000, 20640.590044
0.683000, 20598.864633
0.684000, 20556.732618
0.685000, 20514.600603
0.686000, 20472.063647
0.687000, 20429.526691
0.688000, 20386.586474
0.689000, 20343.646257
0.690000, 20300.304474
0.691000, 20256.962691
0.692000, 20213.221053
0.693000, 20169.479415
0.694000, 20125.339648
0.695000, 20081.199882
0.696000, 20036.663729
0.697000, 19992.127577
0.698000, 19947.196798
0.699000, 19902.266018
0.700000, 19856.942385
0.701000, 19811.618751
0.702000, 19765.904053
0.703000, 19720.189356
0.704000, 19674.085398
0.705000, 19627.981441
0.706000, 19581.490044
0.707000, 19534.998647
0.708000, 19488.121646
0.709000, 19441.244645
0.710000, 19393.983890
0.711000, 19346.723135
0.712000, 19299.080493
0.713000, 19251.437850
0.714000, 19203.415201
0.715000, 19155.392552
0.716000, 19106.991792
0.717000, 19058.591031
0.718000, 19009.814071
0.719000, 18961.037110
0.720000, 18911.885875
0.721000, 18862.734639
0.722000, 18813.211070
0.723000, 18763.687500
0.724000, 18713.793552
0.725000, 18663.899603
0.726000, 18613.637245
0.727000, 18563.374887
0.728000, 18512.746104
0.729000, 18462.117321
0.730000, 18411.124111
0.731000, 18360.130902
0.732000, 18308.775279
0.733000, 18257.419656
0.734000, 18205.703648
0.735000, 18153.987639
0.736000, 18101.913286
0.737000, 18049.838933
0.738000, 17997.408292
0.739000, 17944.977651
0.740000, 17892.192791
0.741000, 17839.407932
0.742000, 17786.270937
0.743000, 17733.133943
0.744000, 17679.646912
0.745000, 17626.159881
0.746000, 17572.324924
0.747000, 17518.489968
0.748000, 17464.309211
0.749000, 17410.128455
0.750000, 17355.604037
0.751000, 17301.079620
0.752000, 17246.213694
0.753000, 17191.347768
0.754000, 17136.142499
0.755000, 17080.937231
0.756000, 17025.394799
0.757000, 16969.852367
0.758000, 16913.974965
0.759000, 16858.097564
0.760000, 16801.887397
0.761000, 16745.677231
0.762000, 16689.136519
0.763000, 16632.595807
0.764000, 16575.726783
0.765000, 16518.857758
0.766000, 16461.662665
0.767000, 16404.467572
0.768000, 16346.948669
0.769000, 16289.429765
0.770000, 16231.589323
0.771000, 16173.748880
0.772000, 16115.589182
0.773000, 16057.429483
0.774000, 15998.952825
0.775000, 15940.476167
0.776000, 15881.684857
0.777000, 15822.893547
0.778000, 15763.789907
0.779000, 15704.686267
0.780000, 15645.272630
0.781000, 15585.858992
0.782000, 15526.137704
0.783000, 15466.416415
0.784000, 15406.389832
0.785000, 15346.363250
0.786000, 15286.033743
0.787000, 15225.704237
0.788000, 15165.074188
0.789000, 15104.444139
0.790000, 15043.515941
0.791000, 14982.587743
0.792000, 14921.363802
0.793000, 14860.139861
0.794000, 14798.622593
0.795000, 14737.105326
0.796000, 14675.297160
0.797000, 14613.488995
0.798000, 14551.392371
0.799000, 14489.295748
0.800000, 14426.913118
0.801000, 14364.530489
0.802000, 14301.864316
0.803000, 14239.198143
0.804000, 14176.250900
0.805000, 14113.303657
0.806000, 14050.077830
0.807000, 13986.852003
0.808000, 13923.350087
0.809000, 13859.848172
0.810000, 13796.072674
0.811000, 13732.297177
0.812000, 13668.250616
0.813000, 13604.204055
0.814000, 13539.888959
0.815000, 13475.573863
0.816000, 13410.992770
0.817000, 13346.411677
0.818000, 13281.567138
0.819000, 13216.722599
0.820000, 13151.617172
0.821000, 13086.511746
0.822000, 13021.148004
0.823000, 12955.784261
0.824000, 12890.164782
0.825000, 12824.545303
0.826000, 12758.672679
0.827000, 12692.800055
0.828000, 12626.676885
0.829000, 12560.553716
0.830000, 12494.182612
0.831000, 12427.811508
0.832000, 12361.195090
0.833000, 12294.578671
0.834000, 12227.719569
0.835000, 12160.860466
0.836000, 12093.761318
0.837000, 12026.662171
0.838000, 11959.325627
0.839000, 11891.989083
0.840000, 11824.417802
0.841000, 11756.846520
0.842000, 11689.043169
0.843000, 11621.239817
0.844000, 11553.207072
0.845000, 11485.174328
0.846000, 11416.914875
0.847000, 11348.655423
0.848000, 11280.171958
0.849000, 11211.688493
0.850000, 11142.983719
0.851000, 11074.278944
0.852000, 11005.355573
0.853000, 10936.432202
0.854000, 10867.292956
0.855000, 10798.153709
0.856000, 10728.801316
0.857000, 10659.448923
0.858000, 10589.886121
0.859000, 10520.323320
0.860000, 10450.552856
0.861000, 10380.782392
0.862000, 10310.807021
0.863000, 10240.831649
0.864000, 10170.654133
0.865000, 10100.476616
0.866000, 10030.099725
0.867000, 9959.722833
0.868000, 9889.149345
0.869000, 9818.575858
0.870000, 9747.808559
0.871000, 9677.041261
0.872000, 9606.082947
0.873000, 9535.124632
0.874000, 9463.978102
0.875000, 9392.831572
0.876000, 9321.499636
0.877000, 9250.167700
0.878000, 9178.653173
0.879000, 9107.138646
0.880000, 9035.444353
0.881000, 8963.750059
0.882000, 8891.878828
0.883000, 8820.007598
0.884000, 8747.962268
0.885000, 8675.916938
0.886000, 8603.700353
0.887000, 8531.483768
0.888000, 8459.098778
0.889000, 8386.713789
0.890000, 8314.163253
0.891000, 8241.612717
0.892000, 8168.899499
0.893000, 8096.186281
0.894000, 8023.313251
0.895000, 7950.440221
0.896000, 7877.410256
0.897000, 7804.380291
0.898000, 7731.196274
0.899000, 7658.012258
0.900000, 7584.677078
0.901000, 7511.341899
0.902000, 7437.858452
0.903000, 7364.375005
0.904000, 7290.746192
0.905000, 7217.117379
0.906000, 7143.346106
0.907000, 7069.574833
0.908000, 6995.664013
0.909000, 6921.753193
0.910000, 6847.705743
0.911000, 6773.658293
0.912000, 6699.477137
0.913000, 6625.295981
0.914000, 6550.984047
0.915000, 6476.672114
0.916000, 6402.232336
0.917000, 6327.792559
0.918000, 6253.227876
0.919000, 6178.663193
0.920000, 6103.976549
0.921000, 6029.289904
0.922000, 5954.484247
0.923000, 5879.678589
0.924000, 5804.756872
0.925000, 5729.835155
0.926000, 5654.800336
0.927000, 5579.765517
0.928000, 5504.620558
0.929000, 5429.475599
0.930000, 5354.223466
0.931000, 5278.971334
0.932000, 5203.615000
0.933000, 5128.258665
0.934000, 5052.801103
0.935000, 4977.343541
0.936000, 4901.787730
0.937000, 4826.231920
0.938000, 4750.580844
0.939000, 4674.929767
0.940000, 4599.186412
0.941000, 4523.443057
0.942000, 4447.610413
0.943000, 4371.777768
0.944000, 4295.858829
0.945000, 4219.939890
0.946000, 4143.937652
0.947000, 4067.935415
0.948000, 3991.852880
0.949000, 3915.770345
0.950000, 3839.610516
0.951000, 3763.450687
0.952000, 3687.216571
0.953000, 3610.982455
0.954000, 3534.677061
0.955000, 3458.371667
0.956000, 3381.998008
0.957000, 3305.624349
0.958000, 3229.185439
0.959000, 3152.746530
0.960000, 3076.245388
0.961000, 2999.744246
0.962000, 2923.183892
0.963000, 2846.623538
0.964000, 2770.006993
0.965000, 2693.390449
0.966000, 2616.720740
0.967000, 2540.051030
0.968000, 2463.331182
0.969000, 2386.611335
0.970000, 2309.844377
0.971000, 2233.077420
0.972000, 2156.266383
0.973000, 2079.455347
0.974000, 2002.603263
0.975000, 1925.751180
0.976000, 1848.861084
0.977000, 1771.970988
0.978000, 1695.045915
0.979000, 1618.120842
0.980000, 1541.163829
0.981000, 1464.206815
0.982000, 1387.220900
0.983000, 1310.234984
0.984000, 1233.223206
0.985000, 1156.211427
0.986000, 1079.176826
0.987000, 1002.142225
0.988000, 925.087842
0.989000, 848.033460
0.990000, 770.962338
0.991000, 693.891216
0.992000, 616.806397
0.993000, 539.721578
0.994000, 462.626106
0.995000, 385.530633
0.996000, 308.427551
0.997000, 231.324468
0.998000, 154.216819
0.999000, 77.109171
1.000000, 0.000000
