0.000000, 0.000000
0.001000, 139543.813033
0.002000, 279084.871590
0.003000, 418625.930148
0.004000, 558158.725388
0.005000, 697691.520627
0.006000, 837210.544034
0.007000, 976729.567441
0.008000, 1116229.311042
0.009000, 1255729.054643
0.010000, 1395204.011228
0.011000, 1534678.967813
0.012000, 1674123.631148
0.013000, 1813568.294484
0.014000, 1952977.159534
0.015000, 2092386.024585
0.016000, 2231753.587726
0.017000, 2371121.150868
0.018000, 2510441.910108
0.019000, 2649762.669348
0.020000, 2789031.124542
0.021000, 2928299.579735
0.022000, 3067510.232802
0.023000, 3206720.885869
0.024000, 3345868.241011
0.025000, 3485015.596153
0.026000, 3624094.160070
0.027000, 3763172.723988
0.028000, 3902177.006098
0.029000, 4041181.288208
0.030000, 4180105.800859
0.031000, 4319030.313510
0.032000, 4457869.572201
0.033000, 4596708.830891
0.034000, 4735457.354485
0.035000, 4874205.878078
0.036000, 5012858.189021
0.037000, 5151510.499963
0.038000, 5290061.124499
0.039000, 5428611.749034
0.040000, 5567055.217422
0.041000, 5705498.685809
0.042000, 5843829.532537
0.043000, 5982160.379265
0.044000, 6120373.143268
0.045000, 6258585.907272
0.046000, 6396675.132148
0.047000, 6534764.357024
0.048000, 6672724.591246
0.049000, 6810684.825468
0.050000, 6948510.622603
0.051000, 7086336.419738
0.052000, 7224022.338658
0.053000, 7361708.257579
0.054000, 7499248.862681
0.055000, 7636789.467783
0.056000, 7774179.329199
0.057000, 7911569.190616
0.058000, 8048802.884430
0.059000, 8186036.578243
0.060000, 8323108.686704
0.061000, 8460180.795164
0.062000, 8597085.906898
0.063000, 8733991.018632
0.064000, 8870723.728861
0.065000, 9007456.439090
0.066000, 9144011.349841
0.067000, 9280566.260592
0.068000, 9416937.980910
0.069000, 9553309.701228
0.070000, 9689492.847391
0.071000, 9825675.993555
0.072000, 9961665.189286
0.073000, 10097654.385018
0.074000, 10233444.261697
0.075000, 10369234.138376
0.076000, 10504819.335250
0.077000, 10640404.532125
0.078000, 10775779.696523
0.079000, 10911154.860922
0.080000, 11046314.648465
0.081000, 11181474.436008
0.082000, 11316413.510819
0.083000, 11451352.585630
0.084000, 11586065.620544
0.085000, 11720778.655459
0.086000, 11855260.332237
0.087000, 11989742.009016
0.088000, 12123987.018552
0.089000, 12258232.028088
0.090000, 12392235.070619
0.091000, 12526238.113149
0.092000, 12659993.898464
0.093000, 12793749.683778
0.094000, 12927252.931427
0.095000, 13060756.179076
0.096000, 13194001.618579
0.097000, 13327247.058083
0.098000, 13460229.429140
0.099000, 13593211.800196
0.100000, 13725925.852890
0.101000, 13858639.905583
0.102000, 13991080.400590
0.103000, 14123520.895596
0.104000, 14255682.604392
0.105000, 14387844.313188
0.106000, 14519722.018255
0.107000, 14651599.723322
0.108000, 14783188.218354
0.109000, 14914776.713386
0.110000, 15046070.803495
0.111000, 15177364.893604
0.112000, 15308359.395524
0.113000, 15439353.897444
0.114000, 15570043.639736
0.115000, 15700733.382028
0.116000, 15831113.205285
0.117000, 15961493.028542
0.118000, 16091557.785592
0.119000, 16221622.542642
0.120000, 16351367.098751
0.121000, 16481111.654860
0.122000, 16610530.887935
0.123000, 16739950.121010
0.124000, 16869038.921801
0.125000, 16998127.722593
0.126000, 17126880.994895
0.127000, 17255634.267198
0.128000, 17384046.928054
0.129000, 17512459.588909
0.130000, 17640526.568805
0.131000, 17768593.548702
0.132000, 17896309.791773
0.133000, 18024026.034845
0.134000, 18151386.499074
0.135000, 18278746.963304
0.136000, 18405746.620717
0.137000, 18532746.278130
0.138000, 18659380.114998
0.139000, 18786013.951866
0.140000, 18912276.968902
0.141000, 19038539.985938
0.142000, 19164427.198495
0.143000, 19290314.411051
0.144000, 19415820.849316
0.145000, 19541327.287581
0.146000, 19666447.996776
0.147000, 19791568.705970
0.148000, 19916298.746543
0.149000, 20041028.787115
0.150000, 20165363.234937
0.151000, 20289697.682759
0.152000, 20413631.629320
0.153000, 20537565.575881
0.154000, 20661094.128480
0.155000, 20784622.681079
0.156000, 20907740.963021
0.157000, 21030859.244963
0.158000, 21153562.395748
0.159000, 21276265.546534
0.160000, 21398548.722053
0.161000, 21520831.897572
0.162000, 21642690.270295
0.163000, 21764548.643017
0.164000, 21885977.402183
0.165000, 22007406.161348
0.166000, 22128400.513157
0.167000, 22249394.864967
0.168000, 22369950.032770
0.169000, 22490505.200573
0.170000, 22610616.425058
0.171000, 22730727.649544
0.172000, 22850390.188926
0.173000, 22970052.728308
0.174000, 23089261.858515
0.175000, 23208470.988722
0.176000, 23327222.003581
0.177000, 23445973.018440
0.178000, 23564261.229865
0.179000, 23682549.441290
0.180000, 23800370.179464
0.181000, 23918190.917639
0.182000, 24035539.531202
0.183000, 24152888.144764
0.184000, 24269760.000993
0.185000, 24386631.857222
0.186000, 24503022.342217
0.187000, 24619412.827211
0.188000, 24735317.346074
0.189000, 24851221.864937
0.190000, 24966635.841957
0.191000, 25082049.818976
0.192000, 25196968.697805
0.193000, 25311887.576635
0.194000, 25426306.820474
0.195000, 25540726.064313
0.196000, 25654641.156086
0.197000, 25768556.247860
0.198000, 25881962.690394
0.199000, 25995369.132928
0.200000, 26108262.449131
0.201000, 26221155.765334
0.202000, 26333531.498371
0.203000, 26445907.231408
0.204000, 26557760.944878
0.205000, 26669614.658348
0.206000, 26780941.936457
0.207000, 26892269.214566
0.208000, 27003065.662305
0.209000, 27113862.110043
0.210000, 27224123.353357
0.211000, 27334384.596670
0.212000, 27444106.282634
0.213000, 27553827.968597
0.214000, 27663005.765586
0.215000, 27772183.562576
0.216000, 27880813.160438
0.217000, 27989442.758301
0.218000, 28097519.868526
0.219000, 28205596.978752
0.220000, 28313117.334640
0.221000, 28420637.690529
0.222000, 28527597.047362
0.223000, 28634556.404195
0.224000, 28740950.539399
0.225000, 28847344.674604
0.226000, 28953169.387921
0.227000, 29058994.101239
0.228000, 29164245.214892
0.229000, 29269496.328545
0.230000, 29374169.687399
0.231000, 29478843.046253
0.232000, 29582934.517983
0.233000, 29687025.989713
0.234000, 29790531.464966
0.235000, 29894036.940219
0.236000, 29996952.332777
0.237000, 30099867.725334
0.238000, 30202188.972273
0.239000, 30304510.219211
0.240000, 30406233.281062
0.241000, 30507956.342913
0.242000, 30609077.203825
0.243000, 30710198.064737
0.244000, 30810712.732632
0.245000, 30911227.400526
0.246000, 31011131.907256
0.247000, 31111036.413985
0.248000, 31210326.815492
0.249000, 31309617.216998
0.250000, 31408289.593466
0.251000, 31506961.969933
0.252000, 31605012.425946
0.253000, 31703062.881959
0.254000, 31800487.546652
0.255000, 31897912.211346
0.256000, 31994707.238561
0.257000, 32091502.265777
0.258000, 32187663.834212
0.259000, 32283825.402648
0.260000, 32379349.716009
0.261000, 32474874.029370
0.262000, 32569757.316521
0.263000, 32664640.603672
0.264000, 32758879.118783
0.265000, 32853117.633894
0.266000, 32946707.656590
0.267000, 33040297.679285
0.268000, 33133235.514792
0.269000, 33226173.350298
0.270000, 33318455.329589
0.271000, 33410737.308880
0.272000, 33502359.788820
0.273000, 33593982.268760
0.274000, 33684941.632252
0.275000, 33775900.995743
0.276000, 33866193.651866
0.277000, 33956486.307988
0.278000, 34046108.692142
0.279000, 34135731.076297
0.280000, 34224679.650344
0.281000, 34313628.224392
0.282000, 34401899.476795
0.283000, 34490170.729199
0.284000, 34577761.175161
0.285000, 34665351.621123
0.286000, 34752257.802722
0.287000, 34839163.984321
0.288000, 34925382.470650
0.289000, 35011600.956979
0.290000, 35097128.344280
0.291000, 35182655.731581
0.292000, 35267488.643379
0.293000, 35352321.555177
0.294000, 35436456.642414
0.295000, 35520591.729651
0.296000, 35604025.670818
0.297000, 35687459.611984
0.298000, 35770189.113252
0.299000, 35852918.614519
0.300000, 35934940.409868
0.301000, 36016962.205217
0.302000, 36098273.056567
0.303000, 36179583.907917
0.304000, 36260180.605256
0.305000, 36340777.302595
0.306000, 36420656.664102
0.307000, 36500536.025610
0.308000, 36579694.897786
0.309000, 36658853.769961
0.310000, 36737289.027749
0.311000, 36815724.285536
0.312000, 36893432.832445
0.313000, 36971141.379355
0.314000, 37048120.147585
0.315000, 37125098.915816
0.316000, 37201344.866379
0.317000, 37277590.816941
0.318000, 37353100.939775
0.319000, 37428611.062610
0.320000, 37503382.376706
0.321000, 37578153.690802
0.322000, 37652183.244316
0.323000, 37726212.797830
0.324000, 37799497.668203
0.325000, 37872782.538575
0.326000, 37945319.832645
0.327000, 38017857.126714
0.328000, 38089643.980832
0.329000, 38161430.834951
0.330000, 38232464.415095
0.331000, 38303497.995240
0.332000, 38373775.497128
0.333000, 38444052.999016
0.334000, 38513571.648210
0.335000, 38583090.297405
0.336000, 38651847.349430
0.337000, 38720604.401454
0.338000, 38788597.141898
0.339000, 38856589.882342
0.340000, 38923815.626969
0.341000, 38991041.371595
0.342000, 39057497.466446
0.343000, 39123953.561297
0.344000, 39189637.382801
0.345000, 39255321.204304
0.346000, 39320230.159375
0.347000, 39385139.114446
0.348000, 39449270.640590
0.349000, 39513402.166733
0.350000, 39576753.732147
0.351000, 39640105.297561
0.352000, 39702674.401234
0.353000, 39765243.504907
0.354000, 39827027.676717
0.355000, 39888811.848527
0.356000, 39949808.649342
0.357000, 40010805.450157
0.358000, 40071012.471927
0.359000, 40131219.493697
0.360000, 40190634.359552
0.361000, 40250049.225407
0.362000, 40308669.589750
0.363000, 40367289.954092
0.364000, 40425113.502691
0.365000, 40482937.051290
0.366000, 40539961.501371
0.367000, 40596985.951452
0.368000, 40653209.051786
0.369000, 40709432.152121
0.370000, 40764851.683117
0.371000, 40820271.214114
0.372000, 40874884.987905
0.373000, 40929498.761696
0.374000, 40983304.622222
0.375000, 41037110.482748
0.376000, 41090106.305847
0.377000, 41143102.128946
0.378000, 41195285.822433
0.379000, 41247469.515920
0.380000, 41298839.019672
0.381000, 41350208.523424
0.382000, 41400761.809462
0.383000, 41451315.095499
0.384000, 41501050.168065
0.385000, 41550785.240630
0.386000, 41599700.136268
0.387000, 41648615.031906
0.388000, 41696707.819540
0.389000, 41744800.607174
0.390000, 41792069.388184
0.391000, 41839338.169193
0.392000, 41885781.077488
0.393000, 41932223.985782
0.394000, 41977839.187874
0.395000, 42023454.389967
0.396000, 42068240.085047
0.397000, 42113025.780128
0.398000, 42156980.200134
0.399000, 42200934.620141
0.400000, 42244056.029827
0.401000, 42287177.439514
0.402000, 42329464.136522
0.403000, 42371750.833529
0.404000, 42413201.148451
0.405000, 42454651.463374
0.406000, 42495263.759823
0.407000, 42535876.056272
0.408000, 42575648.730945
0.409000, 42615421.405617
0.410000, 42654352.888356
0.411000, 42693284.371095
0.412000, 42731373.124951
0.413000, 42769461.878808
0.414000, 42806706.400103
0.415000, 42843950.921399
0.416000, 42880349.739783
0.417000, 42916748.558168
0.418000, 42952300.236679
0.419000, 42987851.915189
0.420000, 43022555.050307
0.421000, 43057258.185424
0.422000, 43091111.407128
0.423000, 43124964.628831
0.424000, 43157966.600654
0.425000, 43190968.572477
0.426000, 43223117.991558
0.427000, 43255267.410638
0.428000, 43286563.007773
0.429000, 43317858.604907
0.430000, 43348299.144599
0.431000, 43378739.684290
0.432000, 43408323.964799
0.433000, 43437908.245307
0.434000, 43466635.098695
0.435000, 43495361.952084
0.436000, 43523230.244265
0.437000, 43551098.536447
0.438000, 43578107.167229
0.439000, 43605115.798011
0.440000, 43631263.701139
0.441000, 43657411.604267
0.442000, 43682697.747467
0.443000, 43707983.890667
0.444000, 43732407.275685
0.445000, 43756830.660702
0.446000, 43780390.323345
0.447000, 43803949.985987
0.448000, 43826644.996159
0.449000, 43849340.006331
0.450000, 43871169.468073
0.451000, 43892998.929814
0.452000, 43913961.981335
0.453000, 43934925.032856
0.454000, 43955020.846571
0.455000, 43975116.660286
0.456000, 43994344.442846
0.457000, 44013572.225407
0.458000, 44031931.217734
0.459000, 44050290.210061
0.460000, 44067779.687372
0.461000, 44085269.164683
0.462000, 44101888.436524
0.463000, 44118507.708365
0.464000, 44134256.118635
0.465000, 44150004.528905
0.466000, 44164881.455885
0.467000, 44179758.382864
0.468000, 44193763.239237
0.469000, 44207768.095609
0.470000, 44220900.328488
0.471000, 44234032.561366
0.472000, 44246291.652312
0.473000, 44258550.743258
0.474000, 44269936.208304
0.475000, 44281321.673350
0.476000, 44291833.063017
0.477000, 44302344.452684
0.478000, 44311981.352000
0.479000, 44321618.251316
0.480000, 44330380.279833
0.481000, 44339142.308351
0.482000, 44347029.120159
0.483000, 44354915.931968
0.484000, 44361927.215710
0.485000, 44368938.499452
0.486000, 44375073.978334
0.487000, 44381209.457216
0.488000, 44386468.889019
0.489000, 44391728.320823
0.490000, 44396111.497915
0.491000, 44400494.675007
0.492000, 44404001.424347
0.493000, 44407508.173687
0.494000, 44410138.356835
0.495000, 44412768.539982
0.496000, 44414522.053102
0.497000, 44416275.566222
0.498000, 44417152.340089
0.499000, 44418029.113956
0.500000, 44418029.113956
0.501000, 44418029.113956
0.502000, 44417152.340089
0.503000, 44416275.566222
0.504000, 44414522.053102
0.505000, 44412768.539982
0.506000, 44410138.356835
0.507000, 44407508.173687
0.508000, 44404001.424347
0.509000, 44400494.675007
0.510000, 44396111.497915
0.511000, 44391728.320823
0.512000, 44386468.889019
0.513000, 44381209.457216
0.514000, 44375073.978334
0.515000, 44368938.499452
0.516000, 44361927.215710
0.517000, 44354915.931968
0.518000, 44347029.120159
0.519000, 44339142.308351
0.520000, 44330380.279833
0.521000, 44321618.251316
0.522000, 44311981.352000
0.523000, 44302344.452684
0.524000, 44291833.063017
0.525000, 44281321.673350
0.526000, 44269936.208304
0.527000, 44258550.743258
0.528000, 44246291.652312
0.529000, 44234032.561366
0.530000, 44220900.328488
0.531000, 44207768.095609
0.532000, 44193763.239237
0.533000, 44179758.382864
0.534000, 44164881.455885
0.535000, 44150004.528905
0.536000, 44134256.118635
0.537000, 44118507.708365
0.538000, 44101888.436524
0.539000, 44085269.164683
0.540000, 44067779.687372
0.541000, 44050290.210061
0.542000, 44031931.217734
0.543000, 44013572.225407
0.544000, 43994344.442846
0.545000, 43975116.660286
0.546000, 43955020.846571
0.547000, 43934925.032856
0.548000, 43913961.981335
0.549000, 43892998.929814
0.550000, 43871169.468073
0.551000, 43849340.006331
0.552000, 43826644.996159
0.553000, 43803949.985987
0.554000, 43780390.323345
0.555000, 43756830.660702
0.556000, 43732407.275685
0.557000, 43707983.890667
0.558000, 43682697.747467
0.559000, 43657411.604267
0.560000, 43631263.701139
0.561000, 43605115.798011
0.562000, 43578107.167229
0.563000, 43551098.536447
0.564000, 43523230.244265
0.565000, 43495361.952084
0.566000, 43466635.098695
0.567000, 43437908.245307
0.568000, 43408323.964799
0.569000, 43378739.684290
0.570000, 43348299.144599
0.571000, 43317858.604907
0.572000, 43286563.007773
0.573000, 43255267.410638
0.574000, 43223117.991558
0.575000, 43190968.572477
0.576000, 43157966.600654
0.577000, 43124964.628831
0.578000, 43091111.407128
0.579000, 43057258.185424
0.580000, 43022555.050307
0.581000, 42987851.915189
0.582000, 42952300.236679
0.583000, 42916748.558168
0.584000, 42880349.739783
0.585000, 42843950.921399
0.586000, 42806706.400103
0.587000, 42769461.878808
0.588000, 42731373.124951
0.589000, 42693284.371095
0.590000, 42654352.888356
0.591000, 42615421.405617
0.592000, 42575648.730945
0.593000, 42535876.056272
0.594000, 42495263.759823
0.595000, 42454651.463374
0.596000, 42413201.148451
0.597000, 42371750.833529
0.598000, 42329464.136522
0.599000, 42287177.439514
0.600000, 42244056.029827
0.601000, 42200934.620141
0.602000, 42156980.200134
0.603000, 42113025.780128
0.604000, 42068240.085047
0.605000, 42023454.389967
0.606000, 41977839.187874
0.607000, 41932223.985782
0.608000, 41885781.077488
0.609000, 41839338.169193
0.610000, 41792069.388184
0.611000, 41744800.607174
0.612000, 41696707.819540
0.613000, 41648615.031906
0.614000, 41599700.136268
0.615000, 41550785.240630
0.616000, 41501050.168065
0.617000, 41451315.095499
0.618000, 41400761.809462
0.619000, 41350208.523424
0.620000, 41298839.019672
0.621000, 41247469.515920
0.622000, 41195285.822433
0.623000, 41143102.128946
0.624000, 41090106.305847
0.625000, 41037110.482748
0.626000, 40983304.622222
0.627000, 40929498.761696
0.628000, 40874884.987905
0.629000, 40820271.214114
0.630000, 40764851.683117
0.631000, 40709432.152121
0.632000, 40653209.051786
0.633000, 40596985.951452
0.634000, 40539961.501371
0.635000, 40482937.051290
0.636000, 40425113.502691
0.637000, 40367289.954092
0.638000, 40308669.589750
0.639000, 40250049.225407
0.640000, 40190634.359552
0.641000, 40131219.493697
0.642000, 40071012.471927
0.643000, 40010805.450157
0.644000, 39949808.649342
0.645000, 39888811.848527
0.646000, 39827027.676717
0.647000, 39765243.504907
0.648000, 39702674.401234
0.649000, 39640105.297561
0.650000, 39576753.732147
0.651000, 39513402.166733
0.652000, 39449270.640590
0.653000, 39385139.114446
0.654000, 39320230.159375
0.655000, 39255321.204304
0.656000, 39189637.382801
0.657000, 39123953.561297
0.658000, 39057497.466446
0.659000, 38991041.371595
0.660000, 38923815.626969
0.661000, 38856589.882342
0.662000, 38788597.141898
0.663000, 38720604.401454
0.664000, 38651847.349430
0.665000, 38583090.297405
0.666000, 38513571.648210
0.667000, 38444052.999016
0.668000, 38373775.497128
0.669000, 38303497.995240
0.670000, 38232464.415095
0.671000, 38161430.834951
0.672000, 38089643.980832
0.673000, 38017857.126714
0.674000, 37945319.832645
0.675000, 37872782.538575
0.676000, 37799497.668203
0.677000, 37726212.797830
0.678000, 37652183.244316
0.679000, 37578153.690802
0.680000, 37503382.376706
0.681000, 37428611.062610
0.682000, 37353100.939775
0.683000, 37277590.816941
0.684000, 37201344.866379
0.685000, 37125098.915816
0.686000, 37048120.147585
0.687000, 36971141.379355
0.688000, 36893432.832445
0.689000, 36815724.285536
0.690000, 36737289.027749
0.691000, 36658853.769961
0.692000, 36579694.897786
0.693000, 36500536.025610
0.694000, 36420656.664102
0.695000, 36340777.302595
0.696000, 36260180.605256
0.697000, 36179583.907917
0.698000, 36098273.056567
0.699000, 36016962.205217
0.700000, 35934940.409868
0.701000, 35852918.614519
0.702000, 35770189.113252
0.703000, 35687459.611984
0.704000, 35604025.670818
0.705000, 35520591.729651
0.706000, 35436456.642414
0.707000, 35352321.555177
0.708000, 35267488.643379
0.709000, 35182655.731581
0.710000, 35097128.344280
0.711000, 35011600.956979
0.712000, 34925382.470650
0.713000, 34839163.984321
0.714000, 34752257.802722
0.715000, 34665351.621123
0.716000, 34577761.175161
0.717000, 34490170.729199
0.718000, 34401899.476795
0.719000, 34313628.224392
0.720000, 34224679.650344
0.721000, 34135731.076297
0.722000, 34046108.692142
0.723000, 33956486.307988
0.724000, 33866193.651866
0.725000, 33775900.995743
0.726000, 33684941.632252
0.727000, 33593982.268760
0.728000, 33502359.788820
0.729000, 33410737.308880
0.730000, 33318455.329589
0.731000, 33226173.350298
0.732000, 33133235.514792
0.733000, 33040297.679285
0.734000, 32946707.656590
0.735000, 32853117.633894
0.736000, 32758879.118783
0.737000, 32664640.603672
0.738000, 32569757.316521
0.739000, 32474874.029370
0.740000, 32379349.716009
0.741000, 32283825.402648
0.742000, 32187663.834212
0.743000, 32091502.265777
0.744000, 31994707.238561
0.745000, 31897912.211346
0.746000, 31800487.546652
0.747000, 31703062.881959
0.748000, 31605012.425946
0.749000, 31506961.969933
0.750000, 31408289.593466
0.751000, 31309617.216998
0.752000, 31210326.815492
0.753000, 31111036.413985
0.754000, 31011131.907256
0.755000, 30911227.400526
0.756000, 30810712.732632
0.757000, 30710198.064737
0.758000, 30609077.203825
0.759000, 30507956.342913
0.760000, 30406233.281062
0.761000, 30304510.219211
0.762000, 30202188.972273
0.763000, 30099867.725334
0.764000, 29996952.332777
0.765000, 29894036.940219
0.766000, 29790531.464966
0.767000, 29687025.989713
0.768000, 29582934.517983
0.769000, 29478843.046253
0.770000, 29374169.687399
0.771000, 29269496.328545
0.772000, 29164245.214892
0.773000, 29058994.101239
0.774000, 28953169.387921
0.775000, 28847344.674604
0.776000, 28740950.539399
0.777000, 28634556.404195
0.778000, 28527597.047362
0.779000, 28420637.690529
0.780000, 28313117.334640
0.781000, 28205596.978752
0.782000, 28097519.868526
0.783000, 27989442.758301
0.784000, 27880813.160438
0.785000, 27772183.562576
0.786000, 27663005.765586
0.787000, 27553827.968597
0.788000, 27444106.282634
0.789000, 27334384.596670
0.790000, 27224123.353357
0.791000, 27113862.110043
0.792000, 27003065.662305
0.793000, 26892269.214566
0.794000, 26780941.936457
0.795000, 26669614.658348
0.796000, 26557760.944878
0.797000, 26445907.231408
0.798000, 26333531.498371
0.799000, 26221155.765334
0.800000, 26108262.449131
0.801000, 25995369.132928
0.802000, 25881962.690394
0.803000, 25768556.247860
0.804000, 25654641.156086
0.805000, 25540726.064313
0.806000, 25426306.820474
0.807000, 25311887.576635
0.808000, 25196968.697805
0.809000, 25082049.818976
0.810000, 24966635.841957
0.811000, 24851221.864937
0.812000, 24735317.346074
0.813000, 24619412.827211
0.814000, 24503022.342217
0.815000, 24386631.857222
0.816000, 24269760.000993
0.817000, 24152888.144764
0.818000, 24035539.531202
0.819000, 23918190.917639
0.820000, 23800370.179464
0.821000, 23682549.441290
0.822000, 23564261.229865
0.823000, 23445973.018440
0.824000, 23327222.003581
0.825000, 23208470.988722
0.826000, 23089261.858515
0.827000, 22970052.728308
0.828000, 22850390.188926
0.829000, 22730727.649544
0.830000, 22610616.425058
0.831000, 22490505.200573
0.832000, 22369950.032770
0.833000, 22249394.864967
0.834000, 22128400.513157
0.835000, 22007406.161348
0.836000, 21885977.402183
0.837000, 21764548.643017
0.838000, 21642690.270295
0.839000, 21520831.897572
0.840000, 21398548.722053
0.841000, 21276265.546534
0.842000, 21153562.395748
0.843000, 21030859.244963
0.844000, 20907740.963021
0.845000, 20784622.681079
0.846000, 20661094.128480
0.847000, 20537565.575881
0.848000, 20413631.629320
0.849000, 20289697.682759
0.850000, 20165363.234937
0.851000, 20041028.787115
0.852000, 19916298.746543
0.853000, 19791568.705970
0.854000, 19666447.996776
0.855000, 19541327.287581
0.856000, 19415820.849316
0.857000, 19290314.411051
0.858000, 19164427.198495
0.859000, 19038539.985938
0.860000, 18912276.968902
0.861000, 18786013.951866
0.862000, 18659380.114998
0.863000, 18532746.278130
0.864000, 18405746.620717
0.865000, 18278746.963304
0.866000, 18151386.499074
0.867000, 18024026.034845
0.868000, 17896309.791773
0.869000, 17768593.548702
0.870000, 17640526.568805
0.871000, 17512459.588909
0.872000, 17384046.928054
0.873000, 17255634.267198
0.874000, 17126880.994895
0.875000, 16998127.722593
0.876000, 16869038.921801
0.877000, 16739950.121010
0.878000, 16610530.887935
0.879000, 16481111.654860
0.880000, 16351367.098751
0.881000, 16221622.542642
0.882000, 16091557.785592
0.883000, 15961493.028542
0.884000, 15831113.205285
0.885000, 15700733.382028
0.886000, 15570043.639736
0.887000, 15439353.897444
0.888000, 15308359.395524
0.889000, 15177364.893604
0.890000, 15046070.803495
0.891000, 14914776.713386
0.892000, 14783188.218354
0.893000, 14651599.723322
0.894000, 14519722.018255
0.895000, 14387844.313188
0.896000, 14255682.604392
0.897000, 14123520.895596
0.898000, 13991080.400590
0.899000, 13858639.905583
0.900000, 13725925.852890
0.901000, 13593211.800196
0.902000, 13460229.429140
0.903000, 13327247.058083
0.904000, 13194001.618579
0.905000, 13060756.179076
0.906000, 12927252.931427
0.907000, 12793749.683778
0.908000, 12659993.898464
0.909000, 12526238.113149
0.910000, 12392235.070619
0.911000, 12258232.028088
0.912000, 12123987.018552
0.913000, 11989742.009016
0.914000, 11855260.332237
0.915000, 11720778.655459
0.916000, 11586065.620544
0.917000, 11451352.585630
0.918000, 11316413.510819
0.919000, 11181474.436008
0.920000, 11046314.648465
0.921000, 10911154.860922
0.922000, 10775779.696523
0.923000, 10640404.532125
0.924000, 10504819.335250
0.925000, 10369234.138376
0.926000, 10233444.261697
0.927000, 10097654.385018
0.928000, 9961665.189286
0.929000, 9825675.993555
0.930000, 9689492.847391
0.931000, 9553309.701228
0.932000, 9416937.980910
0.933000, 9280566.260592
0.934000, 9144011.349841
0.935000, 9007456.439090
0.936000, 8870723.728861
0.937000, 8733991.018632
0.938000, 8597085.906898
0.939000, 8460180.795164
0.940000, 8323108.686704
0.941000, 8186036.578243
0.942000, 8048802.884430
0.943000, 7911569.190616
0.944000, 7774179.329199
0.945000, 7636789.467783
0.946000, 7499248.862681
0.947000, 7361708.257579
0.948000, 7224022.338658
0.949000, 7086336.419738
0.950000, 6948510.622603
0.951000, 6810684.825468
0.952000, 6672724.591246
0.953000, 6534764.357024
0.954000, 6396675.132148
0.955000, 6258585.907272
0.956000, 6120373.143268
0.957000, 5982160.379265
0.958000, 5843829.532537
0.959000, 5705498.685809
0.960000, 5567055.217422
0.961000, 5428611.749034
0.962000, 5290061.124499
0.963000, 5151510.499963
0.964000, 5012858.189021
0.965000, 4874205.878078
0.966000, 4735457.354485
0.967000, 4596708.830891
0.968000, 4457869.572201
0.969000, 4319030.313510
0.970000, 4180105.800859
0.971000, 4041181.288208
0.972000, 3902177.006098
0.973000, 3763172.723988
0.974000, 3624094.160070
0.975000, 3485015.596153
0.976000, 3345868.241011
0.977000, 3206720.885869
0.978000, 3067510.232802
0.979000, 2928299.579735
0.980000, 2789031.124542
0.981000, 2649762.669348
0.982000, 2510441.910108
0.983000, 2371121.150868
0.984000, 2231753.587726
0.985000, 2092386.024585
0.986000, 1952977.159534
0.987000, 1813568.294484
0.988000, 1674123.631148
0.989000, 1534678.967813
0.990000, 1395204.011228
0.991000, 1255729.054643
0.992000, 1116229.311042
0.993000, 976729.567441
0.994000, 837210.544034
0.995000, 697691.520627
0.996000, 558158.725388
0.997000, 418625.930148
0.998000, 279084.871590
0.999000, 139543.813033
1.000000, 0.000000
