0.000000, 0.000000
0.001000, 51.958088
0.002000, 103.915150
0.003000, 155.872213
0.004000, 207.826198
0.005000, 259.780184
0.006000, 311.729042
0.007000, 363.677900
0.008000, 415.619579
0.009000, 467.561258
0.010000, 519.493708
0.011000, 571.426158
0.012000, 623.347328
0.013000, 675.268498
0.014000, 727.176340
0.015000, 779.084181
0.016000, 830.976643
0.017000, 882.869106
0.018000, 934.744142
0.019000, 986.619177
0.020000, 1038.474738
0.021000, 1090.330299
0.022000, 1142.164337
0.023000, 1193.998375
0.024000, 1245.808845
0.025000, 1297.619315
0.026000, 1349.404171
0.027000, 1401.189027
0.028000, 1452.946225
0.029000, 1504.703423
0.030000, 1556.430919
0.031000, 1608.158415
0.032000, 1659.854168
0.033000, 1711.549920
0.034000, 1763.211888
0.035000, 1814.873856
0.036000, 1866.500000
0.037000, 1918.126144
0.038000, 1969.714426
0.039000, 2021.302708
0.040000, 2072.851091
0.041000, 2124.399474
0.042000, 2175.905923
0.043000, 2227.412372
0.044000, 2278.874854
0.045000, 2330.337336
0.046000, 2381.753819
0.047000, 2433.170302
0.048000, 2484.538756
0.049000, 2535.907211
0.050000, 2587.225608
0.051000, 2638.544006
0.052000, 2689.810321
0.053000, 2741.076636
0.054000, 2792.288845
0.055000, 2843.501054
0.056000, 2894.657134
0.057000, 2945.813214
0.058000, 2996.911147
0.059000, 3048.009079
0.060000, 3099.046847
0.061000, 3150.084614
0.062000, 3201.060202
0.063000, 3252.035789
0.064000, 3302.947184
0.065000, 3353.858579
0.066000, 3404.703772
0.067000, 3455.548965
0.068000, 3506.325948
0.069000, 3557.102931
0.070000, 3607.809700
0.071000, 3658.516469
0.072000, 3709.151022
0.073000, 3759.785575
0.074000, 3810.345914
0.075000, 3860.906252
0.076000, 3911.390379
0.077000, 3961.874506
0.078000, 4012.280429
0.079000, 4062.686352
0.080000, 4113.012081
0.081000, 4163.337810
0.082000, 4213.581359
0.083000, 4263.824907
0.084000, 4313.984291
0.085000, 4364.143675
0.086000, 4414.216915
0.087000, 4464.290155
0.088000, 4514.275273
0.089000, 4564.260392
0.090000, 4614.155416
0.091000, 4664.050439
0.092000, 4713.853399
0.093000, 4763.656358
0.094000, 4813.365287
0.095000, 4863.074216
0.096000, 4912.687153
0.097000, 4962.300089
0.098000, 5011.815073
0.099000, 5061.330058
0.100000, 5110.745136
0.101000, 5160.160214
0.102000, 5209.473435
0.103000, 5258.786656
0.104000, 5307.996073
0.105000, 5357.205490
0.106000, 5406.309161
0.107000, 5455.412831
0.108000, 5504.408816
0.109000, 5553.404802
0.110000, 5602.291168
0.111000, 5651.177533
0.112000, 5699.952350
0.113000, 5748.727166
0.114000, 5797.388508
0.115000, 5846.049849
0.116000, 5894.595794
0.117000, 5943.141740
0.118000, 5991.570373
0.119000, 6039.999006
0.120000, 6088.308414
0.121000, 6136.617823
0.122000, 6184.806100
0.123000, 6232.994377
0.124000, 6281.059620
0.125000, 6329.124862
0.126000, 6377.065174
0.127000, 6425.005485
0.128000, 6472.818973
0.129000, 6520.632460
0.130000, 6568.317236
0.131000, 6616.002011
0.132000, 6663.556193
0.133000, 6711.110374
0.134000, 6758.532084
0.135000, 6805.953794
0.136000, 6853.241160
0.137000, 6900.528526
0.138000, 6947.679682
0.139000, 6994.830837
0.140000, 7041.843921
0.141000, 7088.857005
0.142000, 7135.730160
0.143000, 7182.603316
0.144000, 7229.334693
0.145000, 7276.066070
0.146000, 7322.653824
0.147000, 7369.241578
0.148000, 7415.683870
0.149000, 7462.126161
0.150000, 7508.421156
0.151000, 7554.716152
0.152000, 7600.862024
0.153000, 7647.007895
0.154000, 7693.002822
0.155000, 7738.997748
0.156000, 7784.839913
0.157000, 7830.682079
0.158000, 7876.369673
0.159000, 7922.057267
0.160000, 7967.588487
0.161000, 8013.119706
0.162000, 8058.492754
0.163000, 8103.865801
0.164000, 8149.078885
0.165000, 8194.291970
0.166000, 8239.343305
0.167000, 8284.394641
0.168000, 8329.282450
0.169000, 8374.170259
0.170000, 8418.892769
0.171000, 8463.615279
0.172000, 8508.170725
0.173000, 8552.726170
0.174000, 8597.112792
0.175000, 8641.499414
0.176000, 8685.715460
0.177000, 8729.931506
0.178000, 8773.975231
0.179000, 8818.018956
0.180000, 8861.888621
0.181000, 8905.758285
0.182000, 8949.452158
0.183000, 8993.146031
0.184000, 9036.662386
0.185000, 9080.178742
0.186000, 9123.515863
0.187000, 9166.852983
0.188000, 9210.009158
0.189000, 9253.165333
0.190000, 9296.138858
0.191000, 9339.112384
0.192000, 9381.901563
0.193000, 9424.690742
0.194000, 9467.293886
0.195000, 9509.897030
0.196000, 9552.312456
0.197000, 9594.727883
0.198000, 9636.953918
0.199000, 9679.179953
0.200000, 9721.214929
0.201000, 9763.249905
0.202000, 9805.092163
0.203000, 9846.934421
0.204000, 9888.582309
0.205000, 9930.230197
0.206000, 9971.682071
0.207000, 10013.133945
0.208000, 10054.388168
0.209000, 10095.642391
0.210000, 10136.697334
0.211000, 10177.752278
0.212000, 10218.606322
0.213000, 10259.460365
0.214000, 10300.111896
0.215000, 10340.763426
0.216000, 10381.210839
0.217000, 10421.658252
0.218000, 10461.899950
0.219000, 10502.141648
0.220000, 10542.176043
0.221000, 10582.210438
0.222000, 10622.035949
0.223000, 10661.861460
0.224000, 10701.476515
0.225000, 10741.091571
0.226000, 10780.494606
0.227000, 10819.897641
0.228000, 10859.087100
0.229000, 10898.276560
0.230000, 10937.250897
0.231000, 10976.225234
0.232000, 11014.982910
0.233000, 11053.740585
0.234000, 11092.280070
0.235000, 11130.819554
0.236000, 11169.139326
0.237000, 11207.459097
0.238000, 11245.557643
0.239000, 11283.656189
0.240000, 11321.532005
0.241000, 11359.407821
0.242000, 11397.059412
0.243000, 11434.711003
0.244000, 11472.136883
0.245000, 11509.562763
0.246000, 11546.761453
0.247000, 11583.960144
0.248000, 11620.930178
0.249000, 11657.900211
0.250000, 11694.640127
0.251000, 11731.380044
0.252000, 11767.888393
0.253000, 11804.396742
0.254000, 11840.672082
0.255000, 11876.947422
0.256000, 11912.988322
0.257000, 11949.029221
0.258000, 11984.834257
0.259000, 12020.639293
0.260000, 12056.207052
0.261000, 12091.774811
0.262000, 12127.103888
0.263000, 12162.432966
0.264000, 12197.521967
0.265000, 12232.610969
0.266000, 12267.458509
0.267000, 12302.306049
0.268000, 12336.910752
0.269000, 12371.515456
0.270000, 12405.875956
0.271000, 12440.236456
0.272000, 12474.351396
0.273000, 12508.466337
0.274000, 12542.334371
0.275000, 12576.202405
0.276000, 12609.822196
0.277000, 12643.441986
0.278000, 12676.812206
0.279000, 12710.182426
0.280000, 12743.301758
0.281000, 12776.421089
0.282000, 12809.288226
0.283000, 12842.155362
0.284000, 12874.769005
0.285000, 12907.382648
0.286000, 12939.741510
0.287000, 12972.100372
0.288000, 13004.203177
0.289000, 13036.305981
0.290000, 13068.151459
0.291000, 13099.996938
0.292000, 13131.583834
0.293000, 13163.170730
0.294000, 13194.497796
0.295000, 13225.824862
0.296000, 13256.890862
0.297000, 13287.956862
0.298000, 13318.760569
0.299000, 13349.564275
0.300000, 13380.104473
0.301000, 13410.644671
0.302000, 13440.920154
0.303000, 13471.195638
0.304000, 13501.205211
0.305000, 13531.214784
0.306000, 13560.957263
0.307000, 13590.699742
0.308000, 13620.173952
0.309000, 13649.648162
0.310000, 13678.852940
0.311000, 13708.057717
0.312000, 13736.991909
0.313000, 13765.926102
0.314000, 13794.588566
0.315000, 13823.251031
0.316000, 13851.640637
0.317000, 13880.030242
0.318000, 13908.145868
0.319000, 13936.261494
0.320000, 13964.102029
0.321000, 13991.942565
0.322000, 14019.506912
0.323000, 14047.071259
0.324000, 14074.358328
0.325000, 14101.645398
0.326000, 14128.654113
0.327000, 14155.662829
0.328000, 14182.392123
0.329000, 14209.121418
0.330000, 14235.570236
0.331000, 14262.019055
0.332000, 14288.186354
0.333000, 14314.353652
0.334000, 14340.238398
0.335000, 14366.123144
0.336000, 14391.724314
0.337000, 14417.325485
0.338000, 14442.642070
0.339000, 14467.958655
0.340000, 14492.989654
0.341000, 14518.020654
0.342000, 14542.765081
0.343000, 14567.509507
0.344000, 14591.966384
0.345000, 14616.423260
0.346000, 14640.591621
0.347000, 14664.759981
0.348000, 14688.638872
0.349000, 14712.517763
0.350000, 14736.106241
0.351000, 14759.694720
0.352000, 14782.991854
0.353000, 14806.288989
0.354000, 14829.293860
0.355000, 14852.298731
0.356000, 14875.010431
0.357000, 14897.722130
0.358000, 14920.139761
0.359000, 14942.557392
0.360000, 14964.680070
0.361000, 14986.802748
0.362000, 15008.629600
0.363000, 15030.456451
0.364000, 15051.986614
0.365000, 15073.516777
0.366000, 15094.749401
0.367000, 15115.982026
0.368000, 15136.916274
0.369000, 15157.850522
0.370000, 15178.485567
0.371000, 15199.120612
0.372000, 15219.455639
0.373000, 15239.790667
0.374000, 15259.824874
0.375000, 15279.859081
0.376000, 15299.591677
0.377000, 15319.324272
0.378000, 15338.754478
0.379000, 15358.184683
0.380000, 15377.311731
0.381000, 15396.438779
0.382000, 15415.261914
0.383000, 15434.085050
0.384000, 15452.603529
0.385000, 15471.122009
0.386000, 15489.335102
0.387000, 15507.548195
0.388000, 15525.455183
0.389000, 15543.362170
0.390000, 15560.962345
0.391000, 15578.562519
0.392000, 15595.855186
0.393000, 15613.147854
0.394000, 15630.132331
0.395000, 15647.116808
0.396000, 15663.792424
0.397000, 15680.468040
0.398000, 15696.834138
0.399000, 15713.200235
0.400000, 15729.256167
0.401000, 15745.312099
0.402000, 15761.057233
0.403000, 15776.802366
0.404000, 15792.236078
0.405000, 15807.669791
0.406000, 15822.791474
0.407000, 15837.913157
0.408000, 15852.722212
0.409000, 15867.531268
0.410000, 15882.027113
0.411000, 15896.522957
0.412000, 15910.705018
0.413000, 15924.887079
0.414000, 15938.754796
0.415000, 15952.622513
0.416000, 15966.175339
0.417000, 15979.728165
0.418000, 15992.965564
0.419000, 16006.202964
0.420000, 16019.124415
0.421000, 16032.045866
0.422000, 16044.650859
0.423000, 16057.255851
0.424000, 16069.543886
0.425000, 16081.831922
0.426000, 16093.802516
0.427000, 16105.773110
0.428000, 16117.425790
0.429000, 16129.078470
0.430000, 16140.412776
0.431000, 16151.747082
0.432000, 16162.762566
0.433000, 16173.778050
0.434000, 16184.474277
0.435000, 16195.170505
0.436000, 16205.547054
0.437000, 16215.923602
0.438000, 16225.980063
0.439000, 16236.036523
0.440000, 16245.772498
0.441000, 16255.508473
0.442000, 16264.923578
0.443000, 16274.338683
0.444000, 16283.432546
0.445000, 16292.526410
0.446000, 16301.298673
0.447000, 16310.070936
0.448000, 16318.521252
0.449000, 16326.971568
0.450000, 16335.099604
0.451000, 16343.227639
0.452000, 16351.033074
0.453000, 16358.838508
0.454000, 16366.321033
0.455000, 16373.803558
0.456000, 16380.962878
0.457000, 16388.122198
0.458000, 16394.958031
0.459000, 16401.793863
0.460000, 16408.305938
0.461000, 16414.818014
0.462000, 16421.006074
0.463000, 16427.194135
0.464000, 16433.057937
0.465000, 16438.921739
0.466000, 16444.461051
0.467000, 16450.000363
0.468000, 16455.214965
0.469000, 16460.429568
0.470000, 16465.319256
0.471000, 16470.208944
0.472000, 16474.773524
0.473000, 16479.338105
0.474000, 16483.577397
0.475000, 16487.816689
0.476000, 16491.730526
0.477000, 16495.644363
0.478000, 16499.232589
0.479000, 16502.820816
0.480000, 16506.083292
0.481000, 16509.345767
0.482000, 16512.282362
0.483000, 16515.218957
0.484000, 16517.829556
0.485000, 16520.440154
0.486000, 16522.724654
0.487000, 16525.009153
0.488000, 16526.967463
0.489000, 16528.925773
0.490000, 16530.557816
0.491000, 16532.189859
0.492000, 16533.495570
0.493000, 16534.801282
0.494000, 16535.780611
0.495000, 16536.759940
0.496000, 16537.412847
0.497000, 16538.065755
0.498000, 16538.392215
0.499000, 16538.718675
0.500000, 16538.718675
0.501000, 16538.718675
0.502000, 16538.392215
0.503000, 16538.065755
0.504000, 16537.412847
0.505000, 16536.759940
0.506000, 16535.780611
0.507000, 16534.801282
0.508000, 16533.495570
0.509000, 16532.189859
0.510000, 16530.557816
0.511000, 16528.925773
0.512000, 16526.967463
0.513000, 16525.009153
0.514000, 16522.724654
0.515000, 16520.440154
0.516000, 16517.829556
0.517000, 16515.218957
0.518000, 16512.282362
0.519000, 16509.345767
0.520000, 16506.083292
0.521000, 16502.820816
0.522000, 16499.232589
0.523000, 16495.644363
0.524000, 16491.730526
0.525000, 16487.816689
0.526000, 16483.577397
0.527000, 16479.338105
0.528000, 16474.773524
0.529000, 16470.208944
0.530000, 16465.319256
0.531000, 16460.429568
0.532000, 16455.214965
0.533000, 16450.000363
0.534000, 16444.461051
0.535000, 16438.921739
0.536000, 16433.057937
0.537000, 16427.194135
0.538000, 16421.006074
0.539000, 16414.818014
0.540000, 16408.305938
0.541000, 16401.793863
0.542000, 16394.958031
0.543000, 16388.122198
0.544000, 16380.962878
0.545000, 16373.803558
0.546000, 16366.321033
0.547000, 16358.838508
0.548000, 16351.033074
0.549000, 16343.227639
0.550000, 16335.099604
0.551000, 16326.971568
0.552000, 16318.521252
0.553000, 16310.070936
0.554000, 16301.298673
0.555000, 16292.526410
0.556000, 16283.432546
0.557000, 16274.338683
0.558000, 16264.923578
0.559000, 16255.508473
0.560000, 16245.772498
0.561000, 16236.036523
0.562000, 16225.980063
0.563000, 16215.923602
0.564000, 16205.547054
0.565000, 16195.170505
0.566000, 16184.474277
0.567000, 16173.778050
0.568000, 16162.762566
0.569000, 16151.747082
0.570000, 16140.412776
0.571000, 16129.078470
0.572000, 16117.425790
0.573000, 16105.773110
0.574000, 16093.802516
0.575000, 16081.831922
0.576000, 16069.543886
0.577000, 16057.255851
0.578000, 16044.650859
0.579000, 16032.045866
0.580000, 16019.124415
0.581000, 16006.202964
0.582000, 15992.965564
0.583000, 15979.728165
0.584000, 15966.175339
0.585000, 15952.622513
0.586000, 15938.754796
0.587000, 15924.887079
0.588000, 15910.705018
0.589000, 15896.522957
0.590000, 15882.027113
0.591000, 15867.531268
0.592000, 15852.722212
0.593000, 15837.913157
0.594000, 15822.791474
0.595000, 15807.669791
0.596000, 15792.236078
0.597000, 15776.802366
0.598000, 15761.057233
0.599000, 15745.312099
0.600000, 15729.256167
0.601000, 15713.200235
0.602000, 15696.834138
0.603000, 15680.468040
0.604000, 15663.792424
0.605000, 15647.116808
0.606000, 15630.132331
0.607000, 15613.147854
0.608000, 15595.855186
0.609000, 15578.562519
0.610000, 15560.962345
0.611000, 15543.362170
0.612000, 15525.455183
0.613000, 15507.548195
0.614000, 15489.335102
0.615000, 15471.122009
0.616000, 15452.603529
0.617000, 15434.085050
0.618000, 15415.261914
0.619000, 15396.438779
0.620000, 15377.311731
0.621000, 15358.184683
0.622000, 15338.754478
0.623000, 15319.324272
0.624000, 15299.591677
0.625000, 15279.859081
0.626000, 15259.824874
0.627000, 15239.790667
0.628000, 15219.455639
0.629000, 15199.120612
0.630000, 15178.485567
0.631000, 15157.850522
0.632000, 15136.916274
0.633000, 15115.982026
0.634000, 15094.749401
0.635000, 15073.516777
0.636000, 15051.986614
0.637000, 15030.456451
0.638000, 15008.629600
0.639000, 14986.802748
0.640000, 14964.680070
0.641000, 14942.557392
0.642000, 14920.139761
0.643000, 14897.722130
0.644000, 14875.010431
0.645000, 14852.298731
0.646000, 14829.293860
0.647000, 14806.288989
0.648000, 14782.991854
0.649000, 14759.694720
0.650000, 14736.106241
0.651000, 14712.517763
0.652000, 14688.638872
0.653000, 14664.759981
0.654000, 14640.591621
0.655000, 14616.423260
0.656000, 14591.966384
0.657000, 14567.509507
0.658000, 14542.765081
0.659000, 14518.020654
0.660000, 14492.989654
0.661000, 14467.958655
0.662000, 14442.642070
0.663000, 14417.325485
0.664000, 14391.724314
0.665000, 14366.123144
0.666000, 14340.238398
0.667000, 14314.353652
0.668000, 14288.186354
0.669000, 14262.019055
0.670000, 14235.570236
0.671000, 14209.121418
0.672000, 14182.392123
0.673000, 14155.662829
0.674000, 14128.654113
0.675000, 14101.645398
0.676000, 14074.358328
0.677000, 14047.071259
0.678000, 14019.506912
0.679000, 13991.942565
0.680000, 13964.102029
0.681000, 13936.261494
0.682000, 13908.145868
0.683000, 13880.030242
0.684000, 13851.640637
0.685000, 13823.251031
0.686000, 13794.588566
0.687000, 13765.926102
0.688000, 13736.991909
0.689000, 13708.057717
0.690000, 13678.852940
0.691000, 13649.648162
0.692000, 13620.173952
0.693000, 13590.699742
0.694000, 13560.957263
0.695000, 13531.214784
0.696000, 13501.205211
0.697000, 13471.195638
0.698000, 13440.920154
0.699000, 13410.644671
0.700000, 13380.104473
0.701000, 13349.564275
0.702000, 13318.760569
0.703000, 13287.956862
0.704000, 13256.890862
0.705000, 13225.824862
0.706000, 13194.497796
0.707000, 13163.170730
0.708000, 13131.583834
0.709000, 13099.996938
0.710000, 13068.151459
0.711000, 13036.305981
0.712000, 13004.203177
0.713000, 12972.100372
0.714000, 12939.741510
0.715000, 12907.382648
0.716000, 12874.769005
0.717000, 12842.155362
0.718000, 12809.288226
0.719000, 12776.421089
0.720000, 12743.301758
0.721000, 12710.182426
0.722000, 12676.812206
0.723000, 12643.441986
0.724000, 12609.822196
0.725000, 12576.202405
0.726000, 12542.334371
0.727000, 12508.466337
0.728000, 12474.351396
0.729000, 12440.236456
0.730000, 12405.875956
0.731000, 12371.515456
0.732000, 12336.910752
0.733000, 12302.306049
0.734000, 12267.458509
0.735000, 12232.610969
0.736000, 12197.521967
0.737000, 12162.432966
0.738000, 12127.103888
0.739000, 12091.774811
0.740000, 12056.207052
0.741000, 12020.639293
0.742000, 11984.834257
0.743000, 11949.029221
0.744000, 11912.988322
0.745000, 11876.947422
0.746000, 11840.672082
0.747000, 11804.396742
0.748000, 11767.888393
0.749000, 11731.380044
0.750000, 11694.640127
0.751000, 11657.900211
0.752000, 11620.930178
0.753000, 11583.960144
0.754000, 11546.761453
0.755000, 11509.562763
0.756000, 11472.136883
0.757000, 11434.711003
0.758000, 11397.059412
0.759000, 11359.407821
0.760000, 11321.532005
0.761000, 11283.656189
0.762000, 11245.557643
0.763000, 11207.459097
0.764000, 11169.139326
0.765000, 11130.819554
0.766000, 11092.280070
0.767000, 11053.740585
0.768000, 11014.982910
0.769000, 10976.225234
0.770000, 10937.250897
0.771000, 10898.276560
0.772000, 10859.087100
0.773000, 10819.897641
0.774000, 10780.494606
0.775000, 10741.091571
0.776000, 10701.476515
0.777000, 10661.861460
0.778000, 10622.035949
0.779000, 10582.210438
0.780000, 10542.176043
0.781000, 10502.141648
0.782000, 10461.899950
0.783000, 10421.658252
0.784000, 10381.210839
0.785000, 10340.763426
0.786000, 10300.111896
0.787000, 10259.460365
0.788000, 10218.606322
0.789000, 10177.752278
0.790000, 10136.697334
0.791000, 10095.642391
0.792000, 10054.388168
0.793000, 10013.133945
0.794000, 9971.682071
0.795000, 9930.230197
0.796000, 9888.582309
0.797000, 9846.934421
0.798000, 9805.092163
0.799000, 9763.249905
0.800000, 9721.214929
0.801000, 9679.179953
0.802000, 9636.953918
0.803000, 9594.727883
0.804000, 9552.312456
0.805000, 9509.897030
0.806000, 9467.293886
0.807000, 9424.690742
0.808000, 9381.901563
0.809000, 9339.112384
0.810000, 9296.138858
0.811000, 9253.165333
0.812000, 9210.009158
0.813000, 9166.852983
0.814000, 9123.515863
0.815000, 9080.178742
0.816000, 9036.662386
0.817000, 8993.146031
0.818000, 8949.452158
0.819000, 8905.758285
0.820000, 8861.888621
0.821000, 8818.018956
0.822000, 8773.975231
0.823000, 8729.931506
0.824000, 8685.715460
0.825000, 8641.499414
0.826000, 8597.112792
0.827000, 8552.726170
0.828000, 8508.170725
0.829000, 8463.615279
0.830000, 8418.892769
0.831000, 8374.170259
0.832000, 8329.282450
0.833000, 8284.394641
0.834000, 8239.343305
0.835000, 8194.291970
0.836000, 8149.078885
0.837000, 8103.865801
0.838000, 8058.492754
0.839000, 8013.119706
0.840000, 7967.588487
0.841000, 7922.057267
0.842000, 7876.369673
0.843000, 7830.682079
0.844000, 7784.839913
0.845000, 7738.997748
0.846000, 7693.002822
0.847000, 7647.007895
0.848000, 7600.862024
0.849000, 7554.716152
0.850000, 7508.421156
0.851000, 7462.126161
0.852000, 7415.683870
0.853000, 7369.241578
0.854000, 7322.653824
0.855000, 7276.066070
0.856000, 7229.334693
0.857000, 7182.603316
0.858000, 7135.730160
0.859000, 7088.857005
0.860000, 7041.843921
0.861000, 6994.830837
0.862000, 6947.679682
0.863000, 6900.528526
0.864000, 6853.241160
0.865000, 6805.953794
0.866000, 6758.532084
0.867000, 6711.110374
0.868000, 6663.556193
0.869000, 6616.002011
0.870000, 6568.317236
0.871000, 6520.632460
0.872000, 6472.818973
0.873000, 6425.005485
0.874000, 6377.065174
0.875000, 6329.124862
0.876000, 6281.059620
0.877000, 6232.994377
0.878000, 6184.806100
0.879000, 6136.617823
0.880000, 6088.308414
0.881000, 6039.999006
0.882000, 5991.570373
0.883000, 5943.141740
0.884000, 5894.595794
0.885000, 5846.049849
0.886000, 5797.388508
0.887000, 5748.727166
0.888000, 5699.952350
0.889000, 5651.177533
0.890000, 5602.291168
0.891000, 5553.404802
0.892000, 5504.408816
0.893000, 5455.412831
0.894000, 5406.309161
0.895000, 5357.205490
0.896000, 5307.996073
0.897000, 5258.786656
0.898000, 5209.473435
0.899000, 5160.160214
0.900000, 5110.745136
0.901000, 5061.330058
0.902000, 5011.815073
0.903000, 4962.300089
0.904000, 4912.687153
0.905000, 4863.074216
0.906000, 4813.365287
0.907000, 4763.656358
0.908000, 4713.853399
0.909000, 4664.050439
0.910000, 4614.155416
0.911000, 4564.260392
0.912000, 4514.275273
0.913000, 4464.290155
0.914000, 4414.216915
0.915000, 4364.143675
0.916000, 4313.984291
0.917000, 4263.824907
0.918000, 4213.581359
0.919000, 4163.337810
0.920000, 4113.012081
0.921000, 4062.686352
0.922000, 4012.280429
0.923000, 3961.874506
0.924000, 3911.390379
0.925000, 3860.906252
0.926000, 3810.345914
0.927000, 3759.785575
0.928000, 3709.151022
0.929000, 3658.516469
0.930000, 3607.809700
0.931000, 3557.102931
0.932000, 3506.325948
0.933000, 3455.548965
0.934000, 3404.703772
0.935000, 3353.858579
0.936000, 3302.947184
0.937000, 3252.035789
0.938000, 3201.060202
0.939000, 3150.084614
0.940000, 3099.046847
0.941000, 3048.009079
0.942000, 2996.911147
0.943000, 2945.813214
0.944000, 2894.657134
0.945000, 2843.501054
0.946000, 2792.288845
0.947000, 2741.076636
0.948000, 2689.810321
0.949000, 2638.544006
0.950000, 2587.225608
0.951000, 2535.907211
0.952000, 2484.538756
0.953000, 2433.170302
0.954000, 2381.753819
0.955000, 2330.337336
0.956000, 2278.874854
0.957000, 2227.412372
0.958000, 2175.905923
0.959000, 2124.399474
0.960000, 2072.851091
0.961000, 2021.302708
0.962000, 1969.714426
0.963000, 1918.126144
0.964000, 1866.500000
0.965000, 1814.873856
0.966000, 1763.211888
0.967000, 1711.549920
0.968000, 1659.854168
0.969000, 1608.158415
0.970000, 1556.430919
0.971000, 1504.703423
0.972000, 1452.946225
0.973000, 1401.189027
0.974000, 1349.404171
0.975000, 1297.619315
0.976000, 1245.808845
0.977000, 1193.998375
0.978000, 1142.164337
0.979000, 1090.330299
0.980000, 1038.474738
0.981000, 986.619177
0.982000, 934.744142
0.983000, 882.869106
0.984000, 830.976643
0.985000, 779.084181
0.986000, 727.176340
0.987000, 675.268498
0.988000, 623.347328
0.989000, 571.426158
0.990000, 519.493708
0.991000, 467.561258
0.992000, 415.619579
0.993000, 363.677900
0.994000, 311.729042
0.995000, 259.780184
0.996000, 207.826198
0.997000, 155.872213
0.998000, 103.915150
0.999000, 51.958088
1.000000, 0.000000
