0.000000, 0.000000
0.001000, 456109.598745
0.002000, 912210.194274
0.003000, 1368310.789804
0.004000, 1824384.376044
0.005000, 2280457.962284
0.006000, 2736486.534226
0.007000, 3192515.106168
0.008000, 3648480.660580
0.009000, 4104446.214993
0.010000, 4560330.751132
0.011000, 5016215.287272
0.012000, 5472000.807594
0.013000, 5927786.327916
0.014000, 6383454.838784
0.015000, 6839123.349652
0.016000, 7294656.862049
0.017000, 7750190.374447
0.018000, 8205570.904687
0.019000, 8660951.434927
0.020000, 9116161.005362
0.021000, 9571370.575797
0.022000, 10026391.215528
0.023000, 10481411.855259
0.024000, 10936225.600846
0.025000, 11391039.346434
0.026000, 11845628.242606
0.027000, 12300217.138778
0.028000, 12754563.239140
0.029000, 13208909.339502
0.030000, 13662994.707243
0.031000, 14117080.074984
0.032000, 14570886.783587
0.033000, 15024693.492191
0.034000, 15478203.626141
0.035000, 15931713.760091
0.036000, 16384909.415581
0.037000, 16838105.071071
0.038000, 17290968.356708
0.039000, 17743831.642344
0.040000, 18196344.679857
0.041000, 18648857.717370
0.042000, 19101002.642315
0.043000, 19553147.567260
0.044000, 20004906.529727
0.045000, 20456665.492193
0.046000, 20908020.657506
0.047000, 21359375.822819
0.048000, 21810309.372247
0.049000, 22261242.921674
0.050000, 22711737.053128
0.051000, 23162231.184582
0.052000, 23612268.113321
0.053000, 24062305.042060
0.054000, 24511867.001394
0.055000, 24961428.960727
0.056000, 25410498.202715
0.057000, 25859567.444704
0.058000, 26308126.240858
0.059000, 26756685.037012
0.060000, 27204715.678996
0.061000, 27652746.320980
0.062000, 28100231.121308
0.063000, 28547715.921635
0.064000, 28994637.214369
0.065000, 29441558.507102
0.066000, 29887898.648551
0.067000, 30334238.790001
0.068000, 30779980.159417
0.069000, 31225721.528834
0.070000, 31670846.529109
0.071000, 32115971.529384
0.072000, 32560462.587742
0.073000, 33004953.646099
0.074000, 33448793.214790
0.075000, 33892632.783480
0.076000, 34335803.340474
0.077000, 34778973.897469
0.078000, 35221457.947149
0.079000, 35663941.996829
0.080000, 36105722.070680
0.081000, 36547502.144530
0.082000, 36988560.801827
0.083000, 37429619.459124
0.084000, 37869939.287623
0.085000, 38310259.116123
0.086000, 38749822.732750
0.087000, 39189386.349376
0.088000, 39628176.400908
0.089000, 40066966.452440
0.090000, 40504965.616195
0.091000, 40942964.779950
0.092000, 41380155.764467
0.093000, 41817346.748985
0.094000, 42253712.294711
0.095000, 42690077.840437
0.096000, 43125600.720405
0.097000, 43561123.600373
0.098000, 43995786.620883
0.099000, 44430449.641392
0.100000, 44864235.642688
0.101000, 45298021.643985
0.102000, 45730913.500938
0.103000, 46163805.357890
0.104000, 46595785.980668
0.105000, 47027766.603445
0.106000, 47458818.938189
0.107000, 47889871.272934
0.108000, 48319978.302434
0.109000, 48750085.331935
0.110000, 49179230.076302
0.111000, 49608374.820668
0.112000, 50036540.337998
0.113000, 50464705.855328
0.114000, 50891875.242378
0.115000, 51319044.629428
0.116000, 51745201.022280
0.117000, 52171357.415132
0.118000, 52596483.989860
0.119000, 53021610.564588
0.120000, 53445690.537920
0.121000, 53869770.511253
0.122000, 54292787.141236
0.123000, 54715803.771220
0.124000, 55137740.357882
0.125000, 55559676.944544
0.126000, 55980516.830547
0.127000, 56401356.716551
0.128000, 56821083.287857
0.129000, 57240809.859163
0.130000, 57659406.545684
0.131000, 58078003.232204
0.132000, 58495453.508458
0.133000, 58912903.784711
0.134000, 59329191.170474
0.135000, 59745478.556237
0.136000, 60160586.617195
0.137000, 60575694.678153
0.138000, 60989607.026549
0.139000, 61403519.374945
0.140000, 61816219.670227
0.141000, 62228919.965510
0.142000, 62640391.914976
0.143000, 63051863.864443
0.144000, 63462091.223885
0.145000, 63872318.583328
0.146000, 64281285.157671
0.147000, 64690251.732014
0.148000, 65097941.375957
0.149000, 65505631.019900
0.150000, 65912027.638553
0.151000, 66318424.257206
0.152000, 66723511.806726
0.153000, 67128599.356245
0.154000, 67532361.844469
0.155000, 67936124.332692
0.156000, 68338545.819767
0.157000, 68740967.306841
0.158000, 69142031.905856
0.159000, 69543096.504870
0.160000, 69942788.382480
0.161000, 70342480.260090
0.162000, 70740783.637144
0.163000, 71139087.014198
0.164000, 71535986.166361
0.165000, 71932885.318525
0.166000, 72328364.576898
0.167000, 72723843.835271
0.168000, 73117887.587010
0.169000, 73511931.338749
0.170000, 73904524.027681
0.171000, 74297116.716614
0.172000, 74688242.843852
0.173000, 75079368.971091
0.174000, 75469013.095647
0.175000, 75858657.220202
0.176000, 76246803.959592
0.177000, 76634950.698982
0.178000, 77021584.729837
0.179000, 77408218.760693
0.180000, 77793324.819365
0.181000, 78178430.878038
0.182000, 78561993.761200
0.183000, 78945556.644362
0.184000, 79327561.209608
0.185000, 79709565.774854
0.186000, 80089996.941299
0.187000, 80470428.107744
0.188000, 80849270.856618
0.189000, 81228113.605492
0.190000, 81605352.980732
0.191000, 81982592.355971
0.192000, 82358213.464814
0.193000, 82733834.573656
0.194000, 83107822.587224
0.195000, 83481810.600792
0.196000, 83854150.754680
0.197000, 84226490.908568
0.198000, 84597168.503425
0.199000, 84967846.098282
0.200000, 85336846.500393
0.201000, 85705846.902505
0.202000, 86073155.544367
0.203000, 86440464.186229
0.204000, 86806066.567127
0.205000, 87171668.948026
0.206000, 87535550.634606
0.207000, 87899432.321185
0.208000, 88261578.948023
0.209000, 88623725.574860
0.210000, 88984122.845027
0.211000, 89344520.115194
0.212000, 89703153.800826
0.213000, 90061787.486457
0.214000, 90418643.429311
0.215000, 90775499.372165
0.216000, 91130563.484182
0.217000, 91485627.596199
0.218000, 91838885.860056
0.219000, 92192144.123914
0.220000, 92543582.593584
0.221000, 92895021.063253
0.222000, 93244625.864548
0.223000, 93594230.665842
0.224000, 93941987.996964
0.225000, 94289745.328087
0.226000, 94635641.460175
0.227000, 94981537.592263
0.228000, 95325558.869932
0.229000, 95669580.147602
0.230000, 96011712.989484
0.231000, 96353845.831365
0.232000, 96694076.730643
0.233000, 97034307.629921
0.234000, 97372623.154864
0.235000, 97710938.679806
0.236000, 98047325.474299
0.237000, 98383712.268791
0.238000, 98718157.052862
0.239000, 99052601.836932
0.240000, 99385091.407275
0.241000, 99717580.977618
0.242000, 100048102.208117
0.243000, 100378623.438617
0.244000, 100707163.280863
0.245000, 101035703.123110
0.246000, 101362248.606915
0.247000, 101688794.090721
0.248000, 102013332.324632
0.249000, 102337870.558543
0.250000, 102660388.730349
0.251000, 102982906.902155
0.252000, 103303392.279393
0.253000, 103623877.656631
0.254000, 103942317.587090
0.255000, 104260757.517550
0.256000, 104577139.429770
0.257000, 104893521.341991
0.258000, 105207832.745759
0.259000, 105522144.149528
0.260000, 105834372.636372
0.261000, 106146601.123216
0.262000, 106456734.366892
0.263000, 106766867.610568
0.264000, 107074893.367550
0.265000, 107382919.124532
0.266000, 107688825.234494
0.267000, 107994731.344456
0.268000, 108298505.730751
0.269000, 108602280.117047
0.270000, 108903910.787187
0.271000, 109205541.457328
0.272000, 109505016.503453
0.273000, 109804491.549579
0.274000, 110101799.148932
0.275000, 110399106.748285
0.276000, 110694235.163673
0.277000, 110989363.579061
0.278000, 111282301.159324
0.279000, 111575238.739586
0.280000, 111865973.920053
0.281000, 112156709.100520
0.282000, 112445230.403467
0.283000, 112733751.706414
0.284000, 113020047.741518
0.285000, 113306343.776622
0.286000, 113590403.241410
0.287000, 113874462.706198
0.288000, 114156274.386492
0.289000, 114438086.066786
0.290000, 114717638.837147
0.291000, 114997191.607507
0.292000, 115274474.431675
0.293000, 115551757.255842
0.294000, 115826759.187168
0.295000, 116101761.118494
0.296000, 116374471.300377
0.297000, 116647181.482261
0.298000, 116917589.148574
0.299000, 117187996.814888
0.300000, 117456091.290404
0.301000, 117724185.765920
0.302000, 117989956.466732
0.303000, 118255727.167543
0.304000, 118519163.601482
0.305000, 118782600.035421
0.306000, 119043691.802471
0.307000, 119304783.569522
0.308000, 119563520.362233
0.309000, 119822257.154943
0.310000, 120078628.758832
0.311000, 120335000.362722
0.312000, 120588996.656681
0.313000, 120842992.950641
0.314000, 121094603.907336
0.315000, 121346214.864031
0.316000, 121595430.550296
0.317000, 121844646.236562
0.318000, 122091456.813793
0.319000, 122338267.391023
0.320000, 122582663.115565
0.321000, 122827058.840106
0.322000, 123069030.063638
0.323000, 123311001.287169
0.324000, 123550538.457085
0.325000, 123790075.627001
0.326000, 124027169.286788
0.327000, 124264262.946576
0.328000, 124498903.736186
0.329000, 124733544.525797
0.330000, 124965723.182019
0.331000, 125197901.838241
0.332000, 125427609.195063
0.333000, 125657316.551884
0.334000, 125884543.540856
0.335000, 126111770.529828
0.336000, 126336508.180422
0.337000, 126561245.831017
0.338000, 126783485.270979
0.339000, 127005724.710942
0.340000, 127225457.166645
0.341000, 127445189.622348
0.342000, 127662406.419134
0.343000, 127879623.215920
0.344000, 128094315.778446
0.345000, 128309008.340972
0.346000, 128521168.193548
0.347000, 128733328.046124
0.348000, 128942946.813045
0.349000, 129152565.579966
0.350000, 129359634.985848
0.351000, 129566704.391729
0.352000, 129771216.261829
0.353000, 129975728.131928
0.354000, 130177674.392472
0.355000, 130379620.653015
0.356000, 130578993.331514
0.357000, 130778366.010013
0.358000, 130975157.235580
0.359000, 131171948.461146
0.360000, 131366150.464804
0.361000, 131560352.468461
0.362000, 131751957.583451
0.363000, 131943562.698441
0.364000, 132132563.360525
0.365000, 132321564.022609
0.366000, 132507952.770368
0.367000, 132694341.518128
0.368000, 132878110.993259
0.369000, 133061880.468390
0.370000, 133243023.415992
0.371000, 133424166.363594
0.372000, 133602675.632457
0.373000, 133781184.901320
0.374000, 133957053.444207
0.375000, 134132921.987095
0.376000, 134306142.861023
0.377000, 134479363.734950
0.378000, 134649930.101458
0.379000, 134820496.467965
0.380000, 134988401.593389
0.381000, 135156306.718812
0.382000, 135321543.974548
0.383000, 135486781.230283
0.384000, 135649344.093051
0.385000, 135811906.955819
0.386000, 135971789.007920
0.387000, 136131671.060020
0.388000, 136288865.989587
0.389000, 136446060.919154
0.390000, 136600562.520405
0.391000, 136755064.121655
0.392000, 136906866.295134
0.393000, 137058668.468612
0.394000, 137207765.221433
0.395000, 137356861.974253
0.396000, 137503247.420334
0.397000, 137649632.866416
0.398000, 137793301.226714
0.399000, 137936969.587013
0.400000, 138077915.189752
0.401000, 138218860.792491
0.402000, 138357078.073382
0.403000, 138495295.354273
0.404000, 138630778.856738
0.405000, 138766262.359203
0.406000, 138899006.734588
0.407000, 139031751.109974
0.408000, 139161751.117762
0.409000, 139291751.125551
0.410000, 139419001.633568
0.411000, 139546252.141585
0.412000, 139670748.126201
0.413000, 139795244.110817
0.414000, 139916980.657148
0.415000, 140038717.203479
0.416000, 140157689.505576
0.417000, 140276661.807673
0.418000, 140392865.168717
0.419000, 140509068.529761
0.420000, 140622498.362245
0.421000, 140735928.194729
0.422000, 140846580.020641
0.423000, 140957231.846552
0.424000, 141065101.297549
0.425000, 141172970.748546
0.426000, 141278053.566129
0.427000, 141383136.383713
0.428000, 141485428.419397
0.429000, 141587720.455080
0.430000, 141687217.670552
0.431000, 141786714.886023
0.432000, 141883413.353305
0.433000, 141980111.820588
0.434000, 142074007.722193
0.435000, 142167903.623799
0.436000, 142258993.252881
0.437000, 142350082.881963
0.438000, 142438362.642461
0.439000, 142526642.402959
0.440000, 142612108.809742
0.441000, 142697575.216525
0.442000, 142780224.895527
0.443000, 142862874.574529
0.444000, 142942704.262884
0.445000, 143022533.951240
0.446000, 143099540.497412
0.447000, 143176547.043584
0.448000, 143250727.407488
0.449000, 143324907.771392
0.450000, 143396259.024516
0.451000, 143467610.277640
0.452000, 143536129.603161
0.453000, 143604648.928681
0.454000, 143670333.621574
0.455000, 143736018.314467
0.456000, 143798865.781616
0.457000, 143861713.248764
0.458000, 143921721.009059
0.459000, 143981728.769354
0.460000, 144038894.453793
0.461000, 144096060.138233
0.462000, 144150381.490015
0.463000, 144204702.841797
0.464000, 144256177.716409
0.465000, 144307652.591021
0.466000, 144356278.956325
0.467000, 144404905.321628
0.468000, 144450681.257939
0.469000, 144496457.194250
0.470000, 144539380.894414
0.471000, 144582304.594578
0.472000, 144622374.364041
0.473000, 144662444.133505
0.474000, 144699658.390384
0.475000, 144736872.647262
0.476000, 144771229.922402
0.477000, 144805587.197541
0.478000, 144837086.134576
0.479000, 144868585.071611
0.480000, 144897224.427018
0.481000, 144925863.782425
0.482000, 144951642.425573
0.483000, 144977421.068720
0.484000, 145000337.981911
0.485000, 145023254.895103
0.486000, 145043309.173619
0.487000, 145063363.452135
0.488000, 145080554.304267
0.489000, 145097745.156399
0.490000, 145112071.903483
0.491000, 145126398.650566
0.492000, 145137860.727006
0.493000, 145149322.803446
0.494000, 145157919.756739
0.495000, 145166516.710033
0.496000, 145172248.200787
0.497000, 145177979.691541
0.498000, 145180845.493486
0.499000, 145183711.295432
0.500000, 145183711.295432
0.501000, 145183711.295432
0.502000, 145180845.493486
0.503000, 145177979.691541
0.504000, 145172248.200787
0.505000, 145166516.710033
0.506000, 145157919.756739
0.507000, 145149322.803446
0.508000, 145137860.727006
0.509000, 145126398.650566
0.510000, 145112071.903483
0.511000, 145097745.156399
0.512000, 145080554.304267
0.513000, 145063363.452135
0.514000, 145043309.173619
0.515000, 145023254.895103
0.516000, 145000337.981911
0.517000, 144977421.068720
0.518000, 144951642.425573
0.519000, 144925863.782425
0.520000, 144897224.427018
0.521000, 144868585.071611
0.522000, 144837086.134576
0.523000, 144805587.197541
0.524000, 144771229.922402
0.525000, 144736872.647262
0.526000, 144699658.390384
0.527000, 144662444.133505
0.528000, 144622374.364041
0.529000, 144582304.594578
0.530000, 144539380.894414
0.531000, 144496457.194250
0.532000, 144450681.257939
0.533000, 144404905.321628
0.534000, 144356278.956325
0.535000, 144307652.591021
0.536000, 144256177.716409
0.537000, 144204702.841797
0.538000, 144150381.490015
0.539000, 144096060.138233
0.540000, 144038894.453793
0.541000, 143981728.769354
0.542000, 143921721.009059
0.543000, 143861713.248764
0.544000, 143798865.781616
0.545000, 143736018.314467
0.546000, 143670333.621574
0.547000, 143604648.928681
0.548000, 143536129.603161
0.549000, 143467610.277640
0.550000, 143396259.024516
0.551000, 143324907.771392
0.552000, 143250727.407488
0.553000, 143176547.043584
0.554000, 143099540.497412
0.555000, 143022533.951240
0.556000, 142942704.262884
0.557000, 142862874.574529
0.558000, 142780224.895527
0.559000, 142697575.216525
0.560000, 142612108.809742
0.561000, 142526642.402959
0.562000, 142438362.642461
0.563000, 142350082.881963
0.564000, 142258993.252881
0.565000, 142167903.623799
0.566000, 142074007.722193
0.567000, 141980111.820588
0.568000, 141883413.353305
0.569000, 141786714.886023
0.570000, 141687217.670552
0.571000, 141587720.455080
0.572000, 141485428.419397
0.573000, 141383136.383713
0.574000, 141278053.566129
0.575000, 141172970.748546
0.576000, 141065101.297549
0.577000, 140957231.846552
0.578000, 140846580.020641
0.579000, 140735928.194729
0.580000, 140622498.362245
0.581000, 140509068.529761
0.582000, 140392865.168717
0.583000, 140276661.807673
0.584000, 140157689.505576
0.585000, 140038717.203479
0.586000, 139916980.657148
0.587000, 139795244.110817
0.588000, 139670748.126201
0.589000, 139546252.141585
0.590000, 139419001.633568
0.591000, 139291751.125551
0.592000, 139161751.117762
0.593000, 139031751.109974
0.594000, 138899006.734588
0.595000, 138766262.359203
0.596000, 138630778.856738
0.597000, 138495295.354273
0.598000, 138357078.073382
0.599000, 138218860.792491
0.600000, 138077915.189752
0.601000, 137936969.587013
0.602000, 137793301.226714
0.603000, 137649632.866416
0.604000, 137503247.420334
0.605000, 137356861.974253
0.606000, 137207765.221433
0.607000, 137058668.468612
0.608000, 136906866.295134
0.609000, 136755064.121655
0.610000, 136600562.520405
0.611000, 136446060.919154
0.612000, 136288865.989587
0.613000, 136131671.060020
0.614000, 135971789.007920
0.615000, 135811906.955819
0.616000, 135649344.093051
0.617000, 135486781.230283
0.618000, 135321543.974548
0.619000, 135156306.718812
0.620000, 134988401.593389
0.621000, 134820496.467965
0.622000, 134649930.101458
0.623000, 134479363.734950
0.624000, 134306142.861023
0.625000, 134132921.987095
0.626000, 133957053.444207
0.627000, 133781184.901320
0.628000, 133602675.632457
0.629000, 133424166.363594
0.630000, 133243023.415992
0.631000, 133061880.468390
0.632000, 132878110.993259
0.633000, 132694341.518128
0.634000, 132507952.770368
0.635000, 132321564.022609
0.636000, 132132563.360525
0.637000, 131943562.698441
0.638000, 131751957.583451
0.639000, 131560352.468461
0.640000, 131366150.464804
0.641000, 131171948.461146
0.642000, 130975157.235580
0.643000, 130778366.010013
0.644000, 130578993.331514
0.645000, 130379620.653015
0.646000, 130177674.392472
0.647000, 129975728.131928
0.648000, 129771216.261829
0.649000, 129566704.391729
0.650000, 129359634.985848
0.651000, 129152565.579966
0.652000, 128942946.813045
0.653000, 128733328.046124
0.654000, 128521168.193548
0.655000, 128309008.340972
0.656000, 128094315.778446
0.657000, 127879623.215920
0.658000, 127662406.419134
0.659000, 127445189.622348
0.660000, 127225457.166645
0.661000, 127005724.710942
0.662000, 126783485.270979
0.663000, 126561245.831017
0.664000, 126336508.180422
0.665000, 126111770.529828
0.666000, 125884543.540856
0.667000, 125657316.551884
0.668000, 125427609.195063
0.669000, 125197901.838241
0.670000, 124965723.182019
0.671000, 124733544.525797
0.672000, 124498903.736186
0.673000, 124264262.946576
0.674000, 124027169.286788
0.675000, 123790075.627001
0.676000, 123550538.457085
0.677000, 123311001.287169
0.678000, 123069030.063638
0.679000, 122827058.840106
0.680000, 122582663.115565
0.681000, 122338267.391023
0.682000, 122091456.813793
0.683000, 121844646.236562
0.684000, 121595430.550296
0.685000, 121346214.864031
0.686000, 121094603.907336
0.687000, 120842992.950641
0.688000, 120588996.656681
0.689000, 120335000.362722
0.690000, 120078628.758832
0.691000, 119822257.154943
0.692000, 119563520.362233
0.693000, 119304783.569522
0.694000, 119043691.802471
0.695000, 118782600.035421
0.696000, 118519163.601482
0.697000, 118255727.167543
0.698000, 117989956.466732
0.699000, 117724185.765920
0.700000, 117456091.290404
0.701000, 117187996.814888
0.702000, 116917589.148574
0.703000, 116647181.482261
0.704000, 116374471.300377
0.705000, 116101761.118494
0.706000, 115826759.187168
0.707000, 115551757.255842
0.708000, 115274474.431675
0.709000, 114997191.607507
0.710000, 114717638.837147
0.711000, 114438086.066786
0.712000, 114156274.386492
0.713000, 113874462.706198
0.714000, 113590403.241410
0.715000, 113306343.776622
0.716000, 113020047.741518
0.717000, 112733751.706414
0.718000, 112445230.403467
0.719000, 112156709.100520
0.720000, 111865973.920053
0.721000, 111575238.739586
0.722000, 111282301.159324
0.723000, 110989363.579061
0.724000, 110694235.163673
0.725000, 110399106.748285
0.726000, 110101799.148932
0.727000, 109804491.549579
0.728000, 109505016.503453
0.729000, 109205541.457328
0.730000, 108903910.787187
0.731000, 108602280.117047
0.732000, 108298505.730751
0.733000, 107994731.344456
0.734000, 107688825.234494
0.735000, 107382919.124532
0.736000, 107074893.367550
0.737000, 106766867.610568
0.738000, 106456734.366892
0.739000, 106146601.123216
0.740000, 105834372.636372
0.741000, 105522144.149528
0.742000, 105207832.745759
0.743000, 104893521.341991
0.744000, 104577139.429770
0.745000, 104260757.517550
0.746000, 103942317.587090
0.747000, 103623877.656631
0.748000, 103303392.279393
0.749000, 102982906.902155
0.750000, 102660388.730349
0.751000, 102337870.558543
0.752000, 102013332.324632
0.753000, 101688794.090721
0.754000, 101362248.606915
0.755000, 101035703.123110
0.756000, 100707163.280863
0.757000, 100378623.438617
0.758000, 100048102.208117
0.759000, 99717580.977618
0.760000, 99385091.407275
0.761000, 99052601.836932
0.762000, 98718157.052862
0.763000, 98383712.268791
0.764000, 98047325.474299
0.765000, 97710938.679806
0.766000, 97372623.154864
0.767000, 97034307.629921
0.768000, 96694076.730643
0.769000, 96353845.831365
0.770000, 96011712.989484
0.771000, 95669580.147602
0.772000, 95325558.869932
0.773000, 94981537.592263
0.774000, 94635641.460175
0.775000, 94289745.328087
0.776000, 93941987.996964
0.777000, 93594230.665842
0.778000, 93244625.864548
0.779000, 92895021.063253
0.780000, 92543582.593584
0.781000, 92192144.123914
0.782000, 91838885.860056
0.783000, 91485627.596199
0.784000, 91130563.484182
0.785000, 90775499.372165
0.786000, 90418643.429311
0.787000, 90061787.486457
0.788000, 89703153.800826
0.789000, 89344520.115194
0.790000, 88984122.845027
0.791000, 88623725.574860
0.792000, 88261578.948023
0.793000, 87899432.321185
0.794000, 87535550.634606
0.795000, 87171668.948026
0.796000, 86806066.567127
0.797000, 86440464.186229
0.798000, 86073155.544367
0.799000, 85705846.902505
0.800000, 85336846.500393
0.801000, 84967846.098282
0.802000, 84597168.503425
0.803000, 84226490.908568
0.804000, 83854150.754680
0.805000, 83481810.600792
0.806000, 83107822.587224
0.807000, 82733834.573656
0.808000, 82358213.464814
0.809000, 81982592.355971
0.810000, 81605352.980732
0.811000, 81228113.605492
0.812000, 80849270.856618
0.813000, 80470428.107744
0.814000, 80089996.941299
0.815000, 79709565.774854
0.816000, 79327561.209608
0.817000, 78945556.644362
0.818000, 78561993.761200
0.819000, 78178430.878038
0.820000, 77793324.819365
0.821000, 77408218.760693
0.822000, 77021584.729837
0.823000, 76634950.698982
0.824000, 76246803.959592
0.825000, 75858657.220202
0.826000, 75469013.095647
0.827000, 75079368.971091
0.828000, 74688242.843852
0.829000, 74297116.716614
0.830000, 73904524.027681
0.831000, 73511931.338749
0.832000, 73117887.587010
0.833000, 72723843.835271
0.834000, 72328364.576898
0.835000, 71932885.318525
0.836000, 71535986.166361
0.837000, 71139087.014198
0.838000, 70740783.637144
0.839000, 70342480.260090
0.840000, 69942788.382480
0.841000, 69543096.504870
0.842000, 69142031.905856
0.843000, 68740967.306841
0.844000, 68338545.819767
0.845000, 67936124.332692
0.846000, 67532361.844469
0.847000, 67128599.356245
0.848000, 66723511.806726
0.849000, 66318424.257206
0.850000, 65912027.638553
0.851000, 65505631.019900
0.852000, 65097941.375957
0.853000, 64690251.732014
0.854000, 64281285.157671
0.855000, 63872318.583328
0.856000, 63462091.223885
0.857000, 63051863.864443
0.858000, 62640391.914976
0.859000, 62228919.965510
0.860000, 61816219.670227
0.861000, 61403519.374945
0.862000, 60989607.026549
0.863000, 60575694.678153
0.864000, 60160586.617195
0.865000, 59745478.556237
0.866000, 59329191.170474
0.867000, 58912903.784711
0.868000, 58495453.508458
0.869000, 58078003.232204
0.870000, 57659406.545684
0.871000, 57240809.859163
0.872000, 56821083.287857
0.873000, 56401356.716551
0.874000, 55980516.830547
0.875000, 55559676.944544
0.876000, 55137740.357882
0.877000, 54715803.771220
0.878000, 54292787.141236
0.879000, 53869770.511253
0.880000, 53445690.537920
0.881000, 53021610.564588
0.882000, 52596483.989860
0.883000, 52171357.415132
0.884000, 51745201.022280
0.885000, 51319044.629428
0.886000, 50891875.242378
0.887000, 50464705.855328
0.888000, 50036540.337998
0.889000, 49608374.820668
0.890000, 49179230.076302
0.891000, 48750085.331935
0.892000, 48319978.302434
0.893000, 47889871.272934
0.894000, 47458818.938189
0.895000, 47027766.603445
0.896000, 46595785.980668
0.897000, 46163805.357890
0.898000, 45730913.500938
0.899000, 45298021.643985
0.900000, 44864235.642688
0.901000, 44430449.641392
0.902000, 43995786.620883
0.903000, 43561123.600373
0.904000, 43125600.720405
0.905000, 42690077.840437
0.906000, 42253712.294711
0.907000, 41817346.748985
0.908000, 41380155.764467
0.909000, 40942964.779950
0.910000, 40504965.616195
0.911000, 40066966.452440
0.912000, 39628176.400908
0.913000, 39189386.349376
0.914000, 38749822.732750
0.915000, 38310259.116123
0.916000, 37869939.287623
0.917000, 37429619.459124
0.918000, 36988560.801827
0.919000, 36547502.144530
0.920000, 36105722.070680
0.921000, 35663941.996829
0.922000, 35221457.947149
0.923000, 34778973.897469
0.924000, 34335803.340474
0.925000, 33892632.783480
0.926000, 33448793.214790
0.927000, 33004953.646099
0.928000, 32560462.587742
0.929000, 32115971.529384
0.930000, 31670846.529109
0.931000, 31225721.528834
0.932000, 30779980.159417
0.933000, 30334238.790001
0.934000, 29887898.648551
0.935000, 29441558.507102
0.936000, 28994637.214369
0.937000, 28547715.921635
0.938000, 28100231.121308
0.939000, 27652746.320980
0.940000, 27204715.678996
0.941000, 26756685.037012
0.942000, 26308126.240858
0.943000, 25859567.444704
0.944000, 25410498.202715
0.945000, 24961428.960727
0.946000, 24511867.001394
0.947000, 24062305.042060
0.948000, 23612268.113321
0.949000, 23162231.184582
0.950000, 22711737.053128
0.951000, 22261242.921674
0.952000, 21810309.372247
0.953000, 21359375.822819
0.954000, 20908020.657506
0.955000, 20456665.492193
0.956000, 20004906.529727
0.957000, 19553147.567260
0.958000, 19101002.642315
0.959000, 18648857.717370
0.960000, 18196344.679857
0.961000, 17743831.642344
0.962000, 17290968.356708
0.963000, 16838105.071071
0.964000, 16384909.415581
0.965000, 15931713.760091
0.966000, 15478203.626141
0.967000, 15024693.492191
0.968000, 14570886.783587
0.969000, 14117080.074984
0.970000, 13662994.707243
0.971000, 13208909.339502
0.972000, 12754563.239140
0.973000, 12300217.138778
0.974000, 11845628.242606
0.975000, 11391039.346434
0.976000, 10936225.600846
0.977000, 10481411.855259
0.978000, 10026391.215528
0.979000, 9571370.575797
0.980000, 9116161.005362
0.981000, 8660951.434927
0.982000, 8205570.904687
0.983000, 7750190.374447
0.984000, 7294656.862049
0.985000, 6839123.349652
0.986000, 6383454.838784
0.987000, 5927786.327916
0.988000, 5472000.807594
0.989000, 5016215.287272
0.990000, 4560330.751132
0.991000, 4104446.214993
0.992000, 3648480.660580
0.993000, 3192515.106168
0.994000, 2736486.534226
0.995000, 2280457.962284
0.996000, 1824384.376044
0.997000, 1368310.789804
0.998000, 912210.194274
0.999000, 456109.598745
1.000000, 0.000000
