0.000000, 0.000000
0.001000, 1000000000.000000
0.002000, 1000000000.000000
0.003000, 1000000000.000000
0.004000, 1000000000.000000
0.005000, 1000000000.000000
0.006000, 1000000000.000000
0.007000, 1000000000.000000
0.008000, 1000000000.000000
0.009000, 1000000000.000000
0.010000, 1000000000.000000
0.011000, 1000000000.000000
0.012000, 1000000000.000000
0.013000, 1000000000.000000
0.014000, 1000000000.000000
0.015000, 1000000000.000000
0.016000, 1000000000.000000
0.017000, 1000000000.000000
0.018000, 1000000000.000000
0.019000, 1000000000.000000
0.020000, 1000000000.000000
0.021000, 1000000000.000000
0.022000, 1000000000.000000
0.023000, 1000000000.000000
0.024000, 1000000000.000000
0.025000, 1000000000.000000
0.026000, 1000000000.000000
0.027000, 1000000000.000000
0.028000, 1000000000.000000
0.029000, 1000000000.000000
0.030000, 1000000000.000000
0.031000, 1000000000.000000
0.032000, 1000000000.000000
0.033000, 1000000000.000000
0.034000, 1000000000.000000
0.035000, 1000000000.000000
0.036000, 1000000000.000000
0.037000, 1000000000.000000
0.038000, 1000000000.000000
0.039000, 1000000000.000000
0.040000, 1000000000.000000
0.041000, 1000000000.000000
0.042000, 1000000000.000000
0.043000, 1000000000.000000
0.044000, 1000000000.000000
0.045000, 1000000000.000000
0.046000, 1000000000.000000
0.047000, 1000000000.000000
0.048000, 1000000000.000000
0.049000, 1000000000.000000
0.050000, 1000000000.000000
0.051000, 1000000000.000000
0.052000, 1000000000.000000
0.053000, 1000000000.000000
0.054000, 1000000000.000000
0.055000, 1000000000.000000
0.056000, 1000000000.000000
0.057000, 1000000000.000000
0.058000, 1000000000.000000
0.059000, 1000000000.000000
0.060000, 1000000000.000000
0.061000, 1000000000.000000
0.062000, 1000000000.000000
0.063000, 1000000000.000000
0.064000, 1000000000.000000
0.065000, 1000000000.000000
0.066000, 1000000000.000000
0.067000, 1000000000.000000
0.068000, 1000000000.000000
0.069000, 1000000000.000000
0.070000, 1000000000.000000
0.071000, 1000000000.000000
0.072000, 1000000000.000000
0.073000, 1000000000.000000
0.074000, 1000000000.000000
0.075000, 1000000000.000000
0.076000, 1000000000.000000
0.077000, 1000000000.000000
0.078000, 1000000000.000000
0.079000, 1000000000.000000
0.080000, 1000000000.000000
0.081000, 1000000000.000000
0.082000, 1000000000.000000
0.083000, 1000000000.000000
0.084000, 1000000000.000000
0.085000, 1000000000.000000
0.086000, 1000000000.000000
0.087000, 1000000000.000000
0.088000, 1000000000.000000
0.089000, 1000000000.000000
0.090000, 1000000000.000000
0.091000, 1000000000.000000
0.092000, 1000000000.000000
0.093000, 1000000000.000000
0.094000, 1000000000.000000
0.095000, 1000000000.000000
0.096000, 1000000000.000000
0.097000, 1000000000.000000
0.098000, 1000000000.000000
0.099000, 1000000000.000000
0.100000, 1000000000.000000
0.101000, 1000000000.000000
0.102000, 1000000000.000000
0.103000, 1000000000.000000
0.104000, 1000000000.000000
0.105000, 1000000000.000000
0.106000, 1000000000.000000
0.107000, 1000000000.000000
0.108000, 1000000000.000000
0.109000, 1000000000.000000
0.110000, 1000000000.000000
0.111000, 1000000000.000000
0.112000, 1000000000.000000
0.113000, 1000000000.000000
0.114000, 1000000000.000000
0.115000, 1000000000.000000
0.116000, 1000000000.000000
0.117000, 1000000000.000000
0.118000, 1000000000.000000
0.119000, 1000000000.000000
0.120000, 1000000000.000000
0.121000, 1000000000.000000
0.122000, 1000000000.000000
0.123000, 1000000000.000000
0.124000, 1000000000.000000
0.125000, 1000000000.000000
0.126000, 1000000000.000000
0.127000, 1000000000.000000
0.128000, 1000000000.000000
0.129000, 1000000000.000000
0.130000, 1000000000.000000
0.131000, 1000000000.000000
0.132000, 1000000000.000000
0.133000, 1000000000.000000
0.134000, 1000000000.000000
0.135000, 1000000000.000000
0.136000, 1000000000.000000
0.137000, 1000000000.000000
0.138000, 1000000000.000000
0.139000, 1000000000.000000
0.140000, 1000000000.000000
0.141000, 1000000000.000000
0.142000, 1000000000.000000
0.143000, 1000000000.000000
0.144000, 1000000000.000000
0.145000, 1000000000.000000
0.146000, 1000000000.000000
0.147000, 1000000000.000000
0.148000, 1000000000.000000
0.149000, 1000000000.000000
0.150000, 1000000000.000000
0.151000, 1000000000.000000
0.152000, 1000000000.000000
0.153000, 1000000000.000000
0.154000, 1000000000.000000
0.155000, 1000000000.000000
0.156000, 1000000000.000000
0.157000, 1000000000.000000
0.158000, 1000000000.000000
0.159000, 1000000000.000000
0.160000, 1000000000.000000
0.161000, 1000000000.000000
0.162000, 1000000000.000000
0.163000, 1000000000.000000
0.164000, 1000000000.000000
0.165000, 1000000000.000000
0.166000, 1000000000.000000
0.167000, 1000000000.000000
0.168000, 1000000000.000000
0.169000, 1000000000.000000
0.170000, 1000000000.000000
0.171000, 1000000000.000000
0.172000, 1000000000.000000
0.173000, 1000000000.000000
0.174000, 1000000000.000000
0.175000, 1000000000.000000
0.176000, 1000000000.000000
0.177000, 1000000000.000000
0.178000, 1000000000.000000
0.179000, 1000000000.000000
0.180000, 1000000000.000000
0.181000, 1000000000.000000
0.182000, 1000000000.000000
0.183000, 1000000000.000000
0.184000, 1000000000.000000
0.185000, 1000000000.000000
0.186000, 1000000000.000000
0.187000, 1000000000.000000
0.188000, 1000000000.000000
0.189000, 1000000000.000000
0.190000, 1000000000.000000
0.191000, 1000000000.000000
0.192000, 1000000000.000000
0.193000, 1000000000.000000
0.194000, 1000000000.000000
0.195000, 1000000000.000000
0.196000, 1000000000.000000
0.197000, 1000000000.000000
0.198000, 1000000000.000000
0.199000, 1000000000.000000
0.200000, 1000000000.000000
0.201000, 1000000000.000000
0.202000, 1000000000.000000
0.203000, 1000000000.000000
0.204000, 1000000000.000000
0.205000, 1000000000.000000
0.206000, 1000000000.000000
0.207000, 1000000000.000000
0.208000, 1000000000.000000
0.209000, 1000000000.000000
0.210000, 1000000000.000000
0.211000, 1000000000.000000
0.212000, 1000000000.000000
0.213000, 1000000000.000000
0.214000, 1000000000.000000
0.215000, 1000000000.000000
0.216000, 1000000000.000000
0.217000, 1000000000.000000
0.218000, 1000000000.000000
0.219000, 1000000000.000000
0.220000, 1000000000.000000
0.221000, 1000000000.000000
0.222000, 1000000000.000000
0.223000, 1000000000.000000
0.224000, 1000000000.000000
0.225000, 1000000000.000000
0.226000, 1000000000.000000
0.227000, 1000000000.000000
0.228000, 1000000000.000000
0.229000, 1000000000.000000
0.230000, 1000000000.000000
0.231000, 1000000000.000000
0.232000, 1000000000.000000
0.233000, 1000000000.000000
0.234000, 1000000000.000000
0.235000, 1000000000.000000
0.236000, 1000000000.000000
0.237000, 1000000000.000000
0.238000, 1000000000.000000
0.239000, 1000000000.000000
0.240000, 1000000000.000000
0.241000, 1000000000.000000
0.242000, 1000000000.000000
0.243000, 1000000000.000000
0.244000, 1000000000.000000
0.245000, 1000000000.000000
0.246000, 1000000000.000000
0.247000, 1000000000.000000
0.248000, 1000000000.000000
0.249000, 1000000000.000000
0.250000, 1000000000.000000
0.251000, 1000000000.000000
0.252000, 1000000000.000000
0.253000, 1000000000.000000
0.254000, 1000000000.000000
0.255000, 1000000000.000000
0.256000, 1000000000.000000
0.257000, 1000000000.000000
0.258000, 1000000000.000000
0.259000, 1000000000.000000
0.260000, 1000000000.000000
0.261000, 1000000000.000000
0.262000, 1000000000.000000
0.263000, 1000000000.000000
0.264000, 1000000000.000000
0.265000, 1000000000.000000
0.266000, 1000000000.000000
0.267000, 1000000000.000000
0.268000, 1000000000.000000
0.269000, 1000000000.000000
0.270000, 1000000000.000000
0.271000, 1000000000.000000
0.272000, 1000000000.000000
0.273000, 1000000000.000000
0.274000, 1000000000.000000
0.275000, 1000000000.000000
0.276000, 1000000000.000000
0.277000, 1000000000.000000
0.278000, 1000000000.000000
0.279000, 1000000000.000000
0.280000, 1000000000.000000
0.281000, 1000000000.000000
0.282000, 1000000000.000000
0.283000, 1000000000.000000
0.284000, 1000000000.000000
0.285000, 1000000000.000000
0.286000, 1000000000.000000
0.287000, 1000000000.000000
0.288000, 1000000000.000000
0.289000, 1000000000.000000
0.290000, 1000000000.000000
0.291000, 1000000000.000000
0.292000, 1000000000.000000
0.293000, 1000000000.000000
0.294000, 1000000000.000000
0.295000, 1000000000.000000
0.296000, 1000000000.000000
0.297000, 1000000000.000000
0.298000, 1000000000.000000
0.299000, 1000000000.000000
0.300000, 1000000000.000000
0.301000, 1000000000.000000
0.302000, 1000000000.000000
0.303000, 1000000000.000000
0.304000, 1000000000.000000
0.305000, 1000000000.000000
0.306000, 1000000000.000000
0.307000, 1000000000.000000
0.308000, 1000000000.000000
0.309000, 1000000000.000000
0.310000, 1000000000.000000
0.311000, 1000000000.000000
0.312000, 1000000000.000000
0.313000, 1000000000.000000
0.314000, 1000000000.000000
0.315000, 1000000000.000000
0.316000, 1000000000.000000
0.317000, 1000000000.000000
0.318000, 1000000000.000000
0.319000, 1000000000.000000
0.320000, 1000000000.000000
0.321000, 1000000000.000000
0.322000, 1000000000.000000
0.323000, 1000000000.000000
0.324000, 1000000000.000000
0.325000, 1000000000.000000
0.326000, 1000000000.000000
0.327000, 1000000000.000000
0.328000, 1000000000.000000
0.329000, 1000000000.000000
0.330000, 1000000000.000000
0.331000, 1000000000.000000
0.332000, 1000000000.000000
0.333000, 1000000000.000000
0.334000, 1000000000.000000
0.335000, 1000000000.000000
0.336000, 1000000000.000000
0.337000, 1000000000.000000
0.338000, 1000000000.000000
0.339000, 1000000000.000000
0.340000, 1000000000.000000
0.341000, 1000000000.000000
0.342000, 1000000000.000000
0.343000, 1000000000.000000
0.344000, 1000000000.000000
0.345000, 1000000000.000000
0.346000, 1000000000.000000
0.347000, 1000000000.000000
0.348000, 1000000000.000000
0.349000, 1000000000.000000
0.350000, 1000000000.000000
0.351000, 1000000000.000000
0.352000, 1000000000.000000
0.353000, 1000000000.000000
0.354000, 1000000000.000000
0.355000, 1000000000.000000
0.356000, 1000000000.000000
0.357000, 1000000000.000000
0.358000, 1000000000.000000
0.359000, 1000000000.000000
0.360000, 1000000000.000000
0.361000, 1000000000.000000
0.362000, 1000000000.000000
0.363000, 1000000000.000000
0.364000, 1000000000.000000
0.365000, 1000000000.000000
0.366000, 1000000000.000000
0.367000, 1000000000.000000
0.368000, 1000000000.000000
0.369000, 1000000000.000000
0.370000, 1000000000.000000
0.371000, 1000000000.000000
0.372000, 1000000000.000000
0.373000, 1000000000.000000
0.374000, 1000000000.000000
0.375000, 1000000000.000000
0.376000, 1000000000.000000
0.377000, 1000000000.000000
0.378000, 1000000000.000000
0.379000, 1000000000.000000
0.380000, 1000000000.000000
0.381000, 1000000000.000000
0.382000, 1000000000.000000
0.383000, 1000000000.000000
0.384000, 1000000000.000000
0.385000, 1000000000.000000
0.386000, 1000000000.000000
0.387000, 1000000000.000000
0.388000, 1000000000.000000
0.389000, 1000000000.000000
0.390000, 1000000000.000000
0.391000, 1000000000.000000
0.392000, 1000000000.000000
0.393000, 1000000000.000000
0.394000, 1000000000.000000
0.395000, 1000000000.000000
0.396000, 1000000000.000000
0.397000, 1000000000.000000
0.398000, 1000000000.000000
0.399000, 1000000000.000000
0.400000, 1000000000.000000
0.401000, 1000000000.000000
0.402000, 1000000000.000000
0.403000, 1000000000.000000
0.404000, 1000000000.000000
0.405000, 1000000000.000000
0.406000, 1000000000.000000
0.407000, 1000000000.000000
0.408000, 1000000000.000000
0.409000, 1000000000.000000
0.410000, 1000000000.000000
0.411000, 1000000000.000000
0.412000, 1000000000.000000
0.413000, 1000000000.000000
0.414000, 1000000000.000000
0.415000, 1000000000.000000
0.416000, 1000000000.000000
0.417000, 1000000000.000000
0.418000, 1000000000.000000
0.419000, 1000000000.000000
0.420000, 1000000000.000000
0.421000, 1000000000.000000
0.422000, 1000000000.000000
0.423000, 1000000000.000000
0.424000, 1000000000.000000
0.425000, 1000000000.000000
0.426000, 1000000000.000000
0.427000, 1000000000.000000
0.428000, 1000000000.000000
0.429000, 1000000000.000000
0.430000, 1000000000.000000
0.431000, 1000000000.000000
0.432000, 1000000000.000000
0.433000, 1000000000.000000
0.434000, 1000000000.000000
0.435000, 1000000000.000000
0.436000, 1000000000.000000
0.437000, 1000000000.000000
0.438000, 1000000000.000000
0.439000, 1000000000.000000
0.440000, 1000000000.000000
0.441000, 1000000000.000000
0.442000, 1000000000.000000
0.443000, 1000000000.000000
0.444000, 1000000000.000000
0.445000, 1000000000.000000
0.446000, 1000000000.000000
0.447000, 1000000000.000000
0.448000, 1000000000.000000
0.449000, 1000000000.000000
0.450000, 1000000000.000000
0.451000, 1000000000.000000
0.452000, 1000000000.000000
0.453000, 1000000000.000000
0.454000, 1000000000.000000
0.455000, 1000000000.000000
0.456000, 1000000000.000000
0.457000, 1000000000.000000
0.458000, 1000000000.000000
0.459000, 1000000000.000000
0.460000, 1000000000.000000
0.461000, 1000000000.000000
0.462000, 1000000000.000000
0.463000, 1000000000.000000
0.464000, 1000000000.000000
0.465000, 1000000000.000000
0.466000, 1000000000.000000
0.467000, 1000000000.000000
0.468000, 1000000000.000000
0.469000, 1000000000.000000
0.470000, 1000000000.000000
0.471000, 1000000000.000000
0.472000, 1000000000.000000
0.473000, 1000000000.000000
0.474000, 1000000000.000000
0.475000, 1000000000.000000
0.476000, 1000000000.000000
0.477000, 1000000000.000000
0.478000, 1000000000.000000
0.479000, 1000000000.000000
0.480000, 1000000000.000000
0.481000, 1000000000.000000
0.482000, 1000000000.000000
0.483000, 1000000000.000000
0.484000, 1000000000.000000
0.485000, 1000000000.000000
0.486000, 1000000000.000000
0.487000, 1000000000.000000
0.488000, 1000000000.000000
0.489000, 1000000000.000000
0.490000, 1000000000.000000
0.491000, 1000000000.000000
0.492000, 1000000000.000000
0.493000, 1000000000.000000
0.494000, 1000000000.000000
0.495000, 1000000000.000000
0.496000, 1000000000.000000
0.497000, 1000000000.000000
0.498000, 1000000000.000000
0.499000, 1000000000.000000
0.500000, 1000000000.000000
0.501000, 1000000000.000000
0.502000, 1000000000.000000
0.503000, 1000000000.000000
0.504000, 1000000000.000000
0.505000, 1000000000.000000
0.506000, 1000000000.000000
0.507000, 1000000000.000000
0.508000, 1000000000.000000
0.509000, 1000000000.000000
0.510000, 1000000000.000000
0.511000, 1000000000.000000
0.512000, 1000000000.000000
0.513000, 1000000000.000000
0.514000, 1000000000.000000
0.515000, 1000000000.000000
0.516000, 1000000000.000000
0.517000, 1000000000.000000
0.518000, 1000000000.000000
0.519000, 1000000000.000000
0.520000, 1000000000.000000
0.521000, 1000000000.000000
0.522000, 1000000000.000000
0.523000, 1000000000.000000
0.524000, 1000000000.000000
0.525000, 1000000000.000000
0.526000, 1000000000.000000
0.527000, 1000000000.000000
0.528000, 1000000000.000000
0.529000, 1000000000.000000
0.530000, 1000000000.000000
0.531000, 1000000000.000000
0.532000, 1000000000.000000
0.533000, 1000000000.000000
0.534000, 1000000000.000000
0.535000, 1000000000.000000
0.536000, 1000000000.000000
0.537000, 1000000000.000000
0.538000, 1000000000.000000
0.539000, 1000000000.000000
0.540000, 1000000000.000000
0.541000, 1000000000.000000
0.542000, 1000000000.000000
0.543000, 1000000000.000000
0.544000, 1000000000.000000
0.545000, 1000000000.000000
0.546000, 1000000000.000000
0.547000, 1000000000.000000
0.548000, 1000000000.000000
0.549000, 1000000000.000000
0.550000, 1000000000.000000
0.551000, 1000000000.000000
0.552000, 1000000000.000000
0.553000, 1000000000.000000
0.554000, 1000000000.000000
0.555000, 1000000000.000000
0.556000, 1000000000.000000
0.557000, 1000000000.000000
0.558000, 1000000000.000000
0.559000, 1000000000.000000
0.560000, 1000000000.000000
0.561000, 1000000000.000000
0.562000, 1000000000.000000
0.563000, 1000000000.000000
0.564000, 1000000000.000000
0.565000, 1000000000.000000
0.566000, 1000000000.000000
0.567000, 1000000000.000000
0.568000, 1000000000.000000
0.569000, 1000000000.000000
0.570000, 1000000000.000000
0.571000, 1000000000.000000
0.572000, 1000000000.000000
0.573000, 1000000000.000000
0.574000, 1000000000.000000
0.575000, 1000000000.000000
0.576000, 1000000000.000000
0.577000, 1000000000.000000
0.578000, 1000000000.000000
0.579000, 1000000000.000000
0.580000, 1000000000.000000
0.581000, 1000000000.000000
0.582000, 1000000000.000000
0.583000, 1000000000.000000
0.584000, 1000000000.000000
0.585000, 1000000000.000000
0.586000, 1000000000.000000
0.587000, 1000000000.000000
0.588000, 1000000000.000000
0.589000, 1000000000.000000
0.590000, 1000000000.000000
0.591000, 1000000000.000000
0.592000, 1000000000.000000
0.593000, 1000000000.000000
0.594000, 1000000000.000000
0.595000, 1000000000.000000
0.596000, 1000000000.000000
0.597000, 1000000000.000000
0.598000, 1000000000.000000
0.599000, 1000000000.000000
0.600000, 1000000000.000000
0.601000, 1000000000.000000
0.602000, 1000000000.000000
0.603000, 1000000000.000000
0.604000, 1000000000.000000
0.605000, 1000000000.000000
0.606000, 1000000000.000000
0.607000, 1000000000.000000
0.608000, 1000000000.000000
0.609000, 1000000000.000000
0.610000, 1000000000.000000
0.611000, 1000000000.000000
0.612000, 1000000000.000000
0.613000, 1000000000.000000
0.614000, 1000000000.000000
0.615000, 1000000000.000000
0.616000, 1000000000.000000
0.617000, 1000000000.000000
0.618000, 1000000000.000000
0.619000, 1000000000.000000
0.620000, 1000000000.000000
0.621000, 1000000000.000000
0.622000, 1000000000.000000
0.623000, 1000000000.000000
0.624000, 1000000000.000000
0.625000, 1000000000.000000
0.626000, 1000000000.000000
0.627000, 1000000000.000000
0.628000, 1000000000.000000
0.629000, 1000000000.000000
0.630000, 1000000000.000000
0.631000, 1000000000.000000
0.632000, 1000000000.000000
0.633000, 1000000000.000000
0.634000, 1000000000.000000
0.635000, 1000000000.000000
0.636000, 1000000000.000000
0.637000, 1000000000.000000
0.638000, 1000000000.000000
0.639000, 1000000000.000000
0.640000, 1000000000.000000
0.641000, 1000000000.000000
0.642000, 1000000000.000000
0.643000, 1000000000.000000
0.644000, 1000000000.000000
0.645000, 1000000000.000000
0.646000, 1000000000.000000
0.647000, 1000000000.000000
0.648000, 1000000000.000000
0.649000, 1000000000.000000
0.650000, 1000000000.000000
0.651000, 1000000000.000000
0.652000, 1000000000.000000
0.653000, 1000000000.000000
0.654000, 1000000000.000000
0.655000, 1000000000.000000
0.656000, 1000000000.000000
0.657000, 1000000000.000000
0.658000, 1000000000.000000
0.659000, 1000000000.000000
0.660000, 1000000000.000000
0.661000, 1000000000.000000
0.662000, 1000000000.000000
0.663000, 1000000000.000000
0.664000, 1000000000.000000
0.665000, 1000000000.000000
0.666000, 1000000000.000000
0.667000, 1000000000.000000
0.668000, 1000000000.000000
0.669000, 1000000000.000000
0.670000, 1000000000.000000
0.671000, 1000000000.000000
0.672000, 1000000000.000000
0.673000, 1000000000.000000
0.674000, 1000000000.000000
0.675000, 1000000000.000000
0.676000, 1000000000.000000
0.677000, 1000000000.000000
0.678000, 1000000000.000000
0.679000, 1000000000.000000
0.680000, 1000000000.000000
0.681000, 1000000000.000000
0.682000, 1000000000.000000
0.683000, 1000000000.000000
0.684000, 1000000000.000000
0.685000, 1000000000.000000
0.686000, 1000000000.000000
0.687000, 1000000000.000000
0.688000, 1000000000.000000
0.689000, 1000000000.000000
0.690000, 1000000000.000000
0.691000, 1000000000.000000
0.692000, 1000000000.000000
0.693000, 1000000000.000000
0.694000, 1000000000.000000
0.695000, 1000000000.000000
0.696000, 1000000000.000000
0.697000, 1000000000.000000
0.698000, 1000000000.000000
0.699000, 1000000000.000000
0.700000, 1000000000.000000
0.701000, 1000000000.000000
0.702000, 1000000000.000000
0.703000, 1000000000.000000
0.704000, 1000000000.000000
0.705000, 1000000000.000000
0.706000, 1000000000.000000
0.707000, 1000000000.000000
0.708000, 1000000000.000000
0.709000, 1000000000.000000
0.710000, 1000000000.000000
0.711000, 1000000000.000000
0.712000, 1000000000.000000
0.713000, 1000000000.000000
0.714000, 1000000000.000000
0.715000, 1000000000.000000
0.716000, 1000000000.000000
0.717000, 1000000000.000000
0.718000, 1000000000.000000
0.719000, 1000000000.000000
0.720000, 1000000000.000000
0.721000, 1000000000.000000
0.722000, 1000000000.000000
0.723000, 1000000000.000000
0.724000, 1000000000.000000
0.725000, 1000000000.000000
0.726000, 1000000000.000000
0.727000, 1000000000.000000
0.728000, 1000000000.000000
0.729000, 1000000000.000000
0.730000, 1000000000.000000
0.731000, 1000000000.000000
0.732000, 1000000000.000000
0.733000, 1000000000.000000
0.734000, 1000000000.000000
0.735000, 1000000000.000000
0.736000, 1000000000.000000
0.737000, 1000000000.000000
0.738000, 1000000000.000000
0.739000, 1000000000.000000
0.740000, 1000000000.000000
0.741000, 1000000000.000000
0.742000, 1000000000.000000
0.743000, 1000000000.000000
0.744000, 1000000000.000000
0.745000, 1000000000.000000
0.746000, 1000000000.000000
0.747000, 1000000000.000000
0.748000, 1000000000.000000
0.749000, 1000000000.000000
0.750000, 1000000000.000000
0.751000, 1000000000.000000
0.752000, 1000000000.000000
0.753000, 1000000000.000000
0.754000, 1000000000.000000
0.755000, 1000000000.000000
0.756000, 1000000000.000000
0.757000, 1000000000.000000
0.758000, 1000000000.000000
0.759000, 1000000000.000000
0.760000, 1000000000.000000
0.761000, 1000000000.000000
0.762000, 1000000000.000000
0.763000, 1000000000.000000
0.764000, 1000000000.000000
0.765000, 1000000000.000000
0.766000, 1000000000.000000
0.767000, 1000000000.000000
0.768000, 1000000000.000000
0.769000, 1000000000.000000
0.770000, 1000000000.000000
0.771000, 1000000000.000000
0.772000, 1000000000.000000
0.773000, 1000000000.000000
0.774000, 1000000000.000000
0.775000, 1000000000.000000
0.776000, 1000000000.000000
0.777000, 1000000000.000000
0.778000, 1000000000.000000
0.779000, 1000000000.000000
0.780000, 1000000000.000000
0.781000, 1000000000.000000
0.782000, 1000000000.000000
0.783000, 1000000000.000000
0.784000, 1000000000.000000
0.785000, 1000000000.000000
0.786000, 1000000000.000000
0.787000, 1000000000.000000
0.788000, 1000000000.000000
0.789000, 1000000000.000000
0.790000, 1000000000.000000
0.791000, 1000000000.000000
0.792000, 1000000000.000000
0.793000, 1000000000.000000
0.794000, 1000000000.000000
0.795000, 1000000000.000000
0.796000, 1000000000.000000
0.797000, 1000000000.000000
0.798000, 1000000000.000000
0.799000, 1000000000.000000
0.800000, 1000000000.000000
0.801000, 1000000000.000000
0.802000, 1000000000.000000
0.803000, 1000000000.000000
0.804000, 1000000000.000000
0.805000, 1000000000.000000
0.806000, 1000000000.000000
0.807000, 1000000000.000000
0.808000, 1000000000.000000
0.809000, 1000000000.000000
0.810000, 1000000000.000000
0.811000, 1000000000.000000
0.812000, 1000000000.000000
0.813000, 1000000000.000000
0.814000, 1000000000.000000
0.815000, 1000000000.000000
0.816000, 1000000000.000000
0.817000, 1000000000.000000
0.818000, 1000000000.000000
0.819000, 1000000000.000000
0.820000, 1000000000.000000
0.821000, 1000000000.000000
0.822000, 1000000000.000000
0.823000, 1000000000.000000
0.824000, 1000000000.000000
0.825000, 1000000000.000000
0.826000, 1000000000.000000
0.827000, 1000000000.000000
0.828000, 1000000000.000000
0.829000, 1000000000.000000
0.830000, 1000000000.000000
0.831000, 1000000000.000000
0.832000, 1000000000.000000
0.833000, 1000000000.000000
0.834000, 1000000000.000000
0.835000, 1000000000.000000
0.836000, 1000000000.000000
0.837000, 1000000000.000000
0.838000, 1000000000.000000
0.839000, 1000000000.000000
0.840000, 1000000000.000000
0.841000, 1000000000.000000
0.842000, 1000000000.000000
0.843000, 1000000000.000000
0.844000, 1000000000.000000
0.845000, 1000000000.000000
0.846000, 1000000000.000000
0.847000, 1000000000.000000
0.848000, 1000000000.000000
0.849000, 1000000000.000000
0.850000, 1000000000.000000
0.851000, 1000000000.000000
0.852000, 1000000000.000000
0.853000, 1000000000.000000
0.854000, 1000000000.000000
0.855000, 1000000000.000000
0.856000, 1000000000.000000
0.857000, 1000000000.000000
0.858000, 1000000000.000000
0.859000, 1000000000.000000
0.860000, 1000000000.000000
0.861000, 1000000000.000000
0.862000, 1000000000.000000
0.863000, 1000000000.000000
0.864000, 1000000000.000000
0.865000, 1000000000.000000
0.866000, 1000000000.000000
0.867000, 1000000000.000000
0.868000, 1000000000.000000
0.869000, 1000000000.000000
0.870000, 1000000000.000000
0.871000, 1000000000.000000
0.872000, 1000000000.000000
0.873000, 1000000000.000000
0.874000, 1000000000.000000
0.875000, 1000000000.000000
0.876000, 1000000000.000000
0.877000, 1000000000.000000
0.878000, 1000000000.000000
0.879000, 1000000000.000000
0.880000, 1000000000.000000
0.881000, 1000000000.000000
0.882000, 1000000000.000000
0.883000, 1000000000.000000
0.884000, 1000000000.000000
0.885000, 1000000000.000000
0.886000, 1000000000.000000
0.887000, 1000000000.000000
0.888000, 1000000000.000000
0.889000, 1000000000.000000
0.890000, 1000000000.000000
0.891000, 1000000000.000000
0.892000, 1000000000.000000
0.893000, 1000000000.000000
0.894000, 1000000000.000000
0.895000, 1000000000.000000
0.896000, 1000000000.000000
0.897000, 1000000000.000000
0.898000, 1000000000.000000
0.899000, 1000000000.000000
0.900000, 1000000000.000000
0.901000, 1000000000.000000
0.902000, 1000000000.000000
0.903000, 1000000000.000000
0.904000, 1000000000.000000
0.905000, 1000000000.000000
0.906000, 1000000000.000000
0.907000, 1000000000.000000
0.908000, 1000000000.000000
0.909000, 1000000000.000000
0.910000, 1000000000.000000
0.911000, 1000000000.000000
0.912000, 1000000000.000000
0.913000, 1000000000.000000
0.914000, 1000000000.000000
0.915000, 1000000000.000000
0.916000, 1000000000.000000
0.917000, 1000000000.000000
0.918000, 1000000000.000000
0.919000, 1000000000.000000
0.920000, 1000000000.000000
0.921000, 1000000000.000000
0.922000, 1000000000.000000
0.923000, 1000000000.000000
0.924000, 1000000000.000000
0.925000, 1000000000.000000
0.926000, 1000000000.000000
0.927000, 1000000000.000000
0.928000, 1000000000.000000
0.929000, 1000000000.000000
0.930000, 1000000000.000000
0.931000, 1000000000.000000
0.932000, 1000000000.000000
0.933000, 1000000000.000000
0.934000, 1000000000.000000
0.935000, 1000000000.000000
0.936000, 1000000000.000000
0.937000, 1000000000.000000
0.938000, 1000000000.000000
0.939000, 1000000000.000000
0.940000, 1000000000.000000
0.941000, 1000000000.000000
0.942000, 1000000000.000000
0.943000, 1000000000.000000
0.944000, 1000000000.000000
0.945000, 1000000000.000000
0.946000, 1000000000.000000
0.947000, 1000000000.000000
0.948000, 1000000000.000000
0.949000, 1000000000.000000
0.950000, 1000000000.000000
0.951000, 1000000000.000000
0.952000, 1000000000.000000
0.953000, 1000000000.000000
0.954000, 1000000000.000000
0.955000, 1000000000.000000
0.956000, 1000000000.000000
0.957000, 1000000000.000000
0.958000, 1000000000.000000
0.959000, 1000000000.000000
0.960000, 1000000000.000000
0.961000, 1000000000.000000
0.962000, 1000000000.000000
0.963000, 1000000000.000000
0.964000, 1000000000.000000
0.965000, 1000000000.000000
0.966000, 1000000000.000000
0.967000, 1000000000.000000
0.968000, 1000000000.000000
0.969000, 1000000000.000000
0.970000, 1000000000.000000
0.971000, 1000000000.000000
0.972000, 1000000000.000000
0.973000, 1000000000.000000
0.974000, 1000000000.000000
0.975000, 1000000000.000000
0.976000, 1000000000.000000
0.977000, 1000000000.000000
0.978000, 1000000000.000000
0.979000, 1000000000.000000
0.980000, 1000000000.000000
0.981000, 1000000000.000000
0.982000, 1000000000.000000
0.983000, 1000000000.000000
0.984000, 1000000000.000000
0.985000, 1000000000.000000
0.986000, 1000000000.000000
0.987000, 1000000000.000000
0.988000, 1000000000.000000
0.989000, 1000000000.000000
0.990000, 1000000000.000000
0.991000, 1000000000.000000
0.992000, 1000000000.000000
0.993000, 1000000000.000000
0.994000, 1000000000.000000
0.995000, 1000000000.000000
0.996000, 1000000000.000000
0.997000, 1000000000.000000
0.998000, 1000000000.000000
0.999000, 1000000000.000000
1.000000, 0.000000
