0.000000, 0.000000
0.001000, 63.296486
0.002000, 126.591722
0.003000, 189.886958
0.004000, 253.178446
0.005000, 316.469934
0.006000, 379.755175
0.007000, 443.040416
0.008000, 506.316912
0.009000, 569.593407
0.010000, 632.858660
0.011000, 696.123912
0.012000, 759.375424
0.013000, 822.626936
0.014000, 885.862209
0.015000, 949.097483
0.016000, 1012.314022
0.017000, 1075.530562
0.018000, 1138.725871
0.019000, 1201.921180
0.020000, 1265.092765
0.021000, 1328.264349
0.022000, 1391.409715
0.023000, 1454.555080
0.024000, 1517.671734
0.025000, 1580.788388
0.026000, 1643.873839
0.027000, 1706.959289
0.028000, 1770.011046
0.029000, 1833.062802
0.030000, 1896.078376
0.031000, 1959.093949
0.032000, 2022.070852
0.033000, 2085.047754
0.034000, 2147.983500
0.035000, 2210.919246
0.036000, 2273.811350
0.037000, 2336.703454
0.038000, 2399.549433
0.039000, 2462.395412
0.040000, 2525.192786
0.041000, 2587.990160
0.042000, 2650.736449
0.043000, 2713.482738
0.044000, 2776.175466
0.045000, 2838.868193
0.046000, 2901.504883
0.047000, 2964.141574
0.048000, 3026.719755
0.049000, 3089.297936
0.050000, 3151.815136
0.051000, 3214.332337
0.052000, 3276.786090
0.053000, 3339.239842
0.054000, 3401.627681
0.055000, 3464.015520
0.056000, 3526.334982
0.057000, 3588.654444
0.058000, 3650.903069
0.059000, 3713.151695
0.060000, 3775.327025
0.061000, 3837.502356
0.062000, 3899.601938
0.063000, 3961.701520
0.064000, 4023.722901
0.065000, 4085.744282
0.066000, 4147.685014
0.067000, 4209.625746
0.068000, 4271.483384
0.069000, 4333.341021
0.070000, 4395.113123
0.071000, 4456.885224
0.072000, 4518.569350
0.073000, 4580.253476
0.074000, 4641.847192
0.075000, 4703.440908
0.076000, 4764.941781
0.077000, 4826.442655
0.078000, 4887.848259
0.079000, 4949.253864
0.080000, 5010.561774
0.081000, 5071.869684
0.082000, 5133.077479
0.083000, 5194.285275
0.084000, 5255.390540
0.085000, 5316.495805
0.086000, 5377.496127
0.087000, 5438.496449
0.088000, 5499.389419
0.089000, 5560.282390
0.090000, 5621.065605
0.091000, 5681.848821
0.092000, 5742.519881
0.093000, 5803.190942
0.094000, 5863.747452
0.095000, 5924.303963
0.096000, 5984.743533
0.097000, 6045.183102
0.098000, 6105.503346
0.099000, 6165.823589
0.100000, 6226.022124
0.101000, 6286.220659
0.102000, 6346.295109
0.103000, 6406.369559
0.104000, 6466.317554
0.105000, 6526.265548
0.106000, 6586.084719
0.107000, 6645.903890
0.108000, 6705.591877
0.109000, 6765.279864
0.110000, 6824.834310
0.111000, 6884.388756
0.112000, 6943.807310
0.113000, 7003.225864
0.114000, 7062.506180
0.115000, 7121.786497
0.116000, 7180.926235
0.117000, 7240.065973
0.118000, 7299.062799
0.119000, 7358.059625
0.120000, 7416.911209
0.121000, 7475.762793
0.122000, 7534.466811
0.123000, 7593.170830
0.124000, 7651.724966
0.125000, 7710.279102
0.126000, 7768.681044
0.127000, 7827.082986
0.128000, 7885.330427
0.129000, 7943.577869
0.130000, 8001.668512
0.131000, 8059.759154
0.132000, 8117.690704
0.133000, 8175.622253
0.134000, 8233.392423
0.135000, 8291.162593
0.136000, 8348.769102
0.137000, 8406.375612
0.138000, 8463.816187
0.139000, 8521.256761
0.140000, 8578.529134
0.141000, 8635.801506
0.142000, 8692.903415
0.143000, 8750.005324
0.144000, 8806.934516
0.145000, 8863.863707
0.146000, 8920.617934
0.147000, 8977.372160
0.148000, 9033.949181
0.149000, 9090.526202
0.150000, 9146.923783
0.151000, 9203.321365
0.152000, 9259.537281
0.153000, 9315.753197
0.154000, 9371.785228
0.155000, 9427.817258
0.156000, 9483.663192
0.157000, 9539.509126
0.158000, 9595.166758
0.159000, 9650.824390
0.160000, 9706.291523
0.161000, 9761.758657
0.162000, 9817.033101
0.163000, 9872.307545
0.164000, 9927.387119
0.165000, 9982.466692
0.166000, 10037.349220
0.167000, 10092.231748
0.168000, 10146.915064
0.169000, 10201.598380
0.170000, 10256.080326
0.171000, 10310.562271
0.172000, 10364.840695
0.173000, 10419.119118
0.174000, 10473.191877
0.175000, 10527.264636
0.176000, 10581.129596
0.177000, 10634.994556
0.178000, 10688.649590
0.179000, 10742.304625
0.180000, 10795.747615
0.181000, 10849.190605
0.182000, 10902.419442
0.183000, 10955.648278
0.184000, 11008.660860
0.185000, 11061.673441
0.186000, 11114.467675
0.187000, 11167.261908
0.188000, 11219.835710
0.189000, 11272.409511
0.190000, 11324.760805
0.191000, 11377.112098
0.192000, 11429.238817
0.193000, 11481.365536
0.194000, 11533.265623
0.195000, 11585.165710
0.196000, 11636.837116
0.197000, 11688.508521
0.198000, 11739.949206
0.199000, 11791.389890
0.200000, 11842.597823
0.201000, 11893.805755
0.202000, 11944.778914
0.203000, 11995.752073
0.204000, 12046.488446
0.205000, 12097.224819
0.206000, 12147.722403
0.207000, 12198.219987
0.208000, 12248.476789
0.209000, 12298.733591
0.210000, 12348.747626
0.211000, 12398.761662
0.212000, 12448.530956
0.213000, 12498.300250
0.214000, 12547.822839
0.215000, 12597.345428
0.216000, 12646.619355
0.217000, 12695.893283
0.218000, 12744.916605
0.219000, 12793.939927
0.220000, 12842.710707
0.221000, 12891.481487
0.222000, 12939.997801
0.223000, 12988.514114
0.224000, 13036.774046
0.225000, 13085.033977
0.226000, 13133.035621
0.227000, 13181.037265
0.228000, 13228.778727
0.229000, 13276.520188
0.230000, 13323.999583
0.231000, 13371.478977
0.232000, 13418.694430
0.233000, 13465.909883
0.234000, 13512.859531
0.235000, 13559.809178
0.236000, 13606.491166
0.237000, 13653.173155
0.238000, 13699.585641
0.239000, 13745.998127
0.240000, 13792.139280
0.241000, 13838.280432
0.242000, 13884.148428
0.243000, 13930.016425
0.244000, 13975.609454
0.245000, 14021.202484
0.246000, 14066.518747
0.247000, 14111.835011
0.248000, 14156.872718
0.249000, 14201.910426
0.250000, 14246.667800
0.251000, 14291.425174
0.252000, 14335.900448
0.253000, 14380.375722
0.254000, 14424.567139
0.255000, 14468.758556
0.256000, 14512.664373
0.257000, 14556.570189
0.258000, 14600.188671
0.259000, 14643.807154
0.260000, 14687.136579
0.261000, 14730.466005
0.262000, 14773.504665
0.263000, 14816.543324
0.264000, 14859.289517
0.265000, 14902.035711
0.266000, 14944.487750
0.267000, 14986.939790
0.268000, 15029.096001
0.269000, 15071.252211
0.270000, 15113.110928
0.271000, 15154.969645
0.272000, 15196.529216
0.273000, 15238.088787
0.274000, 15279.347571
0.275000, 15320.606355
0.276000, 15361.562723
0.277000, 15402.519091
0.278000, 15443.171427
0.279000, 15483.823763
0.280000, 15524.170461
0.281000, 15564.517160
0.282000, 15604.556628
0.283000, 15644.596096
0.284000, 15684.326753
0.285000, 15724.057410
0.286000, 15763.477688
0.287000, 15802.897966
0.288000, 15842.006308
0.289000, 15881.114650
0.290000, 15919.909512
0.291000, 15958.704375
0.292000, 15997.184226
0.293000, 16035.664077
0.294000, 16073.827398
0.295000, 16111.990719
0.296000, 16149.836003
0.297000, 16187.681287
0.298000, 16225.207041
0.299000, 16262.732794
0.300000, 16299.937534
0.301000, 16337.142275
0.302000, 16374.024535
0.303000, 16410.906794
0.304000, 16447.465116
0.305000, 16484.023439
0.306000, 16520.256380
0.307000, 16556.489322
0.308000, 16592.395453
0.309000, 16628.301584
0.310000, 16663.879486
0.311000, 16699.457389
0.312000, 16734.705658
0.313000, 16769.953927
0.314000, 16804.871172
0.315000, 16839.788417
0.316000, 16874.373259
0.317000, 16908.958101
0.318000, 16943.209174
0.319000, 16977.460248
0.320000, 17011.376201
0.321000, 17045.292154
0.322000, 17078.871647
0.323000, 17112.451141
0.324000, 17145.692849
0.325000, 17178.934558
0.326000, 17211.837169
0.327000, 17244.739779
0.328000, 17277.301994
0.329000, 17309.864208
0.330000, 17342.084741
0.331000, 17374.305274
0.332000, 17406.182852
0.333000, 17438.060431
0.334000, 17469.593797
0.335000, 17501.127164
0.336000, 17532.315073
0.337000, 17563.502982
0.338000, 17594.344202
0.339000, 17625.185423
0.340000, 17655.678737
0.341000, 17686.172052
0.342000, 17716.316256
0.343000, 17746.460461
0.344000, 17776.254366
0.345000, 17806.048270
0.346000, 17835.490699
0.347000, 17864.933127
0.348000, 17894.022917
0.349000, 17923.112707
0.350000, 17951.848710
0.351000, 17980.584713
0.352000, 18008.965795
0.353000, 18037.346877
0.354000, 18065.371917
0.355000, 18093.396957
0.356000, 18121.064849
0.357000, 18148.732740
0.358000, 18176.042392
0.359000, 18203.352043
0.360000, 18230.302376
0.361000, 18257.252709
0.362000, 18283.842659
0.363000, 18310.432609
0.364000, 18336.661127
0.365000, 18362.889645
0.366000, 18388.755695
0.367000, 18414.621745
0.368000, 18440.124307
0.369000, 18465.626868
0.370000, 18490.764934
0.371000, 18515.903000
0.372000, 18540.675577
0.373000, 18565.448155
0.374000, 18589.854267
0.375000, 18614.260378
0.376000, 18638.299060
0.377000, 18662.337742
0.378000, 18686.008046
0.379000, 18709.678349
0.380000, 18732.979340
0.381000, 18756.280330
0.382000, 18779.211087
0.383000, 18802.141845
0.384000, 18824.701464
0.385000, 18847.261084
0.386000, 18869.448674
0.387000, 18891.636265
0.388000, 18913.450950
0.389000, 18935.265636
0.390000, 18956.706556
0.391000, 18978.147476
0.392000, 18999.213783
0.393000, 19020.280091
0.394000, 19040.970954
0.395000, 19061.661818
0.396000, 19081.976420
0.397000, 19102.291023
0.398000, 19122.228563
0.399000, 19142.166102
0.400000, 19161.725792
0.401000, 19181.285482
0.402000, 19200.466549
0.403000, 19219.647617
0.404000, 19238.449305
0.405000, 19257.250993
0.406000, 19275.672560
0.407000, 19294.094126
0.408000, 19312.134844
0.409000, 19330.175561
0.410000, 19347.834718
0.411000, 19365.493875
0.412000, 19382.770773
0.413000, 19400.047671
0.414000, 19416.941629
0.415000, 19433.835587
0.416000, 19450.345937
0.417000, 19466.856288
0.418000, 19482.982380
0.419000, 19499.108471
0.420000, 19514.849667
0.421000, 19530.590863
0.422000, 19545.946542
0.423000, 19561.302220
0.424000, 19576.271776
0.425000, 19591.241331
0.426000, 19605.824172
0.427000, 19620.407013
0.428000, 19634.602564
0.429000, 19648.798115
0.430000, 19662.605815
0.431000, 19676.413516
0.432000, 19689.832821
0.433000, 19703.252126
0.434000, 19716.282506
0.435000, 19729.312885
0.436000, 19741.953825
0.437000, 19754.594765
0.438000, 19766.845766
0.439000, 19779.096767
0.440000, 19790.957346
0.441000, 19802.817924
0.442000, 19814.287612
0.443000, 19825.757300
0.444000, 19836.835645
0.445000, 19847.913990
0.446000, 19858.600553
0.447000, 19869.287117
0.448000, 19879.581478
0.449000, 19889.875839
0.450000, 19899.777591
0.451000, 19909.679343
0.452000, 19919.188094
0.453000, 19928.696846
0.454000, 19937.812223
0.455000, 19946.927599
0.456000, 19955.649240
0.457000, 19964.370881
0.458000, 19972.698443
0.459000, 19981.026004
0.460000, 19988.959158
0.461000, 19996.892311
0.462000, 20004.430743
0.463000, 20011.969174
0.464000, 20019.112587
0.465000, 20026.255999
0.466000, 20033.004111
0.467000, 20039.752222
0.468000, 20046.104766
0.469000, 20052.457310
0.470000, 20058.414035
0.471000, 20064.370761
0.472000, 20069.931433
0.473000, 20075.492105
0.474000, 20080.656504
0.475000, 20085.820903
0.476000, 20090.588825
0.477000, 20095.356747
0.478000, 20099.728004
0.479000, 20104.099261
0.480000, 20108.073680
0.481000, 20112.048099
0.482000, 20115.625524
0.483000, 20119.202948
0.484000, 20122.383237
0.485000, 20125.563526
0.486000, 20128.346553
0.487000, 20131.129580
0.488000, 20133.515236
0.489000, 20135.900893
0.490000, 20137.889083
0.491000, 20139.877274
0.492000, 20141.467921
0.493000, 20143.058567
0.494000, 20144.251607
0.495000, 20145.444647
0.496000, 20146.240034
0.497000, 20147.035420
0.498000, 20147.433121
0.499000, 20147.830822
0.500000, 20147.830822
0.501000, 20147.830822
0.502000, 20147.433121
0.503000, 20147.035420
0.504000, 20146.240034
0.505000, 20145.444647
0.506000, 20144.251607
0.507000, 20143.058567
0.508000, 20141.467921
0.509000, 20139.877274
0.510000, 20137.889083
0.511000, 20135.900893
0.512000, 20133.515236
0.513000, 20131.129580
0.514000, 20128.346553
0.515000, 20125.563526
0.516000, 20122.383237
0.517000, 20119.202948
0.518000, 20115.625524
0.519000, 20112.048099
0.520000, 20108.073680
0.521000, 20104.099261
0.522000, 20099.728004
0.523000, 20095.356747
0.524000, 20090.588825
0.525000, 20085.820903
0.526000, 20080.656504
0.527000, 20075.492105
0.528000, 20069.931433
0.529000, 20064.370761
0.530000, 20058.414035
0.531000, 20052.457310
0.532000, 20046.104766
0.533000, 20039.752222
0.534000, 20033.004111
0.535000, 20026.255999
0.536000, 20019.112587
0.537000, 20011.969174
0.538000, 20004.430743
0.539000, 19996.892311
0.540000, 19988.959158
0.541000, 19981.026004
0.542000, 19972.698443
0.543000, 19964.370881
0.544000, 19955.649240
0.545000, 19946.927599
0.546000, 19937.812223
0.547000, 19928.696846
0.548000, 19919.188094
0.549000, 19909.679343
0.550000, 19899.777591
0.551000, 19889.875839
0.552000, 19879.581478
0.553000, 19869.287117
0.554000, 19858.600553
0.555000, 19847.913990
0.556000, 19836.835645
0.557000, 19825.757300
0.558000, 19814.287612
0.559000, 19802.817924
0.560000, 19790.957346
0.561000, 19779.096767
0.562000, 19766.845766
0.563000, 19754.594765
0.564000, 19741.953825
0.565000, 19729.312885
0.566000, 19716.282506
0.567000, 19703.252126
0.568000, 19689.832821
0.569000, 19676.413516
0.570000, 19662.605815
0.571000, 19648.798115
0.572000, 19634.602564
0.573000, 19620.407013
0.574000, 19605.824172
0.575000, 19591.241331
0.576000, 19576.271776
0.577000, 19561.302220
0.578000, 19545.946542
0.579000, 19530.590863
0.580000, 19514.849667
0.581000, 19499.108471
0.582000, 19482.982380
0.583000, 19466.856288
0.584000, 19450.345937
0.585000, 19433.835587
0.586000, 19416.941629
0.587000, 19400.047671
0.588000, 19382.770773
0.589000, 19365.493875
0.590000, 19347.834718
0.591000, 19330.175561
0.592000, 19312.134844
0.593000, 19294.094126
0.594000, 19275.672560
0.595000, 19257.250993
0.596000, 19238.449305
0.597000, 19219.647617
0.598000, 19200.466549
0.599000, 19181.285482
0.600000, 19161.725792
0.601000, 19142.166102
0.602000, 19122.228563
0.603000, 19102.291023
0.604000, 19081.976420
0.605000, 19061.661818
0.606000, 19040.970954
0.607000, 19020.280091
0.608000, 18999.213783
0.609000, 18978.147476
0.610000, 18956.706556
0.611000, 18935.265636
0.612000, 18913.450950
0.613000, 18891.636265
0.614000, 18869.448674
0.615000, 18847.261084
0.616000, 18824.701464
0.617000, 18802.141845
0.618000, 18779.211087
0.619000, 18756.280330
0.620000, 18732.979340
0.621000, 18709.678349
0.622000, 18686.008046
0.623000, 18662.337742
0.624000, 18638.299060
0.625000, 18614.260378
0.626000, 18589.854267
0.627000, 18565.448155
0.628000, 18540.675577
0.629000, 18515.903000
0.630000, 18490.764934
0.631000, 18465.626868
0.632000, 18440.124307
0.633000, 18414.621745
0.634000, 18388.755695
0.635000, 18362.889645
0.636000, 18336.661127
0.637000, 18310.432609
0.638000, 18283.842659
0.639000, 18257.252709
0.640000, 18230.302376
0.641000, 18203.352043
0.642000, 18176.042392
0.643000, 18148.732740
0.644000, 18121.064849
0.645000, 18093.396957
0.646000, 18065.371917
0.647000, 18037.346877
0.648000, 18008.965795
0.649000, 17980.584713
0.650000, 17951.848710
0.651000, 17923.112707
0.652000, 17894.022917
0.653000, 17864.933127
0.654000, 17835.490699
0.655000, 17806.048270
0.656000, 17776.254366
0.657000, 17746.460461
0.658000, 17716.316256
0.659000, 17686.172052
0.660000, 17655.678737
0.661000, 17625.185423
0.662000, 17594.344202
0.663000, 17563.502982
0.664000, 17532.315073
0.665000, 17501.127164
0.666000, 17469.593797
0.667000, 17438.060431
0.668000, 17406.182852
0.669000, 17374.305274
0.670000, 17342.084741
0.671000, 17309.864208
0.672000, 17277.301994
0.673000, 17244.739779
0.674000, 17211.837169
0.675000, 17178.934558
0.676000, 17145.692849
0.677000, 17112.451141
0.678000, 17078.871647
0.679000, 17045.292154
0.680000, 17011.376201
0.681000, 16977.460248
0.682000, 16943.209174
0.683000, 16908.958101
0.684000, 16874.373259
0.685000, 16839.788417
0.686000, 16804.871172
0.687000, 16769.953927
0.688000, 16734.705658
0.689000, 16699.457389
0.690000, 16663.879486
0.691000, 16628.301584
0.692000, 16592.395453
0.693000, 16556.489322
0.694000, 16520.256380
0.695000, 16484.023439
0.696000, 16447.465116
0.697000, 16410.906794
0.698000, 16374.024535
0.699000, 16337.142275
0.700000, 16299.937534
0.701000, 16262.732794
0.702000, 16225.207041
0.703000, 16187.681287
0.704000, 16149.836003
0.705000, 16111.990719
0.706000, 16073.827398
0.707000, 16035.664077
0.708000, 15997.184226
0.709000, 15958.704375
0.710000, 15919.909512
0.711000, 15881.114650
0.712000, 15842.006308
0.713000, 15802.897966
0.714000, 15763.477688
0.715000, 15724.057410
0.716000, 15684.326753
0.717000, 15644.596096
0.718000, 15604.556628
0.719000, 15564.517160
0.720000, 15524.170461
0.721000, 15483.823763
0.722000, 15443.171427
0.723000, 15402.519091
0.724000, 15361.562723
0.725000, 15320.606355
0.726000, 15279.347571
0.727000, 15238.088787
0.728000, 15196.529216
0.729000, 15154.969645
0.730000, 15113.110928
0.731000, 15071.252211
0.732000, 15029.096001
0.733000, 14986.939790
0.734000, 14944.487750
0.735000, 14902.035711
0.736000, 14859.289517
0.737000, 14816.543324
0.738000, 14773.504665
0.739000, 14730.466005
0.740000, 14687.136579
0.741000, 14643.807154
0.742000, 14600.188671
0.743000, 14556.570189
0.744000, 14512.664373
0.745000, 14468.758556
0.746000, 14424.567139
0.747000, 14380.375722
0.748000, 14335.900448
0.749000, 14291.425174
0.750000, 14246.667800
0.751000, 14201.910426
0.752000, 14156.872718
0.753000, 14111.835011
0.754000, 14066.518747
0.755000, 14021.202484
0.756000, 13975.609454
0.757000, 13930.016425
0.758000, 13884.148428
0.759000, 13838.280432
0.760000, 13792.139280
0.761000, 13745.998127
0.762000, 13699.585641
0.763000, 13653.173155
0.764000, 13606.491166
0.765000, 13559.809178
0.766000, 13512.859531
0.767000, 13465.909883
0.768000, 13418.694430
0.769000, 13371.478977
0.770000, 13323.999583
0.771000, 13276.520188
0.772000, 13228.778727
0.773000, 13181.037265
0.774000, 13133.035621
0.775000, 13085.033977
0.776000, 13036.774046
0.777000, 12988.514114
0.778000, 12939.997801
0.779000, 12891.481487
0.780000, 12842.710707
0.781000, 12793.939927
0.782000, 12744.916605
0.783000, 12695.893283
0.784000, 12646.619355
0.785000, 12597.345428
0.786000, 12547.822839
0.787000, 12498.300250
0.788000, 12448.530956
0.789000, 12398.761662
0.790000, 12348.747626
0.791000, 12298.733591
0.792000, 12248.476789
0.793000, 12198.219987
0.794000, 12147.722403
0.795000, 12097.224819
0.796000, 12046.488446
0.797000, 11995.752073
0.798000, 11944.778914
0.799000, 11893.805755
0.800000, 11842.597823
0.801000, 11791.389890
0.802000, 11739.949206
0.803000, 11688.508521
0.804000, 11636.837116
0.805000, 11585.165710
0.806000, 11533.265623
0.807000, 11481.365536
0.808000, 11429.238817
0.809000, 11377.112098
0.810000, 11324.760805
0.811000, 11272.409511
0.812000, 11219.835710
0.813000, 11167.261908
0.814000, 11114.467675
0.815000, 11061.673441
0.816000, 11008.660860
0.817000, 10955.648278
0.818000, 10902.419442
0.819000, 10849.190605
0.820000, 10795.747615
0.821000, 10742.304625
0.822000, 10688.649590
0.823000, 10634.994556
0.824000, 10581.129596
0.825000, 10527.264636
0.826000, 10473.191877
0.827000, 10419.119118
0.828000, 10364.840695
0.829000, 10310.562271
0.830000, 10256.080326
0.831000, 10201.598380
0.832000, 10146.915064
0.833000, 10092.231748
0.834000, 10037.349220
0.835000, 9982.466692
0.836000, 9927.387119
0.837000, 9872.307545
0.838000, 9817.033101
0.839000, 9761.758657
0.840000, 9706.291523
0.841000, 9650.824390
0.842000, 9595.166758
0.843000, 9539.509126
0.844000, 9483.663192
0.845000, 9427.817258
0.846000, 9371.785228
0.847000, 9315.753197
0.848000, 9259.537281
0.849000, 9203.321365
0.850000, 9146.923783
0.851000, 9090.526202
0.852000, 9033.949181
0.853000, 8977.372160
0.854000, 8920.617934
0.855000, 8863.863707
0.856000, 8806.934516
0.857000, 8750.005324
0.858000, 8692.903415
0.859000, 8635.801506
0.860000, 8578.529134
0.861000, 8521.256761
0.862000, 8463.816187
0.863000, 8406.375612
0.864000, 8348.769102
0.865000, 8291.162593
0.866000, 8233.392423
0.867000, 8175.622253
0.868000, 8117.690704
0.869000, 8059.759154
0.870000, 8001.668512
0.871000, 7943.577869
0.872000, 7885.330427
0.873000, 7827.082986
0.874000, 7768.681044
0.875000, 7710.279102
0.876000, 7651.724966
0.877000, 7593.170830
0.878000, 7534.466811
0.879000, 7475.762793
0.880000, 7416.911209
0.881000, 7358.059625
0.882000, 7299.062799
0.883000, 7240.065973
0.884000, 7180.926235
0.885000, 7121.786497
0.886000, 7062.506180
0.887000, 7003.225864
0.888000, 6943.807310
0.889000, 6884.388756
0.890000, 6824.834310
0.891000, 6765.279864
0.892000, 6705.591877
0.893000, 6645.903890
0.894000, 6586.084719
0.895000, 6526.265548
0.896000, 6466.317554
0.897000, 6406.369559
0.898000, 6346.295109
0.899000, 6286.220659
0.900000, 6226.022124
0.901000, 6165.823589
0.902000, 6105.503346
0.903000, 6045.183102
0.904000, 5984.743533
0.905000, 5924.303963
0.906000, 5863.747452
0.907000, 5803.190942
0.908000, 5742.519881
0.909000, 5681.848821
0.910000, 5621.065605
0.911000, 5560.282390
0.912000, 5499.389419
0.913000, 5438.496449
0.914000, 5377.496127
0.915000, 5316.495805
0.916000, 5255.390540
0.917000, 5194.285275
0.918000, 5133.077479
0.919000, 5071.869684
0.920000, 5010.561774
0.921000, 4949.253864
0.922000, 4887.848259
0.923000, 4826.442655
0.924000, 4764.941781
0.925000, 4703.440908
0.926000, 4641.847192
0.927000, 4580.253476
0.928000, 4518.569350
0.929000, 4456.885224
0.930000, 4395.113123
0.931000, 4333.341021
0.932000, 4271.483384
0.933000, 4209.625746
0.934000, 4147.685014
0.935000, 4085.744282
0.936000, 4023.722901
0.937000, 3961.701520
0.938000, 3899.601938
0.939000, 3837.502356
0.940000, 3775.327025
0.941000, 3713.151695
0.942000, 3650.903069
0.943000, 3588.654444
0.944000, 3526.334982
0.945000, 3464.015520
0.946000, 3401.627681
0.947000, 3339.239842
0.948000, 3276.786090
0.949000, 3214.332337
0.950000, 3151.815136
0.951000, 3089.297936
0.952000, 3026.719755
0.953000, 2964.141574
0.954000, 2901.504883
0.955000, 2838.868193
0.956000, 2776.175466
0.957000, 2713.482738
0.958000, 2650.736449
0.959000, 2587.990160
0.960000, 2525.192786
0.961000, 2462.395412
0.962000, 2399.549433
0.963000, 2336.703454
0.964000, 2273.811350
0.965000, 2210.919246
0.966000, 2147.983500
0.967000, 2085.047754
0.968000, 2022.070852
0.969000, 1959.093949
0.970000, 1896.078376
0.971000, 1833.062802
0.972000, 1770.011046
0.973000, 1706.959289
0.974000, 1643.873839
0.975000, 1580.788388
0.976000, 1517.671734
0.977000, 1454.555080
0.978000, 1391.409715
0.979000, 1328.264349
0.980000, 1265.092765
0.981000, 1201.921180
0.982000, 1138.725871
0.983000, 1075.530562
0.984000, 1012.314022
0.985000, 949.097483
0.986000, 885.862209
0.987000, 822.626936
0.988000, 759.375424
0.989000, 696.123912
0.990000, 632.858660
0.991000, 569.593407
0.992000, 506.316912
0.993000, 443.040416
0.994000, 379.755175
0.995000, 316.469934
0.996000, 253.178446
0.997000, 189.886958
0.998000, 126.591722
0.999000, 63.296486
1.000000, 0.000000
