0.000000, 0.000000
0.001000, 52008.988545
0.002000, 104016.950476
0.003000, 156024.912408
0.004000, 208029.794542
0.005000, 260034.676675
0.006000, 312034.425947
0.007000, 364034.175218
0.008000, 416026.738767
0.009000, 468019.302316
0.010000, 520002.627564
0.011000, 571985.952812
0.012000, 623957.987548
0.013000, 675930.022283
0.014000, 727888.714738
0.015000, 779847.407194
0.016000, 831790.706129
0.017000, 883734.005064
0.018000, 935659.859847
0.019000, 987585.714629
0.020000, 1039492.075315
0.021000, 1091398.436001
0.022000, 1143283.253416
0.023000, 1195168.070832
0.024000, 1247029.296653
0.025000, 1298890.522473
0.026000, 1350726.109307
0.027000, 1402561.696141
0.028000, 1454369.597608
0.029000, 1506177.499075
0.030000, 1557955.669887
0.031000, 1609733.840700
0.032000, 1661480.236745
0.033000, 1713226.632789
0.034000, 1764939.211207
0.035000, 1816651.789624
0.036000, 1868328.508891
0.037000, 1920005.228158
0.038000, 1971644.048165
0.039000, 2023282.868172
0.040000, 2074881.750308
0.041000, 2126480.632443
0.042000, 2178037.539672
0.043000, 2229594.446900
0.044000, 2281107.343843
0.045000, 2332620.240786
0.046000, 2384087.093803
0.047000, 2435553.946819
0.048000, 2486972.724086
0.049000, 2538391.501352
0.050000, 2589760.172944
0.051000, 2641128.844536
0.052000, 2692445.382505
0.053000, 2743761.920475
0.054000, 2795024.298933
0.055000, 2846286.677391
0.056000, 2897492.872587
0.057000, 2948699.067783
0.058000, 2999847.058184
0.059000, 3050995.048585
0.060000, 3102082.814955
0.061000, 3153170.581326
0.062000, 3204196.106809
0.063000, 3255221.632292
0.064000, 3306182.902487
0.065000, 3357144.172681
0.066000, 3408039.175725
0.067000, 3458934.178768
0.068000, 3509760.905411
0.069000, 3560587.632055
0.070000, 3611344.075747
0.071000, 3662100.519439
0.072000, 3712784.676402
0.073000, 3763468.833366
0.074000, 3814078.702676
0.075000, 3864688.571986
0.076000, 3915222.155653
0.077000, 3965755.739320
0.078000, 4016211.042364
0.079000, 4066666.345407
0.080000, 4117041.375939
0.081000, 4167416.406471
0.082000, 4217709.175770
0.083000, 4268001.945070
0.084000, 4318210.467665
0.085000, 4368418.990260
0.086000, 4418541.284005
0.087000, 4468663.577749
0.088000, 4518697.663900
0.089000, 4568731.750051
0.090000, 4618675.653349
0.091000, 4668619.556647
0.092000, 4718471.305392
0.093000, 4768323.054137
0.094000, 4818080.680267
0.095000, 4867838.306397
0.096000, 4917499.845566
0.097000, 4967161.384735
0.098000, 5016724.876392
0.099000, 5066288.368048
0.100000, 5115751.855509
0.101000, 5165215.342970
0.102000, 5214576.873503
0.103000, 5263938.404035
0.104000, 5313196.028931
0.105000, 5362453.653826
0.106000, 5411605.428477
0.107000, 5460757.203128
0.108000, 5509801.187106
0.109000, 5558845.171085
0.110000, 5607779.428220
0.111000, 5656713.685354
0.112000, 5705536.283803
0.113000, 5754358.882253
0.114000, 5803067.894584
0.115000, 5851776.906915
0.116000, 5900370.410180
0.117000, 5948963.913445
0.118000, 5997439.989256
0.119000, 6045916.065067
0.120000, 6094272.799670
0.121000, 6142629.534274
0.122000, 6190865.018629
0.123000, 6239100.502985
0.124000, 6287212.832838
0.125000, 6335325.162691
0.126000, 6383312.438650
0.127000, 6431299.714608
0.128000, 6479160.042216
0.129000, 6527020.369824
0.130000, 6574751.859638
0.131000, 6622483.349452
0.132000, 6670084.117114
0.133000, 6717684.884777
0.134000, 6765153.051091
0.135000, 6812621.217405
0.136000, 6859954.908408
0.137000, 6907288.599412
0.138000, 6954485.946453
0.139000, 7001683.293493
0.140000, 7048742.433300
0.141000, 7095801.573106
0.142000, 7142720.647865
0.143000, 7189639.722623
0.144000, 7236416.880049
0.145000, 7283194.037474
0.146000, 7329827.430885
0.147000, 7376460.824296
0.148000, 7422948.612685
0.149000, 7469436.401075
0.150000, 7515776.749184
0.151000, 7562117.097294
0.152000, 7608308.175687
0.153000, 7654499.254079
0.154000, 7700539.239209
0.155000, 7746579.224340
0.156000, 7792466.298628
0.157000, 7838353.372917
0.158000, 7884085.724821
0.159000, 7929818.076725
0.160000, 7975393.900809
0.161000, 8020969.724893
0.162000, 8066387.221901
0.163000, 8111804.718910
0.164000, 8157062.095838
0.165000, 8202319.472767
0.166000, 8247414.942931
0.167000, 8292510.413095
0.168000, 8337442.196203
0.169000, 8382373.979311
0.170000, 8427140.301534
0.171000, 8471906.623756
0.172000, 8516505.717795
0.173000, 8561104.811833
0.174000, 8605534.916993
0.175000, 8649965.022152
0.176000, 8694224.384407
0.177000, 8738483.746662
0.178000, 8782570.618729
0.179000, 8826657.490797
0.180000, 8870570.132202
0.181000, 8914482.773608
0.182000, 8958219.450755
0.183000, 9001956.127902
0.184000, 9045515.114143
0.185000, 9089074.100383
0.186000, 9132453.676082
0.187000, 9175833.251781
0.188000, 9219031.704388
0.189000, 9262230.156994
0.190000, 9305245.781107
0.191000, 9348261.405220
0.192000, 9391092.502656
0.193000, 9433923.600092
0.194000, 9476568.479953
0.195000, 9519213.359814
0.196000, 9561670.338553
0.197000, 9604127.317293
0.198000, 9646394.718781
0.199000, 9688662.120269
0.200000, 9730738.275862
0.201000, 9772814.431455
0.202000, 9814697.680058
0.203000, 9856580.928660
0.204000, 9898269.616794
0.205000, 9939958.304928
0.206000, 9981450.786795
0.207000, 10022943.268662
0.208000, 10064237.906210
0.209000, 10105532.543758
0.210000, 10146627.706745
0.211000, 10187722.869732
0.212000, 10228616.935792
0.213000, 10269511.001851
0.214000, 10310202.356556
0.215000, 10350893.711261
0.216000, 10391380.748185
0.217000, 10431867.785110
0.218000, 10472148.905896
0.219000, 10512430.026681
0.220000, 10552503.641098
0.221000, 10592577.255515
0.222000, 10632441.781526
0.223000, 10672306.307537
0.224000, 10711960.171358
0.225000, 10751614.035179
0.226000, 10791055.671344
0.227000, 10830497.307509
0.228000, 10869725.158929
0.229000, 10908953.010350
0.230000, 10947965.528377
0.231000, 10986978.046405
0.232000, 11025773.690892
0.233000, 11064569.335379
0.234000, 11103146.574741
0.235000, 11141723.814102
0.236000, 11180081.125374
0.237000, 11218438.436647
0.238000, 11256574.305549
0.239000, 11294710.174451
0.240000, 11332623.095444
0.241000, 11370536.016436
0.242000, 11408224.492783
0.243000, 11445912.969130
0.244000, 11483375.512954
0.245000, 11520838.056778
0.246000, 11558073.189122
0.247000, 11595308.321466
0.248000, 11632314.572351
0.249000, 11669320.823236
0.250000, 11706096.731719
0.251000, 11742872.640201
0.252000, 11779416.754432
0.253000, 11815960.868662
0.254000, 11852271.745940
0.255000, 11888582.623219
0.256000, 11924658.830055
0.257000, 11960735.036891
0.258000, 11996575.149057
0.259000, 12032415.261224
0.260000, 12068017.863814
0.261000, 12103620.466405
0.262000, 12138984.153889
0.263000, 12174347.841374
0.264000, 12209471.217656
0.265000, 12244594.593937
0.266000, 12279476.272404
0.267000, 12314357.950871
0.268000, 12348996.554455
0.269000, 12383635.158039
0.270000, 12418029.319267
0.271000, 12452423.480495
0.272000, 12486571.841545
0.273000, 12520720.202594
0.274000, 12554621.415346
0.275000, 12588522.628099
0.276000, 12622175.354192
0.277000, 12655828.080285
0.278000, 12689230.991166
0.279000, 12722633.902048
0.280000, 12755785.679029
0.281000, 12788937.456010
0.282000, 12821836.790315
0.283000, 12854736.124619
0.284000, 12887381.717438
0.285000, 12920027.310257
0.286000, 12952417.872798
0.287000, 12984808.435339
0.288000, 13016942.688879
0.289000, 13049076.942418
0.290000, 13080953.618350
0.291000, 13112830.294283
0.292000, 13144448.134172
0.293000, 13176065.974060
0.294000, 13207423.729687
0.295000, 13238781.485314
0.296000, 13269877.918729
0.297000, 13300974.352143
0.298000, 13331808.235712
0.299000, 13362642.119280
0.300000, 13393212.235733
0.301000, 13423782.352186
0.302000, 13454087.494668
0.303000, 13484392.637151
0.304000, 13514431.609267
0.305000, 13544470.581383
0.306000, 13574242.197245
0.307000, 13604013.813108
0.308000, 13633516.897385
0.309000, 13663019.981662
0.310000, 13692253.369621
0.311000, 13721486.757581
0.312000, 13750449.295140
0.313000, 13779411.832699
0.314000, 13808102.376465
0.315000, 13836792.920231
0.316000, 13865210.337551
0.317000, 13893627.754871
0.318000, 13921770.923874
0.319000, 13949914.092877
0.320000, 13977781.902519
0.321000, 14005649.712161
0.322000, 14033241.062269
0.323000, 14060832.412376
0.324000, 14088146.213690
0.325000, 14115460.015003
0.326000, 14142495.189221
0.327000, 14169530.363439
0.328000, 14196285.843258
0.329000, 14223041.323077
0.330000, 14249516.052238
0.331000, 14275990.781398
0.332000, 14302183.714723
0.333000, 14328376.648048
0.334000, 14354286.751484
0.335000, 14380196.854921
0.336000, 14405823.105583
0.337000, 14431449.356245
0.338000, 14456790.742453
0.339000, 14482132.128660
0.340000, 14507187.649978
0.341000, 14532243.171295
0.342000, 14557011.838574
0.343000, 14581780.505853
0.344000, 14606261.341269
0.345000, 14630742.176685
0.346000, 14654934.213776
0.347000, 14679126.250868
0.348000, 14703028.534574
0.349000, 14726930.818280
0.350000, 14750542.404981
0.351000, 14774153.991681
0.352000, 14797473.949230
0.353000, 14820793.906780
0.354000, 14843821.314546
0.355000, 14866848.722312
0.356000, 14889582.671212
0.357000, 14912316.620113
0.358000, 14934756.212650
0.359000, 14957195.805187
0.360000, 14979340.155485
0.361000, 15001484.505782
0.362000, 15023332.739619
0.363000, 15045180.973456
0.364000, 15066732.228301
0.365000, 15088283.483146
0.366000, 15109536.908193
0.367000, 15130790.333239
0.368000, 15151745.089439
0.369000, 15172699.845639
0.370000, 15193355.105733
0.371000, 15214010.365828
0.372000, 15234365.314383
0.373000, 15254720.262938
0.374000, 15274774.096375
0.375000, 15294827.929813
0.376000, 15314579.856441
0.377000, 15334331.783070
0.378000, 15353781.023117
0.379000, 15373230.263164
0.380000, 15392376.048808
0.381000, 15411521.834452
0.382000, 15430363.409848
0.383000, 15449204.985245
0.384000, 15467741.606563
0.385000, 15486278.227880
0.386000, 15504509.163323
0.387000, 15522740.098766
0.388000, 15540664.628610
0.389000, 15558589.158453
0.390000, 15576206.575067
0.391000, 15593823.991680
0.392000, 15611133.599559
0.393000, 15628443.207437
0.394000, 15645444.323227
0.395000, 15662445.439017
0.396000, 15679137.391543
0.397000, 15695829.344069
0.398000, 15712211.474361
0.399000, 15728593.604654
0.400000, 15744665.265974
0.401000, 15760736.927295
0.402000, 15776497.485162
0.403000, 15792258.043029
0.404000, 15807706.875242
0.405000, 15823155.707456
0.406000, 15838292.204122
0.407000, 15853428.700789
0.408000, 15868252.264346
0.409000, 15883075.827903
0.410000, 15897585.873141
0.411000, 15912095.918379
0.412000, 15926291.872466
0.413000, 15940487.826554
0.414000, 15954369.129059
0.415000, 15968250.431564
0.416000, 15981816.534476
0.417000, 15995382.637389
0.418000, 16008633.005143
0.419000, 16021883.372896
0.420000, 16034817.482389
0.421000, 16047751.591882
0.422000, 16060368.932497
0.423000, 16072986.273112
0.424000, 16085286.346739
0.425000, 16097586.420366
0.426000, 16109568.741419
0.427000, 16121551.062472
0.428000, 16133215.157909
0.429000, 16144879.253346
0.430000, 16156224.662689
0.431000, 16167570.072032
0.432000, 16178596.347383
0.433000, 16189622.622735
0.434000, 16200329.328796
0.435000, 16211036.034857
0.436000, 16221422.748946
0.437000, 16231809.463035
0.438000, 16241875.775102
0.439000, 16251942.087168
0.440000, 16261687.599812
0.441000, 16271433.112456
0.442000, 16280857.440940
0.443000, 16290281.769425
0.444000, 16299384.541694
0.445000, 16308487.313964
0.446000, 16317268.170656
0.447000, 16326049.027348
0.448000, 16334507.621809
0.449000, 16342966.216271
0.450000, 16351102.214571
0.451000, 16359238.212871
0.452000, 16367051.293815
0.453000, 16374864.374759
0.454000, 16382354.229899
0.455000, 16389844.085039
0.456000, 16397010.418689
0.457000, 16404176.752338
0.458000, 16411019.281583
0.459000, 16417861.810828
0.460000, 16424380.265537
0.461000, 16430898.720246
0.462000, 16437092.843081
0.463000, 16443286.965916
0.464000, 16449156.512344
0.465000, 16455026.058772
0.466000, 16460570.797073
0.467000, 16466115.535375
0.468000, 16471335.246653
0.469000, 16476554.957931
0.470000, 16481449.436120
0.471000, 16486343.914309
0.472000, 16490912.966185
0.473000, 16495482.018060
0.474000, 16499725.463242
0.475000, 16503968.908424
0.476000, 16507886.579390
0.477000, 16511804.250356
0.478000, 16515395.992442
0.479000, 16518987.734528
0.480000, 16522253.405939
0.481000, 16525519.077350
0.482000, 16528458.549163
0.483000, 16531398.020975
0.484000, 16534011.177144
0.485000, 16536624.333312
0.486000, 16538911.070674
0.487000, 16541197.808036
0.488000, 16543158.036315
0.489000, 16545118.264594
0.490000, 16546751.906403
0.491000, 16548385.548212
0.492000, 16549692.539058
0.493000, 16550999.529904
0.494000, 16551979.818189
0.495000, 16552960.106474
0.496000, 16553613.653499
0.497000, 16554267.200523
0.498000, 16554593.980486
0.499000, 16554920.760448
0.500000, 16554920.760448
0.501000, 16554920.760448
0.502000, 16554593.980486
0.503000, 16554267.200523
0.504000, 16553613.653499
0.505000, 16552960.106474
0.506000, 16551979.818189
0.507000, 16550999.529904
0.508000, 16549692.539058
0.509000, 16548385.548212
0.510000, 16546751.906403
0.511000, 16545118.264594
0.512000, 16543158.036315
0.513000, 16541197.808036
0.514000, 16538911.070674
0.515000, 16536624.333312
0.516000, 16534011.177144
0.517000, 16531398.020975
0.518000, 16528458.549163
0.519000, 16525519.077350
0.520000, 16522253.405939
0.521000, 16518987.734528
0.522000, 16515395.992442
0.523000, 16511804.250356
0.524000, 16507886.579390
0.525000, 16503968.908424
0.526000, 16499725.463242
0.527000, 16495482.018060
0.528000, 16490912.966185
0.529000, 16486343.914309
0.530000, 16481449.436120
0.531000, 16476554.957931
0.532000, 16471335.246653
0.533000, 16466115.535375
0.534000, 16460570.797073
0.535000, 16455026.058772
0.536000, 16449156.512344
0.537000, 16443286.965916
0.538000, 16437092.843081
0.539000, 16430898.720246
0.540000, 16424380.265537
0.541000, 16417861.810828
0.542000, 16411019.281583
0.543000, 16404176.752338
0.544000, 16397010.418689
0.545000, 16389844.085039
0.546000, 16382354.229899
0.547000, 16374864.374759
0.548000, 16367051.293815
0.549000, 16359238.212871
0.550000, 16351102.214571
0.551000, 16342966.216271
0.552000, 16334507.621809
0.553000, 16326049.027348
0.554000, 16317268.170656
0.555000, 16308487.313964
0.556000, 16299384.541694
0.557000, 16290281.769425
0.558000, 16280857.440940
0.559000, 16271433.112456
0.560000, 16261687.599812
0.561000, 16251942.087168
0.562000, 16241875.775102
0.563000, 16231809.463035
0.564000, 16221422.748946
0.565000, 16211036.034857
0.566000, 16200329.328796
0.567000, 16189622.622735
0.568000, 16178596.347383
0.569000, 16167570.072032
0.570000, 16156224.662689
0.571000, 16144879.253346
0.572000, 16133215.157909
0.573000, 16121551.062472
0.574000, 16109568.741419
0.575000, 16097586.420366
0.576000, 16085286.346739
0.577000, 16072986.273112
0.578000, 16060368.932497
0.579000, 16047751.591882
0.580000, 16034817.482389
0.581000, 16021883.372896
0.582000, 16008633.005143
0.583000, 15995382.637389
0.584000, 15981816.534476
0.585000, 15968250.431564
0.586000, 15954369.129059
0.587000, 15940487.826554
0.588000, 15926291.872466
0.589000, 15912095.918379
0.590000, 15897585.873141
0.591000, 15883075.827903
0.592000, 15868252.264346
0.593000, 15853428.700789
0.594000, 15838292.204122
0.595000, 15823155.707456
0.596000, 15807706.875242
0.597000, 15792258.043029
0.598000, 15776497.485162
0.599000, 15760736.927295
0.600000, 15744665.265974
0.601000, 15728593.604654
0.602000, 15712211.474361
0.603000, 15695829.344069
0.604000, 15679137.391543
0.605000, 15662445.439017
0.606000, 15645444.323227
0.607000, 15628443.207437
0.608000, 15611133.599559
0.609000, 15593823.991680
0.610000, 15576206.575067
0.611000, 15558589.158453
0.612000, 15540664.628610
0.613000, 15522740.098766
0.614000, 15504509.163323
0.615000, 15486278.227880
0.616000, 15467741.606563
0.617000, 15449204.985245
0.618000, 15430363.409848
0.619000, 15411521.834452
0.620000, 15392376.048808
0.621000, 15373230.263164
0.622000, 15353781.023117
0.623000, 15334331.783070
0.624000, 15314579.856441
0.625000, 15294827.929813
0.626000, 15274774.096375
0.627000, 15254720.262938
0.628000, 15234365.314383
0.629000, 15214010.365828
0.630000, 15193355.105733
0.631000, 15172699.845639
0.632000, 15151745.089439
0.633000, 15130790.333239
0.634000, 15109536.908193
0.635000, 15088283.483146
0.636000, 15066732.228301
0.637000, 15045180.973456
0.638000, 15023332.739619
0.639000, 15001484.505782
0.640000, 14979340.155485
0.641000, 14957195.805187
0.642000, 14934756.212650
0.643000, 14912316.620113
0.644000, 14889582.671212
0.645000, 14866848.722312
0.646000, 14843821.314546
0.647000, 14820793.906780
0.648000, 14797473.949230
0.649000, 14774153.991681
0.650000, 14750542.404981
0.651000, 14726930.818280
0.652000, 14703028.534574
0.653000, 14679126.250868
0.654000, 14654934.213776
0.655000, 14630742.176685
0.656000, 14606261.341269
0.657000, 14581780.505853
0.658000, 14557011.838574
0.659000, 14532243.171295
0.660000, 14507187.649978
0.661000, 14482132.128660
0.662000, 14456790.742453
0.663000, 14431449.356245
0.664000, 14405823.105583
0.665000, 14380196.854921
0.666000, 14354286.751484
0.667000, 14328376.648048
0.668000, 14302183.714723
0.669000, 14275990.781398
0.670000, 14249516.052238
0.671000, 14223041.323077
0.672000, 14196285.843258
0.673000, 14169530.363439
0.674000, 14142495.189221
0.675000, 14115460.015003
0.676000, 14088146.213690
0.677000, 14060832.412376
0.678000, 14033241.062269
0.679000, 14005649.712161
0.680000, 13977781.902519
0.681000, 13949914.092877
0.682000, 13921770.923874
0.683000, 13893627.754871
0.684000, 13865210.337551
0.685000, 13836792.920231
0.686000, 13808102.376465
0.687000, 13779411.832699
0.688000, 13750449.295140
0.689000, 13721486.757581
0.690000, 13692253.369621
0.691000, 13663019.981662
0.692000, 13633516.897385
0.693000, 13604013.813108
0.694000, 13574242.197245
0.695000, 13544470.581383
0.696000, 13514431.609267
0.697000, 13484392.637151
0.698000, 13454087.494668
0.699000, 13423782.352186
0.700000, 13393212.235733
0.701000, 13362642.119280
0.702000, 13331808.235712
0.703000, 13300974.352143
0.704000, 13269877.918729
0.705000, 13238781.485314
0.706000, 13207423.729687
0.707000, 13176065.974060
0.708000, 13144448.134172
0.709000, 13112830.294283
0.710000, 13080953.618350
0.711000, 13049076.942418
0.712000, 13016942.688879
0.713000, 12984808.435339
0.714000, 12952417.872798
0.715000, 12920027.310257
0.716000, 12887381.717438
0.717000, 12854736.124619
0.718000, 12821836.790315
0.719000, 12788937.456010
0.720000, 12755785.679029
0.721000, 12722633.902048
0.722000, 12689230.991166
0.723000, 12655828.080285
0.724000, 12622175.354192
0.725000, 12588522.628099
0.726000, 12554621.415346
0.727000, 12520720.202594
0.728000, 12486571.841545
0.729000, 12452423.480495
0.730000, 12418029.319267
0.731000, 12383635.158039
0.732000, 12348996.554455
0.733000, 12314357.950871
0.734000, 12279476.272404
0.735000, 12244594.593937
0.736000, 12209471.217656
0.737000, 12174347.841374
0.738000, 12138984.153889
0.739000, 12103620.466405
0.740000, 12068017.863814
0.741000, 12032415.261224
0.742000, 11996575.149057
0.743000, 11960735.036891
0.744000, 11924658.830055
0.745000, 11888582.623219
0.746000, 11852271.745940
0.747000, 11815960.868662
0.748000, 11779416.754432
0.749000, 11742872.640201
0.750000, 11706096.731719
0.751000, 11669320.823236
0.752000, 11632314.572351
0.753000, 11595308.321466
0.754000, 11558073.189122
0.755000, 11520838.056778
0.756000, 11483375.512954
0.757000, 11445912.969130
0.758000, 11408224.492783
0.759000, 11370536.016436
0.760000, 11332623.095444
0.761000, 11294710.174451
0.762000, 11256574.305549
0.763000, 11218438.436647
0.764000, 11180081.125374
0.765000, 11141723.814102
0.766000, 11103146.574741
0.767000, 11064569.335379
0.768000, 11025773.690892
0.769000, 10986978.046405
0.770000, 10947965.528377
0.771000, 10908953.010350
0.772000, 10869725.158929
0.773000, 10830497.307509
0.774000, 10791055.671344
0.775000, 10751614.035179
0.776000, 10711960.171358
0.777000, 10672306.307537
0.778000, 10632441.781526
0.779000, 10592577.255515
0.780000, 10552503.641098
0.781000, 10512430.026681
0.782000, 10472148.905896
0.783000, 10431867.785110
0.784000, 10391380.748185
0.785000, 10350893.711261
0.786000, 10310202.356556
0.787000, 10269511.001851
0.788000, 10228616.935792
0.789000, 10187722.869732
0.790000, 10146627.706745
0.791000, 10105532.543758
0.792000, 10064237.906210
0.793000, 10022943.268662
0.794000, 9981450.786795
0.795000, 9939958.304928
0.796000, 9898269.616794
0.797000, 9856580.928660
0.798000, 9814697.680058
0.799000, 9772814.431455
0.800000, 9730738.275862
0.801000, 9688662.120269
0.802000, 9646394.718781
0.803000, 9604127.317293
0.804000, 9561670.338553
0.805000, 9519213.359814
0.806000, 9476568.479953
0.807000, 9433923.600092
0.808000, 9391092.502656
0.809000, 9348261.405220
0.810000, 9305245.781107
0.811000, 9262230.156994
0.812000, 9219031.704388
0.813000, 9175833.251781
0.814000, 9132453.676082
0.815000, 9089074.100383
0.816000, 9045515.114143
0.817000, 9001956.127902
0.818000, 8958219.450755
0.819000, 8914482.773608
0.820000, 8870570.132202
0.821000, 8826657.490797
0.822000, 8782570.618729
0.823000, 8738483.746662
0.824000, 8694224.384407
0.825000, 8649965.022152
0.826000, 8605534.916993
0.827000, 8561104.811833
0.828000, 8516505.717795
0.829000, 8471906.623756
0.830000, 8427140.301534
0.831000, 8382373.979311
0.832000, 8337442.196203
0.833000, 8292510.413095
0.834000, 8247414.942931
0.835000, 8202319.472767
0.836000, 8157062.095838
0.837000, 8111804.718910
0.838000, 8066387.221901
0.839000, 8020969.724893
0.840000, 7975393.900809
0.841000, 7929818.076725
0.842000, 7884085.724821
0.843000, 7838353.372917
0.844000, 7792466.298628
0.845000, 7746579.224340
0.846000, 7700539.239209
0.847000, 7654499.254079
0.848000, 7608308.175687
0.849000, 7562117.097294
0.850000, 7515776.749184
0.851000, 7469436.401075
0.852000, 7422948.612685
0.853000, 7376460.824296
0.854000, 7329827.430885
0.855000, 7283194.037474
0.856000, 7236416.880049
0.857000, 7189639.722623
0.858000, 7142720.647865
0.859000, 7095801.573106
0.860000, 7048742.433300
0.861000, 7001683.293493
0.862000, 6954485.946453
0.863000, 6907288.599412
0.864000, 6859954.908408
0.865000, 6812621.217405
0.866000, 6765153.051091
0.867000, 6717684.884777
0.868000, 6670084.117114
0.869000, 6622483.349452
0.870000, 6574751.859638
0.871000, 6527020.369824
0.872000, 6479160.042216
0.873000, 6431299.714608
0.874000, 6383312.438650
0.875000, 6335325.162691
0.876000, 6287212.832838
0.877000, 6239100.502985
0.878000, 6190865.018629
0.879000, 6142629.534274
0.880000, 6094272.799670
0.881000, 6045916.065067
0.882000, 5997439.989256
0.883000, 5948963.913445
0.884000, 5900370.410180
0.885000, 5851776.906915
0.886000, 5803067.894584
0.887000, 5754358.882253
0.888000, 5705536.283803
0.889000, 5656713.685354
0.890000, 5607779.428220
0.891000, 5558845.171085
0.892000, 5509801.187106
0.893000, 5460757.203128
0.894000, 5411605.428477
0.895000, 5362453.653826
0.896000, 5313196.028931
0.897000, 5263938.404035
0.898000, 5214576.873503
0.899000, 5165215.342970
0.900000, 5115751.855509
0.901000, 5066288.368048
0.902000, 5016724.876392
0.903000, 4967161.384735
0.904000, 4917499.845566
0.905000, 4867838.306397
0.906000, 4818080.680267
0.907000, 4768323.054137
0.908000, 4718471.305392
0.909000, 4668619.556647
0.910000, 4618675.653349
0.911000, 4568731.750051
0.912000, 4518697.663900
0.913000, 4468663.577749
0.914000, 4418541.284005
0.915000, 4368418.990260
0.916000, 4318210.467665
0.917000, 4268001.945070
0.918000, 4217709.175770
0.919000, 4167416.406471
0.920000, 4117041.375939
0.921000, 4066666.345407
0.922000, 4016211.042364
0.923000, 3965755.739320
0.924000, 3915222.155653
0.925000, 3864688.571986
0.926000, 3814078.702676
0.927000, 3763468.833366
0.928000, 3712784.676402
0.929000, 3662100.519439
0.930000, 3611344.075747
0.931000, 3560587.632055
0.932000, 3509760.905411
0.933000, 3458934.178768
0.934000, 3408039.175725
0.935000, 3357144.172681
0.936000, 3306182.902487
0.937000, 3255221.632292
0.938000, 3204196.106809
0.939000, 3153170.581326
0.940000, 3102082.814955
0.941000, 3050995.048585
0.942000, 2999847.058184
0.943000, 2948699.067783
0.944000, 2897492.872587
0.945000, 2846286.677391
0.946000, 2795024.298933
0.947000, 2743761.920475
0.948000, 2692445.382505
0.949000, 2641128.844536
0.950000, 2589760.172944
0.951000, 2538391.501352
0.952000, 2486972.724086
0.953000, 2435553.946819
0.954000, 2384087.093803
0.955000, 2332620.240786
0.956000, 2281107.343843
0.957000, 2229594.446900
0.958000, 2178037.539672
0.959000, 2126480.632443
0.960000, 2074881.750308
0.961000, 2023282.868172
0.962000, 1971644.048165
0.963000, 1920005.228158
0.964000, 1868328.508891
0.965000, 1816651.789624
0.966000, 1764939.211207
0.967000, 1713226.632789
0.968000, 1661480.236745
0.969000, 1609733.840700
0.970000, 1557955.669887
0.971000, 1506177.499075
0.972000, 1454369.597608
0.973000, 1402561.696141
0.974000, 1350726.109307
0.975000, 1298890.522473
0.976000, 1247029.296653
0.977000, 1195168.070832
0.978000, 1143283.253416
0.979000, 1091398.436001
0.980000, 1039492.075315
0.981000, 987585.714629
0.982000, 935659.859847
0.983000, 883734.005064
0.984000, 831790.706129
0.985000, 779847.407194
0.986000, 727888.714738
0.987000, 675930.022283
0.988000, 623957.987548
0.989000, 571985.952812
0.990000, 520002.627564
0.991000, 468019.302316
0.992000, 416026.738767
0.993000, 364034.175218
0.994000, 312034.425947
0.995000, 260034.676675
0.996000, 208029.794542
0.997000, 156024.912408
0.998000, 104016.950476
0.999000, 52008.988545
1.000000, 0.000000
