0.000000, 0.000000
0.001000, 23.591058
0.002000, 47.181650
0.003000, 70.772243
0.004000, 94.361438
0.005000, 117.950634
0.006000, 141.537501
0.007000, 165.124368
0.008000, 188.707976
0.009000, 212.291583
0.010000, 235.871000
0.011000, 259.450418
0.012000, 283.024714
0.013000, 306.599010
0.014000, 330.167254
0.015000, 353.735498
0.016000, 377.296759
0.017000, 400.858021
0.018000, 424.411369
0.019000, 447.964718
0.020000, 471.509225
0.021000, 495.053731
0.022000, 518.588466
0.023000, 542.123200
0.024000, 565.647234
0.025000, 589.171267
0.026000, 612.683671
0.027000, 636.196075
0.028000, 659.695921
0.029000, 683.195766
0.030000, 706.682126
0.031000, 730.168486
0.032000, 753.640434
0.033000, 777.112381
0.034000, 800.568988
0.035000, 824.025596
0.036000, 847.465938
0.037000, 870.906280
0.038000, 894.329431
0.039000, 917.752583
0.040000, 941.157618
0.041000, 964.562654
0.042000, 987.948649
0.043000, 1011.334645
0.044000, 1034.700678
0.045000, 1058.066711
0.046000, 1081.411859
0.047000, 1104.757006
0.048000, 1128.080347
0.049000, 1151.403688
0.050000, 1174.704301
0.051000, 1198.004914
0.052000, 1221.281879
0.053000, 1244.558844
0.054000, 1267.811243
0.055000, 1291.063642
0.056000, 1314.290557
0.057000, 1337.517471
0.058000, 1360.717984
0.059000, 1383.918497
0.060000, 1407.091692
0.061000, 1430.264888
0.062000, 1453.409851
0.063000, 1476.554814
0.064000, 1499.670632
0.065000, 1522.786449
0.066000, 1545.872208
0.067000, 1568.957967
0.068000, 1592.012756
0.069000, 1615.067545
0.070000, 1638.090454
0.071000, 1661.113363
0.072000, 1684.103483
0.073000, 1707.093603
0.074000, 1730.050026
0.075000, 1753.006450
0.076000, 1775.928270
0.077000, 1798.850091
0.078000, 1821.736404
0.079000, 1844.622717
0.080000, 1867.472618
0.081000, 1890.322520
0.082000, 1913.135108
0.083000, 1935.947696
0.084000, 1958.722071
0.085000, 1981.496445
0.086000, 2004.231706
0.087000, 2026.966967
0.088000, 2049.662218
0.089000, 2072.357468
0.090000, 2095.011813
0.091000, 2117.666157
0.092000, 2140.278700
0.093000, 2162.891243
0.094000, 2185.461092
0.095000, 2208.030942
0.096000, 2230.557207
0.097000, 2253.083472
0.098000, 2275.565263
0.099000, 2298.047054
0.100000, 2320.483483
0.101000, 2342.919913
0.102000, 2365.310095
0.103000, 2387.700277
0.104000, 2410.043328
0.105000, 2432.386379
0.106000, 2454.681417
0.107000, 2476.976455
0.108000, 2499.222599
0.109000, 2521.468744
0.110000, 2543.665117
0.111000, 2565.861489
0.112000, 2588.007214
0.113000, 2610.152939
0.114000, 2632.247142
0.115000, 2654.341345
0.116000, 2676.383153
0.117000, 2698.424961
0.118000, 2720.413505
0.119000, 2742.402049
0.120000, 2764.336460
0.121000, 2786.270871
0.122000, 2808.150283
0.123000, 2830.029696
0.124000, 2851.853246
0.125000, 2873.676796
0.126000, 2895.443622
0.127000, 2917.210448
0.128000, 2938.919691
0.129000, 2960.628934
0.130000, 2982.279736
0.131000, 3003.930539
0.132000, 3025.522047
0.133000, 3047.113554
0.134000, 3068.644915
0.135000, 3090.176275
0.136000, 3111.646638
0.137000, 3133.117000
0.138000, 3154.525518
0.139000, 3175.934036
0.140000, 3197.279863
0.141000, 3218.625691
0.142000, 3239.907985
0.143000, 3261.190280
0.144000, 3282.408201
0.145000, 3303.626123
0.146000, 3324.778834
0.147000, 3345.931544
0.148000, 3367.018209
0.149000, 3388.104874
0.150000, 3409.124661
0.151000, 3430.144447
0.152000, 3451.096526
0.153000, 3472.048604
0.154000, 3492.932148
0.155000, 3513.815691
0.156000, 3534.629874
0.157000, 3555.444058
0.158000, 3576.188060
0.159000, 3596.932062
0.160000, 3617.605064
0.161000, 3638.278066
0.162000, 3658.879251
0.163000, 3679.480436
0.164000, 3700.008992
0.165000, 3720.537547
0.166000, 3740.992662
0.167000, 3761.447777
0.168000, 3781.828645
0.169000, 3802.209512
0.170000, 3822.515327
0.171000, 3842.821143
0.172000, 3863.051104
0.173000, 3883.281065
0.174000, 3903.434373
0.175000, 3923.587682
0.176000, 3943.663542
0.177000, 3963.739402
0.178000, 3983.737022
0.179000, 4003.734641
0.180000, 4023.653230
0.181000, 4043.571819
0.182000, 4063.410592
0.183000, 4083.249364
0.184000, 4103.007537
0.185000, 4122.765709
0.186000, 4142.442502
0.187000, 4162.119295
0.188000, 4181.713931
0.189000, 4201.308567
0.190000, 4220.820273
0.191000, 4240.331978
0.192000, 4259.759984
0.193000, 4279.187989
0.194000, 4298.531527
0.195000, 4317.875065
0.196000, 4337.133371
0.197000, 4356.391678
0.198000, 4375.563993
0.199000, 4394.736308
0.200000, 4413.821875
0.201000, 4432.907442
0.202000, 4451.905507
0.203000, 4470.903572
0.204000, 4489.813385
0.205000, 4508.723199
0.206000, 4527.544013
0.207000, 4546.364828
0.208000, 4565.095902
0.209000, 4583.826976
0.210000, 4602.467568
0.211000, 4621.108161
0.212000, 4639.657537
0.213000, 4658.206913
0.214000, 4676.664340
0.215000, 4695.121767
0.216000, 4713.486516
0.217000, 4731.851266
0.218000, 4750.122612
0.219000, 4768.393959
0.220000, 4786.571182
0.221000, 4804.748404
0.222000, 4822.830785
0.223000, 4840.913166
0.224000, 4858.899992
0.225000, 4876.886817
0.226000, 4894.777377
0.227000, 4912.667937
0.228000, 4930.461525
0.229000, 4948.255113
0.230000, 4965.951027
0.231000, 4983.646941
0.232000, 5001.244482
0.233000, 5018.842023
0.234000, 5036.340496
0.235000, 5053.838969
0.236000, 5071.237684
0.237000, 5088.636399
0.238000, 5105.934668
0.239000, 5123.232937
0.240000, 5140.430079
0.241000, 5157.627220
0.242000, 5174.722554
0.243000, 5191.817888
0.244000, 5208.810740
0.245000, 5225.803592
0.246000, 5242.693291
0.247000, 5259.582990
0.248000, 5276.368870
0.249000, 5293.154749
0.250000, 5309.836146
0.251000, 5326.517543
0.252000, 5343.093799
0.253000, 5359.670056
0.254000, 5376.140517
0.255000, 5392.610978
0.256000, 5408.974993
0.257000, 5425.339008
0.258000, 5441.595932
0.259000, 5457.852856
0.260000, 5474.002046
0.261000, 5490.151237
0.262000, 5506.192057
0.263000, 5522.232876
0.264000, 5538.164692
0.265000, 5554.096507
0.266000, 5569.918690
0.267000, 5585.740872
0.268000, 5601.452796
0.269000, 5617.164721
0.270000, 5632.765768
0.271000, 5648.366814
0.272000, 5663.856367
0.273000, 5679.345920
0.274000, 5694.723367
0.275000, 5710.100814
0.276000, 5725.365549
0.277000, 5740.630284
0.278000, 5755.781703
0.279000, 5770.933123
0.280000, 5785.970629
0.281000, 5801.008135
0.282000, 5815.931135
0.283000, 5830.854134
0.284000, 5845.662038
0.285000, 5860.469941
0.286000, 5875.162164
0.287000, 5889.854386
0.288000, 5904.430348
0.289000, 5919.006310
0.290000, 5933.465436
0.291000, 5947.924562
0.292000, 5962.266281
0.293000, 5976.608000
0.294000, 5990.831746
0.295000, 6005.055491
0.296000, 6019.160703
0.297000, 6033.265914
0.298000, 6047.252033
0.299000, 6061.238153
0.300000, 6075.104629
0.301000, 6088.971105
0.302000, 6102.717390
0.303000, 6116.463675
0.304000, 6130.089226
0.305000, 6143.714777
0.306000, 6157.219057
0.307000, 6170.723336
0.308000, 6184.105811
0.309000, 6197.488286
0.310000, 6210.748427
0.311000, 6224.008569
0.312000, 6237.145854
0.313000, 6250.283139
0.314000, 6263.297048
0.315000, 6276.310958
0.316000, 6289.200979
0.317000, 6302.091000
0.318000, 6314.856623
0.319000, 6327.622245
0.320000, 6340.262966
0.321000, 6352.903687
0.322000, 6365.419008
0.323000, 6377.934328
0.324000, 6390.323753
0.325000, 6402.713178
0.326000, 6414.976219
0.327000, 6427.239260
0.328000, 6439.375433
0.329000, 6451.511606
0.330000, 6463.520432
0.331000, 6475.529257
0.332000, 6487.410261
0.333000, 6499.291266
0.334000, 6511.043979
0.335000, 6522.796693
0.336000, 6534.420652
0.337000, 6546.044612
0.338000, 6557.539358
0.339000, 6569.034104
0.340000, 6580.399182
0.341000, 6591.764261
0.342000, 6602.999224
0.343000, 6614.234188
0.344000, 6625.338591
0.345000, 6636.442995
0.346000, 6647.416401
0.347000, 6658.389807
0.348000, 6669.231782
0.349000, 6680.073758
0.350000, 6690.783874
0.351000, 6701.493990
0.352000, 6712.071824
0.353000, 6722.649659
0.354000, 6733.094794
0.355000, 6743.539929
0.356000, 6753.851953
0.357000, 6764.163976
0.358000, 6774.342481
0.359000, 6784.520985
0.360000, 6794.565569
0.361000, 6804.610153
0.362000, 6814.520420
0.363000, 6824.430687
0.364000, 6834.206245
0.365000, 6843.981804
0.366000, 6853.622268
0.367000, 6863.262732
0.368000, 6872.767721
0.369000, 6882.272710
0.370000, 6891.641849
0.371000, 6901.010988
0.372000, 6910.243907
0.373000, 6919.476825
0.374000, 6928.573160
0.375000, 6937.669494
0.376000, 6946.628885
0.377000, 6955.588276
0.378000, 6964.410369
0.379000, 6973.232462
0.380000, 6981.916910
0.381000, 6990.601358
0.382000, 6999.147817
0.383000, 7007.694276
0.384000, 7016.102409
0.385000, 7024.510543
0.386000, 7032.780018
0.387000, 7041.049494
0.388000, 7049.179985
0.389000, 7057.310476
0.390000, 7065.301662
0.391000, 7073.292848
0.392000, 7081.144413
0.393000, 7088.995978
0.394000, 7096.707613
0.395000, 7104.419247
0.396000, 7111.990646
0.397000, 7119.562046
0.398000, 7126.992911
0.399000, 7134.423776
0.400000, 7141.713814
0.401000, 7149.003852
0.402000, 7156.152775
0.403000, 7163.301697
0.404000, 7170.309222
0.405000, 7177.316748
0.406000, 7184.182599
0.407000, 7191.048450
0.408000, 7197.772356
0.409000, 7204.496262
0.410000, 7211.077957
0.411000, 7217.659652
0.412000, 7224.098877
0.413000, 7230.538102
0.414000, 7236.834603
0.415000, 7243.131103
0.416000, 7249.284630
0.417000, 7255.438157
0.418000, 7261.448468
0.419000, 7267.458779
0.420000, 7273.325637
0.421000, 7279.192494
0.422000, 7284.915667
0.423000, 7290.638839
0.424000, 7296.218101
0.425000, 7301.797363
0.426000, 7307.232493
0.427000, 7312.667623
0.428000, 7317.958408
0.429000, 7323.249192
0.430000, 7328.395422
0.431000, 7333.541652
0.432000, 7338.543124
0.433000, 7343.544596
0.434000, 7348.401113
0.435000, 7353.257630
0.436000, 7357.968999
0.437000, 7362.680369
0.438000, 7367.246406
0.439000, 7371.812442
0.440000, 7376.232966
0.441000, 7380.653489
0.442000, 7384.928325
0.443000, 7389.203161
0.444000, 7393.332140
0.445000, 7397.461119
0.446000, 7401.444079
0.447000, 7405.427038
0.448000, 7409.263821
0.449000, 7413.100604
0.450000, 7416.791058
0.451000, 7420.481513
0.452000, 7424.025494
0.453000, 7427.569474
0.454000, 7430.966841
0.455000, 7434.364208
0.456000, 7437.614826
0.457000, 7440.865445
0.458000, 7443.969188
0.459000, 7447.072930
0.460000, 7450.029674
0.461000, 7452.986417
0.462000, 7455.796045
0.463000, 7458.605673
0.464000, 7461.268075
0.465000, 7463.930476
0.466000, 7466.445546
0.467000, 7468.960616
0.468000, 7471.328255
0.469000, 7473.695894
0.470000, 7475.916009
0.471000, 7478.136123
0.472000, 7480.208626
0.473000, 7482.281129
0.474000, 7484.205938
0.475000, 7486.130747
0.476000, 7487.907786
0.477000, 7489.684825
0.478000, 7491.314024
0.479000, 7492.943223
0.480000, 7494.424518
0.481000, 7495.905812
0.482000, 7497.239144
0.483000, 7498.572476
0.484000, 7499.757793
0.485000, 7500.943110
0.486000, 7501.980364
0.487000, 7503.017619
0.488000, 7503.906770
0.489000, 7504.795921
0.490000, 7505.536934
0.491000, 7506.277947
0.492000, 7506.870793
0.493000, 7507.463638
0.494000, 7507.908293
0.495000, 7508.352948
0.496000, 7508.649394
0.497000, 7508.945840
0.498000, 7509.094066
0.499000, 7509.242292
0.500000, 7509.242292
0.501000, 7509.242292
0.502000, 7509.094066
0.503000, 7508.945840
0.504000, 7508.649394
0.505000, 7508.352948
0.506000, 7507.908293
0.507000, 7507.463638
0.508000, 7506.870793
0.509000, 7506.277947
0.510000, 7505.536934
0.511000, 7504.795921
0.512000, 7503.906770
0.513000, 7503.017619
0.514000, 7501.980364
0.515000, 7500.943110
0.516000, 7499.757793
0.517000, 7498.572476
0.518000, 7497.239144
0.519000, 7495.905812
0.520000, 7494.424518
0.521000, 7492.943223
0.522000, 7491.314024
0.523000, 7489.684825
0.524000, 7487.907786
0.525000, 7486.130747
0.526000, 7484.205938
0.527000, 7482.281129
0.528000, 7480.208626
0.529000, 7478.136123
0.530000, 7475.916009
0.531000, 7473.695894
0.532000, 7471.328255
0.533000, 7468.960616
0.534000, 7466.445546
0.535000, 7463.930476
0.536000, 7461.268075
0.537000, 7458.605673
0.538000, 7455.796045
0.539000, 7452.986417
0.540000, 7450.029674
0.541000, 7447.072930
0.542000, 7443.969188
0.543000, 7440.865445
0.544000, 7437.614826
0.545000, 7434.364208
0.546000, 7430.966841
0.547000, 7427.569474
0.548000, 7424.025494
0.549000, 7420.481513
0.550000, 7416.791058
0.551000, 7413.100604
0.552000, 7409.263821
0.553000, 7405.427038
0.554000, 7401.444079
0.555000, 7397.461119
0.556000, 7393.332140
0.557000, 7389.203161
0.558000, 7384.928325
0.559000, 7380.653489
0.560000, 7376.232966
0.561000, 7371.812442
0.562000, 7367.246406
0.563000, 7362.680369
0.564000, 7357.968999
0.565000, 7353.257630
0.566000, 7348.401113
0.567000, 7343.544596
0.568000, 7338.543124
0.569000, 7333.541652
0.570000, 7328.395422
0.571000, 7323.249192
0.572000, 7317.958408
0.573000, 7312.667623
0.574000, 7307.232493
0.575000, 7301.797363
0.576000, 7296.218101
0.577000, 7290.638839
0.578000, 7284.915667
0.579000, 7279.192494
0.580000, 7273.325637
0.581000, 7267.458779
0.582000, 7261.448468
0.583000, 7255.438157
0.584000, 7249.284630
0.585000, 7243.131103
0.586000, 7236.834603
0.587000, 7230.538102
0.588000, 7224.098877
0.589000, 7217.659652
0.590000, 7211.077957
0.591000, 7204.496262
0.592000, 7197.772356
0.593000, 7191.048450
0.594000, 7184.182599
0.595000, 7177.316748
0.596000, 7170.309222
0.597000, 7163.301697
0.598000, 7156.152775
0.599000, 7149.003852
0.600000, 7141.713814
0.601000, 7134.423776
0.602000, 7126.992911
0.603000, 7119.562046
0.604000, 7111.990646
0.605000, 7104.419247
0.606000, 7096.707613
0.607000, 7088.995978
0.608000, 7081.144413
0.609000, 7073.292848
0.610000, 7065.301662
0.611000, 7057.310476
0.612000, 7049.179985
0.613000, 7041.049494
0.614000, 7032.780018
0.615000, 7024.510543
0.616000, 7016.102409
0.617000, 7007.694276
0.618000, 6999.147817
0.619000, 6990.601358
0.620000, 6981.916910
0.621000, 6973.232462
0.622000, 6964.410369
0.623000, 6955.588276
0.624000, 6946.628885
0.625000, 6937.669494
0.626000, 6928.573160
0.627000, 6919.476825
0.628000, 6910.243907
0.629000, 6901.010988
0.630000, 6891.641849
0.631000, 6882.272710
0.632000, 6872.767721
0.633000, 6863.262732
0.634000, 6853.622268
0.635000, 6843.981804
0.636000, 6834.206245
0.637000, 6824.430687
0.638000, 6814.520420
0.639000, 6804.610153
0.640000, 6794.565569
0.641000, 6784.520985
0.642000, 6774.342481
0.643000, 6764.163976
0.644000, 6753.851953
0.645000, 6743.539929
0.646000, 6733.094794
0.647000, 6722.649659
0.648000, 6712.071824
0.649000, 6701.493990
0.650000, 6690.783874
0.651000, 6680.073758
0.652000, 6669.231782
0.653000, 6658.389807
0.654000, 6647.416401
0.655000, 6636.442995
0.656000, 6625.338591
0.657000, 6614.234188
0.658000, 6602.999224
0.659000, 6591.764261
0.660000, 6580.399182
0.661000, 6569.034104
0.662000, 6557.539358
0.663000, 6546.044612
0.664000, 6534.420652
0.665000, 6522.796693
0.666000, 6511.043979
0.667000, 6499.291266
0.668000, 6487.410261
0.669000, 6475.529257
0.670000, 6463.520432
0.671000, 6451.511606
0.672000, 6439.375433
0.673000, 6427.239260
0.674000, 6414.976219
0.675000, 6402.713178
0.676000, 6390.323753
0.677000, 6377.934328
0.678000, 6365.419008
0.679000, 6352.903687
0.680000, 6340.262966
0.681000, 6327.622245
0.682000, 6314.856623
0.683000, 6302.091000
0.684000, 6289.200979
0.685000, 6276.310958
0.686000, 6263.297048
0.687000, 6250.283139
0.688000, 6237.145854
0.689000, 6224.008569
0.690000, 6210.748427
0.691000, 6197.488286
0.692000, 6184.105811
0.693000, 6170.723336
0.694000, 6157.219057
0.695000, 6143.714777
0.696000, 6130.089226
0.697000, 6116.463675
0.698000, 6102.717390
0.699000, 6088.971105
0.700000, 6075.104629
0.701000, 6061.238153
0.702000, 6047.252033
0.703000, 6033.265914
0.704000, 6019.160703
0.705000, 6005.055491
0.706000, 5990.831746
0.707000, 5976.608000
0.708000, 5962.266281
0.709000, 5947.924562
0.710000, 5933.465436
0.711000, 5919.006310
0.712000, 5904.430348
0.713000, 5889.854386
0.714000, 5875.162164
0.715000, 5860.469941
0.716000, 5845.662038
0.717000, 5830.854134
0.718000, 5815.931135
0.719000, 5801.008135
0.720000, 5785.970629
0.721000, 5770.933123
0.722000, 5755.781703
0.723000, 5740.630284
0.724000, 5725.365549
0.725000, 5710.100814
0.726000, 5694.723367
0.727000, 5679.345920
0.728000, 5663.856367
0.729000, 5648.366814
0.730000, 5632.765768
0.731000, 5617.164721
0.732000, 5601.452796
0.733000, 5585.740872
0.734000, 5569.918690
0.735000, 5554.096507
0.736000, 5538.164692
0.737000, 5522.232876
0.738000, 5506.192057
0.739000, 5490.151237
0.740000, 5474.002046
0.741000, 5457.852856
0.742000, 5441.595932
0.743000, 5425.339008
0.744000, 5408.974993
0.745000, 5392.610978
0.746000, 5376.140517
0.747000, 5359.670056
0.748000, 5343.093799
0.749000, 5326.517543
0.750000, 5309.836146
0.751000, 5293.154749
0.752000, 5276.368870
0.753000, 5259.582990
0.754000, 5242.693291
0.755000, 5225.803592
0.756000, 5208.810740
0.757000, 5191.817888
0.758000, 5174.722554
0.759000, 5157.627220
0.760000, 5140.430079
0.761000, 5123.232937
0.762000, 5105.934668
0.763000, 5088.636399
0.764000, 5071.237684
0.765000, 5053.838969
0.766000, 5036.340496
0.767000, 5018.842023
0.768000, 5001.244482
0.769000, 4983.646941
0.770000, 4965.951027
0.771000, 4948.255113
0.772000, 4930.461525
0.773000, 4912.667937
0.774000, 4894.777377
0.775000, 4876.886817
0.776000, 4858.899992
0.777000, 4840.913166
0.778000, 4822.830785
0.779000, 4804.748404
0.780000, 4786.571182
0.781000, 4768.393959
0.782000, 4750.122612
0.783000, 4731.851266
0.784000, 4713.486516
0.785000, 4695.121767
0.786000, 4676.664340
0.787000, 4658.206913
0.788000, 4639.657537
0.789000, 4621.108161
0.790000, 4602.467568
0.791000, 4583.826976
0.792000, 4565.095902
0.793000, 4546.364828
0.794000, 4527.544013
0.795000, 4508.723199
0.796000, 4489.813385
0.797000, 4470.903572
0.798000, 4451.905507
0.799000, 4432.907442
0.800000, 4413.821875
0.801000, 4394.736308
0.802000, 4375.563993
0.803000, 4356.391678
0.804000, 4337.133371
0.805000, 4317.875065
0.806000, 4298.531527
0.807000, 4279.187989
0.808000, 4259.759984
0.809000, 4240.331978
0.810000, 4220.820273
0.811000, 4201.308567
0.812000, 4181.713931
0.813000, 4162.119295
0.814000, 4142.442502
0.815000, 4122.765709
0.816000, 4103.007537
0.817000, 4083.249364
0.818000, 4063.410592
0.819000, 4043.571819
0.820000, 4023.653230
0.821000, 4003.734641
0.822000, 3983.737022
0.823000, 3963.739402
0.824000, 3943.663542
0.825000, 3923.587682
0.826000, 3903.434373
0.827000, 3883.281065
0.828000, 3863.051104
0.829000, 3842.821143
0.830000, 3822.515327
0.831000, 3802.209512
0.832000, 3781.828645
0.833000, 3761.447777
0.834000, 3740.992662
0.835000, 3720.537547
0.836000, 3700.008992
0.837000, 3679.480436
0.838000, 3658.879251
0.839000, 3638.278066
0.840000, 3617.605064
0.841000, 3596.932062
0.842000, 3576.188060
0.843000, 3555.444058
0.844000, 3534.629874
0.845000, 3513.815691
0.846000, 3492.932148
0.847000, 3472.048604
0.848000, 3451.096526
0.849000, 3430.144447
0.850000, 3409.124661
0.851000, 3388.104874
0.852000, 3367.018209
0.853000, 3345.931544
0.854000, 3324.778834
0.855000, 3303.626123
0.856000, 3282.408201
0.857000, 3261.190280
0.858000, 3239.907985
0.859000, 3218.625691
0.860000, 3197.279863
0.861000, 3175.934036
0.862000, 3154.525518
0.863000, 3133.117000
0.864000, 3111.646638
0.865000, 3090.176275
0.866000, 3068.644915
0.867000, 3047.113554
0.868000, 3025.522047
0.869000, 3003.930539
0.870000, 2982.279736
0.871000, 2960.628934
0.872000, 2938.919691
0.873000, 2917.210448
0.874000, 2895.443622
0.875000, 2873.676796
0.876000, 2851.853246
0.877000, 2830.029696
0.878000, 2808.150283
0.879000, 2786.270871
0.880000, 2764.336460
0.881000, 2742.402049
0.882000, 2720.413505
0.883000, 2698.424961
0.884000, 2676.383153
0.885000, 2654.341345
0.886000, 2632.247142
0.887000, 2610.152939
0.888000, 2588.007214
0.889000, 2565.861489
0.890000, 2543.665117
0.891000, 2521.468744
0.892000, 2499.222599
0.893000, 2476.976455
0.894000, 2454.681417
0.895000, 2432.386379
0.896000, 2410.043328
0.897000, 2387.700277
0.898000, 2365.310095
0.899000, 2342.919913
0.900000, 2320.483483
0.901000, 2298.047054
0.902000, 2275.565263
0.903000, 2253.083472
0.904000, 2230.557207
0.905000, 2208.030942
0.906000, 2185.461092
0.907000, 2162.891243
0.908000, 2140.278700
0.909000, 2117.666157
0.910000, 2095.011813
0.911000, 2072.357468
0.912000, 2049.662218
0.913000, 2026.966967
0.914000, 2004.231706
0.915000, 1981.496445
0.916000, 1958.722071
0.917000, 1935.947696
0.918000, 1913.135108
0.919000, 1890.322520
0.920000, 1867.472618
0.921000, 1844.622717
0.922000, 1821.736404
0.923000, 1798.850091
0.924000, 1775.928270
0.925000, 1753.006450
0.926000, 1730.050026
0.927000, 1707.093603
0.928000, 1684.103483
0.929000, 1661.113363
0.930000, 1638.090454
0.931000, 1615.067545
0.932000, 1592.012756
0.933000, 1568.957967
0.934000, 1545.872208
0.935000, 1522.786449
0.936000, 1499.670632
0.937000, 1476.554814
0.938000, 1453.409851
0.939000, 1430.264888
0.940000, 1407.091692
0.941000, 1383.918497
0.942000, 1360.717984
0.943000, 1337.517471
0.944000, 1314.290557
0.945000, 1291.063642
0.946000, 1267.811243
0.947000, 1244.558844
0.948000, 1221.281879
0.949000, 1198.004914
0.950000, 1174.704301
0.951000, 1151.403688
0.952000, 1128.080347
0.953000, 1104.757006
0.954000, 1081.411859
0.955000, 1058.066711
0.956000, 1034.700678
0.957000, 1011.334645
0.958000, 987.948649
0.959000, 964.562654
0.960000, 941.157618
0.961000, 917.752583
0.962000, 894.329431
0.963000, 870.906280
0.964000, 847.465938
0.965000, 824.025596
0.966000, 800.568988
0.967000, 777.112381
0.968000, 753.640434
0.969000, 730.168486
0.970000, 706.682126
0.971000, 683.195766
0.972000, 659.695921
0.973000, 636.196075
0.974000, 612.683671
0.975000, 589.171267
0.976000, 565.647234
0.977000, 542.123200
0.978000, 518.588466
0.979000, 495.053731
0.980000, 471.509225
0.981000, 447.964718
0.982000, 424.411369
0.983000, 400.858021
0.984000, 377.296759
0.985000, 353.735498
0.986000, 330.167254
0.987000, 306.599010
0.988000, 283.024714
0.989000, 259.450418
0.990000, 235.871000
0.991000, 212.291583
0.992000, 188.707976
0.993000, 165.124368
0.994000, 141.537501
0.995000, 117.950634
0.996000, 94.361438
0.997000, 70.772243
0.998000, 47.181650
0.999000, 23.591058
1.000000, 0.000000
