0.000000, 0.000000
0.001000, 207092.064278
0.002000, 414180.040737
0.003000, 621268.017195
0.004000, 828343.730355
0.005000, 1035419.443514
0.006000, 1242474.718381
0.007000, 1449529.993247
0.008000, 1656556.655632
0.009000, 1863583.318017
0.010000, 2070573.194863
0.011000, 2277563.071709
0.012000, 2484507.991410
0.013000, 2691452.911111
0.014000, 2898344.703835
0.015000, 3105236.496560
0.016000, 3312066.994574
0.017000, 3518897.492589
0.018000, 3725658.530580
0.019000, 3932419.568570
0.020000, 4139102.983965
0.021000, 4345786.399361
0.022000, 4552384.032653
0.023000, 4758981.665945
0.024000, 4965485.361013
0.025000, 5171989.056082
0.026000, 5378390.660514
0.027000, 5584792.264946
0.028000, 5791083.630360
0.029000, 5997374.995775
0.030000, 6203547.978141
0.031000, 6409720.960507
0.032000, 6615767.420469
0.033000, 6821813.880432
0.034000, 7027725.683628
0.035000, 7233637.486825
0.036000, 7439406.504210
0.037000, 7645175.521595
0.038000, 7850793.629761
0.039000, 8056411.737927
0.040000, 8261870.819423
0.041000, 8467329.900918
0.042000, 8672621.844571
0.043000, 8877913.788223
0.044000, 9083030.489458
0.045000, 9288147.190693
0.046000, 9493080.551854
0.047000, 9698013.913015
0.048000, 9902755.843685
0.049000, 10107497.774354
0.050000, 10312040.191670
0.051000, 10516582.608987
0.052000, 10720917.437966
0.053000, 10925252.266946
0.054000, 11129371.440799
0.055000, 11333490.614652
0.056000, 11537386.075103
0.057000, 11741281.535555
0.058000, 11944945.233160
0.059000, 12148608.930766
0.060000, 12352032.825233
0.061000, 12555456.719699
0.062000, 12758632.780199
0.063000, 12961808.840698
0.064000, 13164729.046189
0.065000, 13367649.251679
0.066000, 13570305.591217
0.067000, 13772961.930756
0.068000, 13975346.403817
0.069000, 14177730.876878
0.070000, 14379835.493670
0.071000, 14581940.110462
0.072000, 14783756.892240
0.073000, 14985573.674018
0.074000, 15187094.653402
0.075000, 15388615.632785
0.076000, 15589832.854070
0.077000, 15791050.075356
0.078000, 15991955.594832
0.079000, 16192861.114308
0.080000, 16393447.000569
0.081000, 16594032.886830
0.082000, 16794291.221088
0.083000, 16994549.555347
0.084000, 17194472.431746
0.085000, 17394395.308146
0.086000, 17593974.834074
0.087000, 17793554.360002
0.088000, 17992782.656401
0.089000, 18192010.952800
0.090000, 18390880.154477
0.091000, 18589749.356154
0.092000, 18788251.612094
0.093000, 18986753.868034
0.094000, 19184881.341708
0.095000, 19383008.815382
0.096000, 19580753.685056
0.097000, 19778498.554731
0.098000, 19975853.013776
0.099000, 20173207.472822
0.100000, 20370163.730023
0.101000, 20567119.987224
0.102000, 20763670.267085
0.103000, 20960220.546946
0.104000, 21156357.089998
0.105000, 21352493.633049
0.106000, 21548208.696157
0.107000, 21743923.759265
0.108000, 21939209.615934
0.109000, 22134495.472603
0.110000, 22329344.413281
0.111000, 22524193.353959
0.112000, 22718597.686343
0.113000, 22913002.018728
0.114000, 23106954.068070
0.115000, 23300906.117411
0.116000, 23494398.226815
0.117000, 23687890.336218
0.118000, 23880914.866946
0.119000, 24073939.397674
0.120000, 24266488.729449
0.121000, 24459038.061224
0.122000, 24651104.592527
0.123000, 24843171.123831
0.124000, 25034747.272205
0.125000, 25226323.420580
0.126000, 25417401.622927
0.127000, 25608479.825274
0.128000, 25799052.538154
0.129000, 25989625.251034
0.130000, 26179684.950962
0.131000, 26369744.650889
0.132000, 26559283.834634
0.133000, 26748823.018378
0.134000, 26937834.203256
0.135000, 27126845.388135
0.136000, 27315321.112309
0.137000, 27503796.836484
0.138000, 27691729.659256
0.139000, 27879662.482028
0.140000, 28067044.984131
0.141000, 28254427.486234
0.142000, 28441252.270128
0.143000, 28628077.054022
0.144000, 28814336.744185
0.145000, 29000596.434347
0.146000, 29186283.677564
0.147000, 29371970.920781
0.148000, 29557078.386439
0.149000, 29742185.852096
0.150000, 29926706.232468
0.151000, 30111226.612840
0.152000, 30295152.623377
0.153000, 30479078.633915
0.154000, 30662403.013535
0.155000, 30845727.393154
0.156000, 31028442.904523
0.157000, 31211158.415892
0.158000, 31393257.845714
0.159000, 31575357.275537
0.160000, 31756833.434840
0.161000, 31938309.594142
0.162000, 32119155.318557
0.163000, 32300001.042971
0.164000, 32480209.193018
0.165000, 32660417.343065
0.166000, 32839980.804436
0.167000, 33019544.265806
0.168000, 33198455.949642
0.169000, 33377367.633477
0.170000, 33555620.476651
0.171000, 33733873.319825
0.172000, 33911460.285220
0.173000, 34089047.250615
0.174000, 34265961.327403
0.175000, 34442875.404190
0.176000, 34619109.608104
0.177000, 34795343.812019
0.178000, 34970891.185636
0.179000, 35146438.559252
0.180000, 35321292.172262
0.181000, 35496145.785272
0.182000, 35670298.734753
0.183000, 35844451.684235
0.184000, 36017897.094927
0.185000, 36191342.505620
0.186000, 36364073.530196
0.187000, 36536804.554773
0.188000, 36708814.374107
0.189000, 36880824.193442
0.190000, 37052106.016882
0.191000, 37223387.840322
0.192000, 37393934.905954
0.193000, 37564481.971586
0.194000, 37734287.546504
0.195000, 37904093.121422
0.196000, 38073150.501993
0.197000, 38242207.882564
0.198000, 38410510.394692
0.199000, 38578812.906820
0.200000, 38746353.906209
0.201000, 38913894.905599
0.202000, 39080667.778018
0.203000, 39247440.650438
0.204000, 39413438.811980
0.205000, 39579436.973522
0.206000, 39744653.870863
0.207000, 39909870.768205
0.208000, 40074299.878865
0.209000, 40238728.989526
0.210000, 40402363.822126
0.211000, 40565998.654726
0.212000, 40728832.749243
0.213000, 40891666.843760
0.214000, 41053693.771781
0.215000, 41215720.699803
0.216000, 41376934.064785
0.217000, 41538147.429766
0.218000, 41698540.867279
0.219000, 41858934.304792
0.220000, 42018501.482779
0.221000, 42178068.660766
0.222000, 42336803.279788
0.223000, 42495537.898810
0.224000, 42653433.692295
0.225000, 42811329.485780
0.226000, 42968380.220274
0.227000, 43125430.954767
0.228000, 43281630.430175
0.229000, 43437829.905582
0.230000, 43593171.955416
0.231000, 43748514.005250
0.232000, 43902992.496872
0.233000, 44057470.988494
0.234000, 44211079.823358
0.235000, 44364688.658222
0.236000, 44517421.772113
0.237000, 44670154.886005
0.238000, 44822006.249283
0.239000, 44973857.612561
0.240000, 45124821.230393
0.241000, 45275784.848226
0.242000, 45425854.760827
0.243000, 45575924.673429
0.244000, 45725094.956296
0.245000, 45874265.239164
0.246000, 46022530.003310
0.247000, 46170794.767457
0.248000, 46318148.159643
0.249000, 46465501.551829
0.250000, 46611937.754795
0.251000, 46758373.957761
0.252000, 46903887.190456
0.253000, 47049400.423152
0.254000, 47193984.940964
0.255000, 47338569.458776
0.256000, 47482219.553755
0.257000, 47625869.648734
0.258000, 47768579.649820
0.259000, 47911289.650906
0.260000, 48053053.924153
0.261000, 48194818.197400
0.262000, 48335631.146197
0.263000, 48476444.094994
0.264000, 48616300.160287
0.265000, 48756156.225580
0.266000, 48895049.886091
0.267000, 49033943.546602
0.268000, 49171869.319047
0.269000, 49309795.091493
0.270000, 49446747.530798
0.271000, 49583699.970104
0.272000, 49719673.669623
0.273000, 49855647.369142
0.274000, 49990636.960864
0.275000, 50125626.552587
0.276000, 50259626.707356
0.277000, 50393626.862125
0.278000, 50526632.289844
0.279000, 50659637.717562
0.280000, 50791643.167404
0.281000, 50923648.617245
0.282000, 51054648.877861
0.283000, 51185649.138476
0.284000, 51315639.038199
0.285000, 51445628.937922
0.286000, 51574603.344975
0.287000, 51703577.752027
0.288000, 51831531.574720
0.289000, 51959485.397413
0.290000, 52086413.584348
0.291000, 52213341.771284
0.292000, 52339239.311554
0.293000, 52465136.851825
0.294000, 52589998.775211
0.295000, 52714860.698598
0.296000, 52838682.075765
0.297000, 52962503.452932
0.298000, 53085279.395624
0.299000, 53208055.338317
0.300000, 53329780.999550
0.301000, 53451506.660783
0.302000, 53572177.235037
0.303000, 53692847.809290
0.304000, 53812458.532696
0.305000, 53932069.256102
0.306000, 54050615.406635
0.307000, 54169161.557167
0.308000, 54286638.454826
0.309000, 54404115.352485
0.310000, 54520518.359485
0.311000, 54636921.366485
0.312000, 54752245.887433
0.313000, 54867570.408381
0.314000, 54981811.890464
0.315000, 55096053.372547
0.316000, 55209207.305706
0.317000, 55322361.238865
0.318000, 55434423.155976
0.319000, 55546485.073088
0.320000, 55657450.550139
0.321000, 55768416.027191
0.322000, 55878280.683455
0.323000, 55988145.339720
0.324000, 56096904.837929
0.325000, 56205664.336138
0.326000, 56313314.382653
0.327000, 56420964.429168
0.328000, 56527500.774149
0.329000, 56634037.119130
0.330000, 56739455.556705
0.331000, 56844873.994280
0.332000, 56949170.362709
0.333000, 57053466.731138
0.334000, 57156636.912980
0.335000, 57259807.094821
0.336000, 57361847.017093
0.337000, 57463886.939365
0.338000, 57564792.573705
0.339000, 57665698.208046
0.340000, 57765465.570873
0.341000, 57865232.933701
0.342000, 57963858.086371
0.343000, 58062483.239041
0.344000, 58159962.288001
0.345000, 58257441.336962
0.346000, 58353770.433907
0.347000, 58450099.530851
0.348000, 58545274.872873
0.349000, 58640450.214894
0.350000, 58734468.044633
0.351000, 58828485.874371
0.352000, 58921342.480164
0.353000, 59014199.085956
0.354000, 59105890.801983
0.355000, 59197582.518010
0.356000, 59288105.724439
0.357000, 59378628.930869
0.358000, 59467980.053999
0.359000, 59557331.177130
0.360000, 59645506.689532
0.361000, 59733682.201934
0.362000, 59820678.622590
0.363000, 59907675.043246
0.364000, 59993488.937686
0.365000, 60079302.832126
0.366000, 60163930.812564
0.367000, 60248558.793002
0.368000, 60331997.518471
0.369000, 60415436.243939
0.370000, 60497682.420420
0.371000, 60579928.596901
0.372000, 60660978.977457
0.373000, 60742029.358012
0.374000, 60821880.742911
0.375000, 60901732.127811
0.376000, 60980381.364658
0.377000, 61059030.601506
0.378000, 61136474.585364
0.379000, 61213918.569223
0.380000, 61290154.242736
0.381000, 61366389.916250
0.382000, 61441414.269764
0.383000, 61516438.623279
0.384000, 61590248.694962
0.385000, 61664058.766644
0.386000, 61736651.642600
0.387000, 61809244.518556
0.388000, 61880617.332942
0.389000, 61951990.147328
0.390000, 62022140.082468
0.391000, 62092290.017608
0.392000, 62161214.304103
0.393000, 62230138.590598
0.394000, 62297834.507435
0.395000, 62365530.424271
0.396000, 62431995.298931
0.397000, 62498460.173591
0.398000, 62563691.382154
0.399000, 62628922.590717
0.400000, 62692917.557967
0.401000, 62756912.525218
0.402000, 62819668.724743
0.403000, 62882424.924269
0.404000, 62943939.878563
0.405000, 63005454.832856
0.406000, 63065726.113413
0.407000, 63125997.393970
0.408000, 63185022.621383
0.409000, 63244047.848796
0.410000, 63301824.692850
0.411000, 63359601.536904
0.412000, 63416127.716668
0.413000, 63472653.896432
0.414000, 63527927.180350
0.415000, 63583200.464268
0.416000, 63637218.670244
0.417000, 63691236.876221
0.418000, 63743997.871710
0.419000, 63796758.867200
0.420000, 63848260.569288
0.421000, 63899762.271376
0.422000, 63950002.646864
0.423000, 64000243.022352
0.424000, 64049220.087836
0.425000, 64098197.153320
0.426000, 64145908.975269
0.427000, 64193620.797218
0.428000, 64240065.492051
0.429000, 64286510.186884
0.430000, 64331685.921045
0.431000, 64376861.655205
0.432000, 64420766.645232
0.433000, 64464671.635259
0.434000, 64507304.147858
0.435000, 64549936.660458
0.436000, 64591295.012571
0.437000, 64632653.364685
0.438000, 64672735.923555
0.439000, 64712818.482426
0.440000, 64751623.665663
0.441000, 64790428.848900
0.442000, 64827955.124541
0.443000, 64865481.400183
0.444000, 64901727.286755
0.445000, 64937973.173327
0.446000, 64972937.239905
0.447000, 65007901.306483
0.448000, 65041582.172744
0.449000, 65075263.039006
0.450000, 65107659.375289
0.451000, 65140055.711572
0.452000, 65171166.238924
0.453000, 65202276.766277
0.454000, 65232100.256508
0.455000, 65261923.746739
0.456000, 65290459.022468
0.457000, 65318994.298198
0.458000, 65346240.232902
0.459000, 65373486.167607
0.460000, 65399441.685663
0.461000, 65425397.203719
0.462000, 65450061.280448
0.463000, 65474725.357177
0.464000, 65498097.018882
0.465000, 65521468.680588
0.466000, 65543547.004597
0.467000, 65565625.328607
0.468000, 65586409.443306
0.469000, 65607193.558005
0.470000, 65626682.642871
0.471000, 65646171.727738
0.472000, 65664365.013378
0.473000, 65682558.299017
0.474000, 65699455.067189
0.475000, 65716351.835361
0.476000, 65731951.419010
0.477000, 65747551.002659
0.478000, 65761852.785940
0.479000, 65776154.569222
0.480000, 65789157.987526
0.481000, 65802161.405829
0.482000, 65813865.945803
0.483000, 65825570.485776
0.484000, 65835975.685344
0.485000, 65846380.884912
0.486000, 65855486.333295
0.487000, 65864591.781678
0.488000, 65872397.119409
0.489000, 65880202.457139
0.490000, 65886707.376076
0.491000, 65893212.295013
0.492000, 65898416.538352
0.493000, 65903620.781692
0.494000, 65907524.143981
0.495000, 65911427.506269
0.496000, 65914029.833408
0.497000, 65916632.160546
0.498000, 65917933.349800
0.499000, 65919234.539054
0.500000, 65919234.539054
0.501000, 65919234.539054
0.502000, 65917933.349800
0.503000, 65916632.160546
0.504000, 65914029.833408
0.505000, 65911427.506269
0.506000, 65907524.143981
0.507000, 65903620.781692
0.508000, 65898416.538352
0.509000, 65893212.295013
0.510000, 65886707.376076
0.511000, 65880202.457139
0.512000, 65872397.119409
0.513000, 65864591.781678
0.514000, 65855486.333295
0.515000, 65846380.884912
0.516000, 65835975.685344
0.517000, 65825570.485776
0.518000, 65813865.945803
0.519000, 65802161.405829
0.520000, 65789157.987526
0.521000, 65776154.569222
0.522000, 65761852.785940
0.523000, 65747551.002659
0.524000, 65731951.419010
0.525000, 65716351.835361
0.526000, 65699455.067189
0.527000, 65682558.299017
0.528000, 65664365.013378
0.529000, 65646171.727738
0.530000, 65626682.642871
0.531000, 65607193.558005
0.532000, 65586409.443306
0.533000, 65565625.328607
0.534000, 65543547.004597
0.535000, 65521468.680588
0.536000, 65498097.018882
0.537000, 65474725.357177
0.538000, 65450061.280448
0.539000, 65425397.203719
0.540000, 65399441.685663
0.541000, 65373486.167607
0.542000, 65346240.232902
0.543000, 65318994.298198
0.544000, 65290459.022468
0.545000, 65261923.746739
0.546000, 65232100.256508
0.547000, 65202276.766277
0.548000, 65171166.238924
0.549000, 65140055.711572
0.550000, 65107659.375289
0.551000, 65075263.039006
0.552000, 65041582.172744
0.553000, 65007901.306483
0.554000, 64972937.239905
0.555000, 64937973.173327
0.556000, 64901727.286755
0.557000, 64865481.400183
0.558000, 64827955.124541
0.559000, 64790428.848900
0.560000, 64751623.665663
0.561000, 64712818.482426
0.562000, 64672735.923555
0.563000, 64632653.364685
0.564000, 64591295.012571
0.565000, 64549936.660458
0.566000, 64507304.147858
0.567000, 64464671.635259
0.568000, 64420766.645232
0.569000, 64376861.655205
0.570000, 64331685.921045
0.571000, 64286510.186884
0.572000, 64240065.492051
0.573000, 64193620.797218
0.574000, 64145908.975269
0.575000, 64098197.153320
0.576000, 64049220.087836
0.577000, 64000243.022352
0.578000, 63950002.646864
0.579000, 63899762.271376
0.580000, 63848260.569288
0.581000, 63796758.867200
0.582000, 63743997.871710
0.583000, 63691236.876221
0.584000, 63637218.670244
0.585000, 63583200.464268
0.586000, 63527927.180350
0.587000, 63472653.896432
0.588000, 63416127.716668
0.589000, 63359601.536904
0.590000, 63301824.692850
0.591000, 63244047.848796
0.592000, 63185022.621383
0.593000, 63125997.393970
0.594000, 63065726.113413
0.595000, 63005454.832856
0.596000, 62943939.878563
0.597000, 62882424.924269
0.598000, 62819668.724743
0.599000, 62756912.525218
0.600000, 62692917.557967
0.601000, 62628922.590717
0.602000, 62563691.382154
0.603000, 62498460.173591
0.604000, 62431995.298931
0.605000, 62365530.424271
0.606000, 62297834.507435
0.607000, 62230138.590598
0.608000, 62161214.304103
0.609000, 62092290.017608
0.610000, 62022140.082468
0.611000, 61951990.147328
0.612000, 61880617.332942
0.613000, 61809244.518556
0.614000, 61736651.642600
0.615000, 61664058.766644
0.616000, 61590248.694962
0.617000, 61516438.623279
0.618000, 61441414.269764
0.619000, 61366389.916250
0.620000, 61290154.242736
0.621000, 61213918.569223
0.622000, 61136474.585364
0.623000, 61059030.601506
0.624000, 60980381.364658
0.625000, 60901732.127811
0.626000, 60821880.742911
0.627000, 60742029.358012
0.628000, 60660978.977457
0.629000, 60579928.596901
0.630000, 60497682.420420
0.631000, 60415436.243939
0.632000, 60331997.518471
0.633000, 60248558.793002
0.634000, 60163930.812564
0.635000, 60079302.832126
0.636000, 59993488.937686
0.637000, 59907675.043246
0.638000, 59820678.622590
0.639000, 59733682.201934
0.640000, 59645506.689532
0.641000, 59557331.177130
0.642000, 59467980.053999
0.643000, 59378628.930869
0.644000, 59288105.724439
0.645000, 59197582.518010
0.646000, 59105890.801983
0.647000, 59014199.085956
0.648000, 58921342.480164
0.649000, 58828485.874371
0.650000, 58734468.044633
0.651000, 58640450.214894
0.652000, 58545274.872873
0.653000, 58450099.530851
0.654000, 58353770.433907
0.655000, 58257441.336962
0.656000, 58159962.288001
0.657000, 58062483.239041
0.658000, 57963858.086371
0.659000, 57865232.933701
0.660000, 57765465.570873
0.661000, 57665698.208046
0.662000, 57564792.573705
0.663000, 57463886.939365
0.664000, 57361847.017093
0.665000, 57259807.094821
0.666000, 57156636.912980
0.667000, 57053466.731138
0.668000, 56949170.362709
0.669000, 56844873.994280
0.670000, 56739455.556705
0.671000, 56634037.119130
0.672000, 56527500.774149
0.673000, 56420964.429168
0.674000, 56313314.382653
0.675000, 56205664.336138
0.676000, 56096904.837929
0.677000, 55988145.339720
0.678000, 55878280.683455
0.679000, 55768416.027191
0.680000, 55657450.550139
0.681000, 55546485.073088
0.682000, 55434423.155976
0.683000, 55322361.238865
0.684000, 55209207.305706
0.685000, 55096053.372547
0.686000, 54981811.890464
0.687000, 54867570.408381
0.688000, 54752245.887433
0.689000, 54636921.366485
0.690000, 54520518.359485
0.691000, 54404115.352485
0.692000, 54286638.454826
0.693000, 54169161.557167
0.694000, 54050615.406635
0.695000, 53932069.256102
0.696000, 53812458.532696
0.697000, 53692847.809290
0.698000, 53572177.235037
0.699000, 53451506.660783
0.700000, 53329780.999550
0.701000, 53208055.338317
0.702000, 53085279.395624
0.703000, 52962503.452932
0.704000, 52838682.075765
0.705000, 52714860.698598
0.706000, 52589998.775211
0.707000, 52465136.851825
0.708000, 52339239.311554
0.709000, 52213341.771284
0.710000, 52086413.584348
0.711000, 51959485.397413
0.712000, 51831531.574720
0.713000, 51703577.752027
0.714000, 51574603.344975
0.715000, 51445628.937922
0.716000, 51315639.038199
0.717000, 51185649.138476
0.718000, 51054648.877861
0.719000, 50923648.617245
0.720000, 50791643.167404
0.721000, 50659637.717562
0.722000, 50526632.289844
0.723000, 50393626.862125
0.724000, 50259626.707356
0.725000, 50125626.552587
0.726000, 49990636.960864
0.727000, 49855647.369142
0.728000, 49719673.669623
0.729000, 49583699.970104
0.730000, 49446747.530798
0.731000, 49309795.091493
0.732000, 49171869.319047
0.733000, 49033943.546602
0.734000, 48895049.886091
0.735000, 48756156.225580
0.736000, 48616300.160287
0.737000, 48476444.094994
0.738000, 48335631.146197
0.739000, 48194818.197400
0.740000, 48053053.924153
0.741000, 47911289.650906
0.742000, 47768579.649820
0.743000, 47625869.648734
0.744000, 47482219.553755
0.745000, 47338569.458776
0.746000, 47193984.940964
0.747000, 47049400.423152
0.748000, 46903887.190456
0.749000, 46758373.957761
0.750000, 46611937.754795
0.751000, 46465501.551829
0.752000, 46318148.159643
0.753000, 46170794.767457
0.754000, 46022530.003310
0.755000, 45874265.239164
0.756000, 45725094.956296
0.757000, 45575924.673429
0.758000, 45425854.760827
0.759000, 45275784.848226
0.760000, 45124821.230393
0.761000, 44973857.612561
0.762000, 44822006.249283
0.763000, 44670154.886005
0.764000, 44517421.772113
0.765000, 44364688.658222
0.766000, 44211079.823358
0.767000, 44057470.988494
0.768000, 43902992.496872
0.769000, 43748514.005250
0.770000, 43593171.955416
0.771000, 43437829.905582
0.772000, 43281630.430175
0.773000, 43125430.954767
0.774000, 42968380.220274
0.775000, 42811329.485780
0.776000, 42653433.692295
0.777000, 42495537.898810
0.778000, 42336803.279788
0.779000, 42178068.660766
0.780000, 42018501.482779
0.781000, 41858934.304792
0.782000, 41698540.867279
0.783000, 41538147.429766
0.784000, 41376934.064785
0.785000, 41215720.699803
0.786000, 41053693.771781
0.787000, 40891666.843760
0.788000, 40728832.749243
0.789000, 40565998.654726
0.790000, 40402363.822126
0.791000, 40238728.989526
0.792000, 40074299.878865
0.793000, 39909870.768205
0.794000, 39744653.870863
0.795000, 39579436.973522
0.796000, 39413438.811980
0.797000, 39247440.650438
0.798000, 39080667.778018
0.799000, 38913894.905599
0.800000, 38746353.906209
0.801000, 38578812.906820
0.802000, 38410510.394692
0.803000, 38242207.882564
0.804000, 38073150.501993
0.805000, 37904093.121422
0.806000, 37734287.546504
0.807000, 37564481.971586
0.808000, 37393934.905954
0.809000, 37223387.840322
0.810000, 37052106.016882
0.811000, 36880824.193442
0.812000, 36708814.374107
0.813000, 36536804.554773
0.814000, 36364073.530196
0.815000, 36191342.505620
0.816000, 36017897.094927
0.817000, 35844451.684235
0.818000, 35670298.734753
0.819000, 35496145.785272
0.820000, 35321292.172262
0.821000, 35146438.559252
0.822000, 34970891.185636
0.823000, 34795343.812019
0.824000, 34619109.608104
0.825000, 34442875.404190
0.826000, 34265961.327403
0.827000, 34089047.250615
0.828000, 33911460.285220
0.829000, 33733873.319825
0.830000, 33555620.476651
0.831000, 33377367.633477
0.832000, 33198455.949642
0.833000, 33019544.265806
0.834000, 32839980.804436
0.835000, 32660417.343065
0.836000, 32480209.193018
0.837000, 32300001.042971
0.838000, 32119155.318557
0.839000, 31938309.594142
0.840000, 31756833.434840
0.841000, 31575357.275537
0.842000, 31393257.845714
0.843000, 31211158.415892
0.844000, 31028442.904523
0.845000, 30845727.393154
0.846000, 30662403.013535
0.847000, 30479078.633915
0.848000, 30295152.623377
0.849000, 30111226.612840
0.850000, 29926706.232468
0.851000, 29742185.852096
0.852000, 29557078.386439
0.853000, 29371970.920781
0.854000, 29186283.677564
0.855000, 29000596.434347
0.856000, 28814336.744185
0.857000, 28628077.054022
0.858000, 28441252.270128
0.859000, 28254427.486234
0.860000, 28067044.984131
0.861000, 27879662.482028
0.862000, 27691729.659256
0.863000, 27503796.836484
0.864000, 27315321.112309
0.865000, 27126845.388135
0.866000, 26937834.203256
0.867000, 26748823.018378
0.868000, 26559283.834634
0.869000, 26369744.650889
0.870000, 26179684.950962
0.871000, 25989625.251034
0.872000, 25799052.538154
0.873000, 25608479.825274
0.874000, 25417401.622927
0.875000, 25226323.420580
0.876000, 25034747.272205
0.877000, 24843171.123831
0.878000, 24651104.592527
0.879000, 24459038.061224
0.880000, 24266488.729449
0.881000, 24073939.397674
0.882000, 23880914.866946
0.883000, 23687890.336218
0.884000, 23494398.226815
0.885000, 23300906.117411
0.886000, 23106954.068070
0.887000, 22913002.018728
0.888000, 22718597.686343
0.889000, 22524193.353959
0.890000, 22329344.413281
0.891000, 22134495.472603
0.892000, 21939209.615934
0.893000, 21743923.759265
0.894000, 21548208.696157
0.895000, 21352493.633049
0.896000, 21156357.089998
0.897000, 20960220.546946
0.898000, 20763670.267085
0.899000, 20567119.987224
0.900000, 20370163.730023
0.901000, 20173207.472822
0.902000, 19975853.013776
0.903000, 19778498.554731
0.904000, 19580753.685056
0.905000, 19383008.815382
0.906000, 19184881.341708
0.907000, 18986753.868034
0.908000, 18788251.612094
0.909000, 18589749.356154
0.910000, 18390880.154477
0.911000, 18192010.952800
0.912000, 17992782.656401
0.913000, 17793554.360002
0.914000, 17593974.834074
0.915000, 17394395.308146
0.916000, 17194472.431746
0.917000, 16994549.555347
0.918000, 16794291.221088
0.919000, 16594032.886830
0.920000, 16393447.000569
0.921000, 16192861.114308
0.922000, 15991955.594832
0.923000, 15791050.075356
0.924000, 15589832.854070
0.925000, 15388615.632785
0.926000, 15187094.653402
0.927000, 14985573.674018
0.928000, 14783756.892240
0.929000, 14581940.110462
0.930000, 14379835.493670
0.931000, 14177730.876878
0.932000, 13975346.403817
0.933000, 13772961.930756
0.934000, 13570305.591217
0.935000, 13367649.251679
0.936000, 13164729.046189
0.937000, 12961808.840698
0.938000, 12758632.780199
0.939000, 12555456.719699
0.940000, 12352032.825233
0.941000, 12148608.930766
0.942000, 11944945.233160
0.943000, 11741281.535555
0.944000, 11537386.075103
0.945000, 11333490.614652
0.946000, 11129371.440799
0.947000, 10925252.266946
0.948000, 10720917.437966
0.949000, 10516582.608987
0.950000, 10312040.191670
0.951000, 10107497.774354
0.952000, 9902755.843685
0.953000, 9698013.913015
0.954000, 9493080.551854
0.955000, 9288147.190693
0.956000, 9083030.489458
0.957000, 8877913.788223
0.958000, 8672621.844571
0.959000, 8467329.900918
0.960000, 8261870.819423
0.961000, 8056411.737927
0.962000, 7850793.629761
0.963000, 7645175.521595
0.964000, 7439406.504210
0.965000, 7233637.486825
0.966000, 7027725.683628
0.967000, 6821813.880432
0.968000, 6615767.420469
0.969000, 6409720.960507
0.970000, 6203547.978141
0.971000, 5997374.995775
0.972000, 5791083.630360
0.973000, 5584792.264946
0.974000, 5378390.660514
0.975000, 5171989.056082
0.976000, 4965485.361013
0.977000, 4758981.665945
0.978000, 4552384.032653
0.979000, 4345786.399361
0.980000, 4139102.983965
0.981000, 3932419.568570
0.982000, 3725658.530580
0.983000, 3518897.492589
0.984000, 3312066.994574
0.985000, 3105236.496560
0.986000, 2898344.703835
0.987000, 2691452.911111
0.988000, 2484507.991410
0.989000, 2277563.071709
0.990000, 2070573.194863
0.991000, 1863583.318017
0.992000, 1656556.655632
0.993000, 1449529.993247
0.994000, 1242474.718381
0.995000, 1035419.443514
0.996000, 828343.730355
0.997000, 621268.017195
0.998000, 414180.040737
0.999000, 207092.064278
1.000000, 0.000000
