0.000000, 0.000000
0.001000, 374.039543
0.002000, 748.071702
0.003000, 1122.103862
0.004000, 1496.113872
0.005000, 1870.123882
0.006000, 2244.096978
0.007000, 2618.070074
0.008000, 2991.991491
0.009000, 3365.912908
0.010000, 3739.767885
0.011000, 4113.622862
0.012000, 4487.396639
0.013000, 4861.170417
0.014000, 5234.848239
0.015000, 5608.526061
0.016000, 5982.093175
0.017000, 6355.660290
0.018000, 6729.101949
0.019000, 7102.543609
0.020000, 7475.845070
0.021000, 7849.146531
0.022000, 8222.293057
0.023000, 8595.439583
0.024000, 8968.416442
0.025000, 9341.393301
0.026000, 9714.185769
0.027000, 10086.978237
0.028000, 10459.571597
0.029000, 10832.164957
0.030000, 11204.544499
0.031000, 11576.924041
0.032000, 11949.075064
0.033000, 12321.226088
0.034000, 12693.133901
0.035000, 13065.041714
0.036000, 13436.691634
0.037000, 13808.341555
0.038000, 14179.718910
0.039000, 14551.096266
0.040000, 14922.186395
0.041000, 15293.276524
0.042000, 15664.064777
0.043000, 16034.853030
0.044000, 16405.324769
0.045000, 16775.796508
0.046000, 17145.937107
0.047000, 17516.077706
0.048000, 17885.872553
0.049000, 18255.667399
0.050000, 18625.101895
0.051000, 18994.536390
0.052000, 19363.595949
0.053000, 19732.655509
0.054000, 20101.325563
0.055000, 20469.995616
0.056000, 20838.261610
0.057000, 21206.527603
0.058000, 21574.374998
0.059000, 21942.222393
0.060000, 22309.636667
0.061000, 22677.050941
0.062000, 23044.017590
0.063000, 23410.984239
0.064000, 23777.488774
0.065000, 24143.993310
0.066000, 24510.021264
0.067000, 24876.049218
0.068000, 25241.586141
0.069000, 25607.123063
0.070000, 25972.154522
0.071000, 26337.185982
0.072000, 26701.697568
0.073000, 27066.209153
0.074000, 27430.186476
0.075000, 27794.163798
0.076000, 28157.592487
0.077000, 28521.021176
0.078000, 28883.886885
0.079000, 29246.752593
0.080000, 29609.040996
0.081000, 29971.329399
0.082000, 30333.026193
0.083000, 30694.722988
0.084000, 31055.813894
0.085000, 31416.904801
0.086000, 31777.375565
0.087000, 32137.846329
0.088000, 32497.682720
0.089000, 32857.519110
0.090000, 33216.706921
0.091000, 33575.894733
0.092000, 33934.419784
0.093000, 34292.944836
0.094000, 34650.792974
0.095000, 35008.641113
0.096000, 35365.798210
0.097000, 35722.955308
0.098000, 36079.407265
0.099000, 36435.859223
0.100000, 36791.591967
0.101000, 37147.324712
0.102000, 37502.324200
0.103000, 37857.323688
0.104000, 38211.575905
0.105000, 38565.828122
0.106000, 38919.319083
0.107000, 39272.810043
0.108000, 39625.525792
0.109000, 39978.241541
0.110000, 40330.168154
0.111000, 40682.094766
0.112000, 41033.218349
0.113000, 41384.341932
0.114000, 41734.648624
0.115000, 42084.955315
0.116000, 42434.431286
0.117000, 42783.907256
0.118000, 43132.538709
0.119000, 43481.170162
0.120000, 43828.943333
0.121000, 44176.716505
0.122000, 44523.617666
0.123000, 44870.518827
0.124000, 45216.534283
0.125000, 45562.549738
0.126000, 45907.665828
0.127000, 46252.781918
0.128000, 46596.985017
0.129000, 46941.188117
0.130000, 47284.464637
0.131000, 47627.741158
0.132000, 47970.077548
0.133000, 48312.413938
0.134000, 48653.796682
0.135000, 48995.179426
0.136000, 49335.595047
0.137000, 49676.010668
0.138000, 50015.445727
0.139000, 50354.880787
0.140000, 50693.321884
0.141000, 51031.762981
0.142000, 51369.196754
0.143000, 51706.630528
0.144000, 52043.043657
0.145000, 52379.456786
0.146000, 52714.835990
0.147000, 53050.215193
0.148000, 53384.547231
0.149000, 53718.879268
0.150000, 54052.150941
0.151000, 54385.422614
0.152000, 54717.620766
0.153000, 55049.818917
0.154000, 55380.930432
0.155000, 55712.041947
0.156000, 56042.053754
0.157000, 56372.065561
0.158000, 56700.964631
0.159000, 57029.863702
0.160000, 57357.637052
0.161000, 57685.410402
0.162000, 58012.045091
0.163000, 58338.679781
0.164000, 58664.162914
0.165000, 58989.646048
0.166000, 59313.964777
0.167000, 59638.283505
0.168000, 59961.425025
0.169000, 60284.566545
0.170000, 60606.518100
0.171000, 60928.469654
0.172000, 61249.218532
0.173000, 61569.967411
0.174000, 61889.500951
0.175000, 62209.034491
0.176000, 62527.340078
0.177000, 62845.645665
0.178000, 63162.710732
0.179000, 63479.775800
0.180000, 63795.587831
0.181000, 64111.399862
0.182000, 64425.946389
0.183000, 64740.492917
0.184000, 65053.761522
0.185000, 65367.030127
0.186000, 65679.008443
0.187000, 65990.986759
0.188000, 66301.662469
0.189000, 66612.338180
0.190000, 66921.699020
0.191000, 67231.059859
0.192000, 67539.093616
0.193000, 67847.127372
0.194000, 68153.821884
0.195000, 68460.516396
0.196000, 68765.859556
0.197000, 69071.202716
0.198000, 69375.182470
0.199000, 69679.162224
0.200000, 69981.766571
0.201000, 70284.370917
0.202000, 70585.587911
0.203000, 70886.804904
0.204000, 71186.622653
0.205000, 71486.440401
0.206000, 71784.847069
0.207000, 72083.253736
0.208000, 72380.237542
0.209000, 72677.221347
0.210000, 72972.770567
0.211000, 73268.319787
0.212000, 73562.422752
0.213000, 73856.525718
0.214000, 74149.170819
0.215000, 74441.815920
0.216000, 74732.991603
0.217000, 75024.167287
0.218000, 75313.862057
0.219000, 75603.556828
0.220000, 75891.759249
0.221000, 76179.961670
0.222000, 76466.660364
0.223000, 76753.359058
0.224000, 77038.542706
0.225000, 77323.726354
0.226000, 77607.383698
0.227000, 77891.041042
0.228000, 78173.160884
0.229000, 78455.280726
0.230000, 78735.851927
0.231000, 79016.423129
0.232000, 79295.434614
0.233000, 79574.446099
0.234000, 79851.886852
0.235000, 80129.327606
0.236000, 80405.186675
0.237000, 80681.045744
0.238000, 80955.312239
0.239000, 81229.578733
0.240000, 81502.241825
0.241000, 81774.904917
0.242000, 82045.953843
0.243000, 82317.002768
0.244000, 82586.426827
0.245000, 82855.850885
0.246000, 83123.639440
0.247000, 83391.427995
0.248000, 83657.570474
0.249000, 83923.712953
0.250000, 84188.198851
0.251000, 84452.684748
0.252000, 84715.503621
0.253000, 84978.322495
0.254000, 85239.463969
0.255000, 85500.605443
0.256000, 85760.059208
0.257000, 86019.512974
0.258000, 86277.268788
0.259000, 86535.024601
0.260000, 86791.072288
0.261000, 87047.119974
0.262000, 87301.449425
0.263000, 87555.778876
0.264000, 87808.380051
0.265000, 88060.981226
0.266000, 88311.844152
0.267000, 88562.707079
0.268000, 88811.821853
0.269000, 89060.936627
0.270000, 89308.293415
0.271000, 89555.650203
0.272000, 89801.239239
0.273000, 90046.828275
0.274000, 90290.639863
0.275000, 90534.451452
0.276000, 90776.475968
0.277000, 91018.500484
0.278000, 91258.728373
0.279000, 91498.956262
0.280000, 91737.378039
0.281000, 91975.799817
0.282000, 92212.406071
0.283000, 92449.012325
0.284000, 92683.793715
0.285000, 92918.575105
0.286000, 93151.522362
0.287000, 93384.469618
0.288000, 93615.573545
0.289000, 93846.677473
0.290000, 94075.928947
0.291000, 94305.180421
0.292000, 94532.570392
0.293000, 94759.960362
0.294000, 94985.479852
0.295000, 95210.999342
0.296000, 95434.639449
0.297000, 95658.279555
0.298000, 95880.031449
0.299000, 96101.783343
0.300000, 96321.638270
0.301000, 96541.493197
0.302000, 96759.442478
0.303000, 96977.391759
0.304000, 97193.426789
0.305000, 97409.461819
0.306000, 97623.574069
0.307000, 97837.686320
0.308000, 98049.867338
0.309000, 98262.048356
0.310000, 98472.289766
0.311000, 98682.531176
0.312000, 98890.824677
0.313000, 99099.118178
0.314000, 99305.455547
0.315000, 99511.792916
0.316000, 99716.166008
0.317000, 99920.539099
0.318000, 100122.939845
0.319000, 100325.340591
0.320000, 100525.761000
0.321000, 100726.181410
0.322000, 100924.613571
0.323000, 101123.045731
0.324000, 101319.481810
0.325000, 101515.917888
0.326000, 101710.350130
0.327000, 101904.782371
0.328000, 102097.203099
0.329000, 102289.623827
0.330000, 102480.025445
0.331000, 102670.427064
0.332000, 102858.802056
0.333000, 103047.177048
0.334000, 103233.517977
0.335000, 103419.858906
0.336000, 103604.158415
0.337000, 103788.457925
0.338000, 103970.708739
0.339000, 104152.959554
0.340000, 104333.154478
0.341000, 104513.349402
0.342000, 104691.481322
0.343000, 104869.613242
0.344000, 105045.675125
0.345000, 105221.737009
0.346000, 105395.721905
0.347000, 105569.706802
0.348000, 105741.607843
0.349000, 105913.508884
0.350000, 106083.319283
0.351000, 106253.129682
0.352000, 106420.842735
0.353000, 106588.555788
0.354000, 106754.164874
0.355000, 106919.773961
0.356000, 107083.272542
0.357000, 107246.771124
0.358000, 107408.152746
0.359000, 107569.534368
0.360000, 107728.792659
0.361000, 107888.050951
0.362000, 108045.179625
0.363000, 108202.308298
0.364000, 108357.301151
0.365000, 108512.294004
0.366000, 108665.144917
0.367000, 108817.995830
0.368000, 108968.698769
0.369000, 109119.401708
0.370000, 109267.950724
0.371000, 109416.499739
0.372000, 109562.888967
0.373000, 109709.278194
0.374000, 109853.501854
0.375000, 109997.725514
0.376000, 110139.777914
0.377000, 110281.830313
0.378000, 110421.705843
0.379000, 110561.581374
0.380000, 110699.274513
0.381000, 110836.967652
0.382000, 110972.472965
0.383000, 111107.978278
0.384000, 111241.290414
0.385000, 111374.602550
0.386000, 111505.716247
0.387000, 111636.829944
0.388000, 111765.740025
0.389000, 111894.650106
0.390000, 112021.351483
0.391000, 112148.052860
0.392000, 112272.540530
0.393000, 112397.028201
0.394000, 112519.297250
0.395000, 112641.566299
0.396000, 112761.611900
0.397000, 112881.657501
0.398000, 112999.474915
0.399000, 113117.292329
0.400000, 113232.876904
0.401000, 113348.461479
0.402000, 113461.808653
0.403000, 113575.155827
0.404000, 113686.261124
0.405000, 113797.366421
0.406000, 113906.225456
0.407000, 114015.084491
0.408000, 114121.692966
0.409000, 114228.301440
0.410000, 114332.655146
0.411000, 114437.008852
0.412000, 114539.103669
0.413000, 114641.198486
0.414000, 114741.030384
0.415000, 114840.862282
0.416000, 114938.427320
0.417000, 115035.992358
0.418000, 115131.286683
0.419000, 115226.581009
0.420000, 115319.600861
0.421000, 115412.620713
0.422000, 115503.362418
0.423000, 115594.104123
0.424000, 115682.564100
0.425000, 115771.024077
0.426000, 115857.198833
0.427000, 115943.373588
0.428000, 116027.259721
0.429000, 116111.145854
0.430000, 116192.740053
0.431000, 116274.334251
0.432000, 116353.633293
0.433000, 116432.932336
0.434000, 116509.933092
0.435000, 116586.933848
0.436000, 116661.633278
0.437000, 116736.332707
0.438000, 116808.727862
0.439000, 116881.123017
0.440000, 116951.211038
0.441000, 117021.299059
0.442000, 117089.077180
0.443000, 117156.855301
0.444000, 117222.320846
0.445000, 117287.786391
0.446000, 117350.936775
0.447000, 117414.087160
0.448000, 117474.919891
0.449000, 117535.752622
0.450000, 117594.265297
0.451000, 117652.777973
0.452000, 117708.968284
0.453000, 117765.158595
0.454000, 117819.024322
0.455000, 117872.890049
0.456000, 117924.429066
0.457000, 117975.968084
0.458000, 118025.178357
0.459000, 118074.388629
0.460000, 118121.268215
0.461000, 118168.147800
0.462000, 118212.694847
0.463000, 118257.241895
0.464000, 118299.454645
0.465000, 118341.667396
0.466000, 118381.544183
0.467000, 118421.420971
0.468000, 118458.960221
0.469000, 118496.499471
0.470000, 118531.699701
0.471000, 118566.899931
0.472000, 118599.759753
0.473000, 118632.619574
0.474000, 118663.137689
0.475000, 118693.655804
0.476000, 118721.831008
0.477000, 118750.006212
0.478000, 118775.837393
0.479000, 118801.668573
0.480000, 118825.154710
0.481000, 118848.640847
0.482000, 118869.781014
0.483000, 118890.921181
0.484000, 118909.714543
0.485000, 118928.507905
0.486000, 118944.953720
0.487000, 118961.399534
0.488000, 118975.497153
0.489000, 118989.594772
0.490000, 119001.343638
0.491000, 119013.092504
0.492000, 119022.492153
0.493000, 119031.891803
0.494000, 119038.941864
0.495000, 119045.991926
0.496000, 119050.692122
0.497000, 119055.392318
0.498000, 119057.742462
0.499000, 119060.092606
0.500000, 119060.092606
0.501000, 119060.092606
0.502000, 119057.742462
0.503000, 119055.392318
0.504000, 119050.692122
0.505000, 119045.991926
0.506000, 119038.941864
0.507000, 119031.891803
0.508000, 119022.492153
0.509000, 119013.092504
0.510000, 119001.343638
0.511000, 118989.594772
0.512000, 118975.497153
0.513000, 118961.399534
0.514000, 118944.953720
0.515000, 118928.507905
0.516000, 118909.714543
0.517000, 118890.921181
0.518000, 118869.781014
0.519000, 118848.640847
0.520000, 118825.154710
0.521000, 118801.668573
0.522000, 118775.837393
0.523000, 118750.006212
0.524000, 118721.831008
0.525000, 118693.655804
0.526000, 118663.137689
0.527000, 118632.619574
0.528000, 118599.759753
0.529000, 118566.899931
0.530000, 118531.699701
0.531000, 118496.499471
0.532000, 118458.960221
0.533000, 118421.420971
0.534000, 118381.544183
0.535000, 118341.667396
0.536000, 118299.454645
0.537000, 118257.241895
0.538000, 118212.694847
0.539000, 118168.147800
0.540000, 118121.268215
0.541000, 118074.388629
0.542000, 118025.178357
0.543000, 117975.968084
0.544000, 117924.429066
0.545000, 117872.890049
0.546000, 117819.024322
0.547000, 117765.158595
0.548000, 117708.968284
0.549000, 117652.777973
0.550000, 117594.265297
0.551000, 117535.752622
0.552000, 117474.919891
0.553000, 117414.087160
0.554000, 117350.936775
0.555000, 117287.786391
0.556000, 117222.320846
0.557000, 117156.855301
0.558000, 117089.077180
0.559000, 117021.299059
0.560000, 116951.211038
0.561000, 116881.123017
0.562000, 116808.727862
0.563000, 116736.332707
0.564000, 116661.633278
0.565000, 116586.933848
0.566000, 116509.933092
0.567000, 116432.932336
0.568000, 116353.633293
0.569000, 116274.334251
0.570000, 116192.740053
0.571000, 116111.145854
0.572000, 116027.259721
0.573000, 115943.373588
0.574000, 115857.198833
0.575000, 115771.024077
0.576000, 115682.564100
0.577000, 115594.104123
0.578000, 115503.362418
0.579000, 115412.620713
0.580000, 115319.600861
0.581000, 115226.581009
0.582000, 115131.286683
0.583000, 115035.992358
0.584000, 114938.427320
0.585000, 114840.862282
0.586000, 114741.030384
0.587000, 114641.198486
0.588000, 114539.103669
0.589000, 114437.008852
0.590000, 114332.655146
0.591000, 114228.301440
0.592000, 114121.692966
0.593000, 114015.084491
0.594000, 113906.225456
0.595000, 113797.366421
0.596000, 113686.261124
0.597000, 113575.155827
0.598000, 113461.808653
0.599000, 113348.461479
0.600000, 113232.876904
0.601000, 113117.292329
0.602000, 112999.474915
0.603000, 112881.657501
0.604000, 112761.611900
0.605000, 112641.566299
0.606000, 112519.297250
0.607000, 112397.028201
0.608000, 112272.540530
0.609000, 112148.052860
0.610000, 112021.351483
0.611000, 111894.650106
0.612000, 111765.740025
0.613000, 111636.829944
0.614000, 111505.716247
0.615000, 111374.602550
0.616000, 111241.290414
0.617000, 111107.978278
0.618000, 110972.472965
0.619000, 110836.967652
0.620000, 110699.274513
0.621000, 110561.581374
0.622000, 110421.705843
0.623000, 110281.830313
0.624000, 110139.777914
0.625000, 109997.725514
0.626000, 109853.501854
0.627000, 109709.278194
0.628000, 109562.888967
0.629000, 109416.499739
0.630000, 109267.950724
0.631000, 109119.401708
0.632000, 108968.698769
0.633000, 108817.995830
0.634000, 108665.144917
0.635000, 108512.294004
0.636000, 108357.301151
0.637000, 108202.308298
0.638000, 108045.179625
0.639000, 107888.050951
0.640000, 107728.792659
0.641000, 107569.534368
0.642000, 107408.152746
0.643000, 107246.771124
0.644000, 107083.272542
0.645000, 106919.773961
0.646000, 106754.164874
0.647000, 106588.555788
0.648000, 106420.842735
0.649000, 106253.129682
0.650000, 106083.319283
0.651000, 105913.508884
0.652000, 105741.607843
0.653000, 105569.706802
0.654000, 105395.721905
0.655000, 105221.737009
0.656000, 105045.675125
0.657000, 104869.613242
0.658000, 104691.481322
0.659000, 104513.349402
0.660000, 104333.154478
0.661000, 104152.959554
0.662000, 103970.708739
0.663000, 103788.457925
0.664000, 103604.158415
0.665000, 103419.858906
0.666000, 103233.517977
0.667000, 103047.177048
0.668000, 102858.802056
0.669000, 102670.427064
0.670000, 102480.025445
0.671000, 102289.623827
0.672000, 102097.203099
0.673000, 101904.782371
0.674000, 101710.350130
0.675000, 101515.917888
0.676000, 101319.481810
0.677000, 101123.045731
0.678000, 100924.613571
0.679000, 100726.181410
0.680000, 100525.761000
0.681000, 100325.340591
0.682000, 100122.939845
0.683000, 99920.539099
0.684000, 99716.166008
0.685000, 99511.792916
0.686000, 99305.455547
0.687000, 99099.118178
0.688000, 98890.824677
0.689000, 98682.531176
0.690000, 98472.289766
0.691000, 98262.048356
0.692000, 98049.867338
0.693000, 97837.686320
0.694000, 97623.574069
0.695000, 97409.461819
0.696000, 97193.426789
0.697000, 96977.391759
0.698000, 96759.442478
0.699000, 96541.493197
0.700000, 96321.638270
0.701000, 96101.783343
0.702000, 95880.031449
0.703000, 95658.279555
0.704000, 95434.639449
0.705000, 95210.999342
0.706000, 94985.479852
0.707000, 94759.960362
0.708000, 94532.570392
0.709000, 94305.180421
0.710000, 94075.928947
0.711000, 93846.677473
0.712000, 93615.573545
0.713000, 93384.469618
0.714000, 93151.522362
0.715000, 92918.575105
0.716000, 92683.793715
0.717000, 92449.012325
0.718000, 92212.406071
0.719000, 91975.799817
0.720000, 91737.378039
0.721000, 91498.956262
0.722000, 91258.728373
0.723000, 91018.500484
0.724000, 90776.475968
0.725000, 90534.451452
0.726000, 90290.639863
0.727000, 90046.828275
0.728000, 89801.239239
0.729000, 89555.650203
0.730000, 89308.293415
0.731000, 89060.936627
0.732000, 88811.821853
0.733000, 88562.707079
0.734000, 88311.844152
0.735000, 88060.981226
0.736000, 87808.380051
0.737000, 87555.778876
0.738000, 87301.449425
0.739000, 87047.119974
0.740000, 86791.072288
0.741000, 86535.024601
0.742000, 86277.268788
0.743000, 86019.512974
0.744000, 85760.059208
0.745000, 85500.605443
0.746000, 85239.463969
0.747000, 84978.322495
0.748000, 84715.503621
0.749000, 84452.684748
0.750000, 84188.198851
0.751000, 83923.712953
0.752000, 83657.570474
0.753000, 83391.427995
0.754000, 83123.639440
0.755000, 82855.850885
0.756000, 82586.426827
0.757000, 82317.002768
0.758000, 82045.953843
0.759000, 81774.904917
0.760000, 81502.241825
0.761000, 81229.578733
0.762000, 80955.312239
0.763000, 80681.045744
0.764000, 80405.186675
0.765000, 80129.327606
0.766000, 79851.886852
0.767000, 79574.446099
0.768000, 79295.434614
0.769000, 79016.423129
0.770000, 78735.851927
0.771000, 78455.280726
0.772000, 78173.160884
0.773000, 77891.041042
0.774000, 77607.383698
0.775000, 77323.726354
0.776000, 77038.542706
0.777000, 76753.359058
0.778000, 76466.660364
0.779000, 76179.961670
0.780000, 75891.759249
0.781000, 75603.556828
0.782000, 75313.862057
0.783000, 75024.167287
0.784000, 74732.991603
0.785000, 74441.815920
0.786000, 74149.170819
0.787000, 73856.525718
0.788000, 73562.422752
0.789000, 73268.319787
0.790000, 72972.770567
0.791000, 72677.221347
0.792000, 72380.237542
0.793000, 72083.253736
0.794000, 71784.847069
0.795000, 71486.440401
0.796000, 71186.622653
0.797000, 70886.804904
0.798000, 70585.587911
0.799000, 70284.370917
0.800000, 69981.766571
0.801000, 69679.162224
0.802000, 69375.182470
0.803000, 69071.202716
0.804000, 68765.859556
0.805000, 68460.516396
0.806000, 68153.821884
0.807000, 67847.127372
0.808000, 67539.093616
0.809000, 67231.059859
0.810000, 66921.699020
0.811000, 66612.338180
0.812000, 66301.662469
0.813000, 65990.986759
0.814000, 65679.008443
0.815000, 65367.030127
0.816000, 65053.761522
0.817000, 64740.492917
0.818000, 64425.946389
0.819000, 64111.399862
0.820000, 63795.587831
0.821000, 63479.775800
0.822000, 63162.710732
0.823000, 62845.645665
0.824000, 62527.340078
0.825000, 62209.034491
0.826000, 61889.500951
0.827000, 61569.967411
0.828000, 61249.218532
0.829000, 60928.469654
0.830000, 60606.518100
0.831000, 60284.566545
0.832000, 59961.425025
0.833000, 59638.283505
0.834000, 59313.964777
0.835000, 58989.646048
0.836000, 58664.162914
0.837000, 58338.679781
0.838000, 58012.045091
0.839000, 57685.410402
0.840000, 57357.637052
0.841000, 57029.863702
0.842000, 56700.964631
0.843000, 56372.065561
0.844000, 56042.053754
0.845000, 55712.041947
0.846000, 55380.930432
0.847000, 55049.818917
0.848000, 54717.620766
0.849000, 54385.422614
0.850000, 54052.150941
0.851000, 53718.879268
0.852000, 53384.547231
0.853000, 53050.215193
0.854000, 52714.835990
0.855000, 52379.456786
0.856000, 52043.043657
0.857000, 51706.630528
0.858000, 51369.196754
0.859000, 51031.762981
0.860000, 50693.321884
0.861000, 50354.880787
0.862000, 50015.445727
0.863000, 49676.010668
0.864000, 49335.595047
0.865000, 48995.179426
0.866000, 48653.796682
0.867000, 48312.413938
0.868000, 47970.077548
0.869000, 47627.741158
0.870000, 47284.464637
0.871000, 46941.188117
0.872000, 46596.985017
0.873000, 46252.781918
0.874000, 45907.665828
0.875000, 45562.549738
0.876000, 45216.534283
0.877000, 44870.518827
0.878000, 44523.617666
0.879000, 44176.716505
0.880000, 43828.943333
0.881000, 43481.170162
0.882000, 43132.538709
0.883000, 42783.907256
0.884000, 42434.431286
0.885000, 42084.955315
0.886000, 41734.648624
0.887000, 41384.341932
0.888000, 41033.218349
0.889000, 40682.094766
0.890000, 40330.168154
0.891000, 39978.241541
0.892000, 39625.525792
0.893000, 39272.810043
0.894000, 38919.319083
0.895000, 38565.828122
0.896000, 38211.575905
0.897000, 37857.323688
0.898000, 37502.324200
0.899000, 37147.324712
0.900000, 36791.591967
0.901000, 36435.859223
0.902000, 36079.407265
0.903000, 35722.955308
0.904000, 35365.798210
0.905000, 35008.641113
0.906000, 34650.792974
0.907000, 34292.944836
0.908000, 33934.419784
0.909000, 33575.894733
0.910000, 33216.706921
0.911000, 32857.519110
0.912000, 32497.682720
0.913000, 32137.846329
0.914000, 31777.375565
0.915000, 31416.904801
0.916000, 31055.813894
0.917000, 30694.722988
0.918000, 30333.026193
0.919000, 29971.329399
0.920000, 29609.040996
0.921000, 29246.752593
0.922000, 28883.886885
0.923000, 28521.021176
0.924000, 28157.592487
0.925000, 27794.163798
0.926000, 27430.186476
0.927000, 27066.209153
0.928000, 26701.697568
0.929000, 26337.185982
0.930000, 25972.154522
0.931000, 25607.123063
0.932000, 25241.586141
0.933000, 24876.049218
0.934000, 24510.021264
0.935000, 24143.993310
0.936000, 23777.488774
0.937000, 23410.984239
0.938000, 23044.017590
0.939000, 22677.050941
0.940000, 22309.636667
0.941000, 21942.222393
0.942000, 21574.374998
0.943000, 21206.527603
0.944000, 20838.261610
0.945000, 20469.995616
0.946000, 20101.325563
0.947000, 19732.655509
0.948000, 19363.595949
0.949000, 18994.536390
0.950000, 18625.101895
0.951000, 18255.667399
0.952000, 17885.872553
0.953000, 17516.077706
0.954000, 17145.937107
0.955000, 16775.796508
0.956000, 16405.324769
0.957000, 16034.853030
0.958000, 15664.064777
0.959000, 15293.276524
0.960000, 14922.186395
0.961000, 14551.096266
0.962000, 14179.718910
0.963000, 13808.341555
0.964000, 13436.691634
0.965000, 13065.041714
0.966000, 12693.133901
0.967000, 12321.226088
0.968000, 11949.075064
0.969000, 11576.924041
0.970000, 11204.544499
0.971000, 10832.164957
0.972000, 10459.571597
0.973000, 10086.978237
0.974000, 9714.185769
0.975000, 9341.393301
0.976000, 8968.416442
0.977000, 8595.439583
0.978000, 8222.293057
0.979000, 7849.146531
0.980000, 7475.845070
0.981000, 7102.543609
0.982000, 6729.101949
0.983000, 6355.660290
0.984000, 5982.093175
0.985000, 5608.526061
0.986000, 5234.848239
0.987000, 4861.170417
0.988000, 4487.396639
0.989000, 4113.622862
0.990000, 3739.767885
0.991000, 3365.912908
0.992000, 2991.991491
0.993000, 2618.070074
0.994000, 2244.096978
0.995000, 1870.123882
0.996000, 1496.113872
0.997000, 1122.103862
0.998000, 748.071702
0.999000, 374.039543
1.000000, 0.000000
