0.000000, 0.000000
0.001000, 19.365155
0.002000, 38.729928
0.003000, 58.094701
0.004000, 77.458328
0.005000, 96.821954
0.006000, 116.183669
0.007000, 135.545384
0.008000, 154.904424
0.009000, 174.263463
0.010000, 193.619063
0.011000, 212.974663
0.012000, 232.326058
0.013000, 251.677454
0.014000, 271.023882
0.015000, 290.370310
0.016000, 309.711006
0.017000, 329.051702
0.018000, 348.385903
0.019000, 367.720104
0.020000, 387.047047
0.021000, 406.373989
0.022000, 425.692911
0.023000, 445.011832
0.024000, 464.321969
0.025000, 483.632105
0.026000, 502.932696
0.027000, 522.233286
0.028000, 541.523568
0.029000, 560.813850
0.030000, 580.093062
0.031000, 599.372274
0.032000, 618.639655
0.033000, 637.907036
0.034000, 657.161825
0.035000, 676.416615
0.036000, 695.658052
0.037000, 714.899489
0.038000, 734.126815
0.039000, 753.354141
0.040000, 772.566596
0.041000, 791.779051
0.042000, 810.975877
0.043000, 830.172704
0.044000, 849.353143
0.045000, 868.533582
0.046000, 887.696877
0.047000, 906.860173
0.048000, 926.005567
0.049000, 945.150962
0.050000, 964.277700
0.051000, 983.404438
0.052000, 1002.511764
0.053000, 1021.619091
0.054000, 1040.706251
0.055000, 1059.793412
0.056000, 1078.859653
0.057000, 1097.925894
0.058000, 1116.970463
0.059000, 1136.015033
0.060000, 1155.037178
0.061000, 1174.059323
0.062000, 1193.058293
0.063000, 1212.057263
0.064000, 1231.032308
0.065000, 1250.007354
0.066000, 1268.957725
0.067000, 1287.908096
0.068000, 1306.833045
0.069000, 1325.757994
0.070000, 1344.656773
0.071000, 1363.555553
0.072000, 1382.427417
0.073000, 1401.299281
0.074000, 1420.143485
0.075000, 1438.987689
0.076000, 1457.803488
0.077000, 1476.619288
0.078000, 1495.405940
0.079000, 1514.192592
0.080000, 1532.949355
0.081000, 1551.706119
0.082000, 1570.432252
0.083000, 1589.158386
0.084000, 1607.853152
0.085000, 1626.547917
0.086000, 1645.210576
0.087000, 1663.873234
0.088000, 1682.503050
0.089000, 1701.132865
0.090000, 1719.729101
0.091000, 1738.325337
0.092000, 1756.887261
0.093000, 1775.449184
0.094000, 1793.976061
0.095000, 1812.502939
0.096000, 1830.994039
0.097000, 1849.485139
0.098000, 1867.939732
0.099000, 1886.394325
0.100000, 1904.811682
0.101000, 1923.229039
0.102000, 1941.608433
0.103000, 1959.987828
0.104000, 1978.328533
0.105000, 1996.669239
0.106000, 2014.970532
0.107000, 2033.271825
0.108000, 2051.532983
0.109000, 2069.794142
0.110000, 2088.014444
0.111000, 2106.234746
0.112000, 2124.413473
0.113000, 2142.592200
0.114000, 2160.728634
0.115000, 2178.865068
0.116000, 2196.958493
0.117000, 2215.051918
0.118000, 2233.101620
0.119000, 2251.151321
0.120000, 2269.156587
0.121000, 2287.161853
0.122000, 2305.121973
0.123000, 2323.082092
0.124000, 2340.996356
0.125000, 2358.910620
0.126000, 2376.778321
0.127000, 2394.646021
0.128000, 2412.466454
0.129000, 2430.286887
0.130000, 2448.059347
0.131000, 2465.831808
0.132000, 2483.555596
0.133000, 2501.279383
0.134000, 2518.953797
0.135000, 2536.628212
0.136000, 2554.252555
0.137000, 2571.876898
0.138000, 2589.450475
0.139000, 2607.024052
0.140000, 2624.546168
0.141000, 2642.068285
0.142000, 2659.538249
0.143000, 2677.008213
0.144000, 2694.425335
0.145000, 2711.842458
0.146000, 2729.206051
0.147000, 2746.569644
0.148000, 2763.879022
0.149000, 2781.188399
0.150000, 2798.442879
0.151000, 2815.697359
0.152000, 2832.896259
0.153000, 2850.095159
0.154000, 2867.237801
0.155000, 2884.380443
0.156000, 2901.466149
0.157000, 2918.551856
0.158000, 2935.579953
0.159000, 2952.608050
0.160000, 2969.577865
0.161000, 2986.547680
0.162000, 3003.458543
0.163000, 3020.369406
0.164000, 3037.220649
0.165000, 3054.071893
0.166000, 3070.862851
0.167000, 3087.653810
0.168000, 3104.383821
0.169000, 3121.113832
0.170000, 3137.782235
0.171000, 3154.450638
0.172000, 3171.056775
0.173000, 3187.662912
0.174000, 3204.206127
0.175000, 3220.749342
0.176000, 3237.228982
0.177000, 3253.708623
0.178000, 3270.124038
0.179000, 3286.539452
0.180000, 3302.889994
0.181000, 3319.240535
0.182000, 3335.525558
0.183000, 3351.810580
0.184000, 3368.029440
0.185000, 3384.248301
0.186000, 3400.400359
0.187000, 3416.552418
0.188000, 3432.637036
0.189000, 3448.721655
0.190000, 3464.738199
0.191000, 3480.754742
0.192000, 3496.702579
0.193000, 3512.650416
0.194000, 3528.528915
0.195000, 3544.407415
0.196000, 3560.215952
0.197000, 3576.024488
0.198000, 3591.762437
0.199000, 3607.500385
0.200000, 3623.167125
0.201000, 3638.833865
0.202000, 3654.428777
0.203000, 3670.023689
0.204000, 3685.546158
0.205000, 3701.068627
0.206000, 3716.518041
0.207000, 3731.967454
0.208000, 3747.343201
0.209000, 3762.718949
0.210000, 3778.020423
0.211000, 3793.321898
0.212000, 3808.548495
0.213000, 3823.775093
0.214000, 3838.926212
0.215000, 3854.077332
0.216000, 3869.152375
0.217000, 3884.227418
0.218000, 3899.225790
0.219000, 3914.224162
0.220000, 3929.145271
0.221000, 3944.066380
0.222000, 3958.909636
0.223000, 3973.752892
0.224000, 3988.517709
0.225000, 4003.282527
0.226000, 4017.968323
0.227000, 4032.654119
0.228000, 4047.260314
0.229000, 4061.866510
0.230000, 4076.392527
0.231000, 4090.918544
0.232000, 4105.363810
0.233000, 4119.809076
0.234000, 4134.173021
0.235000, 4148.536966
0.236000, 4162.819022
0.237000, 4177.101078
0.238000, 4191.300681
0.239000, 4205.500285
0.240000, 4219.616876
0.241000, 4233.733466
0.242000, 4247.766487
0.243000, 4261.799507
0.244000, 4275.748403
0.245000, 4289.697299
0.246000, 4303.561520
0.247000, 4317.425741
0.248000, 4331.204740
0.249000, 4344.983739
0.250000, 4358.676972
0.251000, 4372.370204
0.252000, 4385.977130
0.253000, 4399.584056
0.254000, 4413.104138
0.255000, 4426.624219
0.256000, 4440.056923
0.257000, 4453.489627
0.258000, 4466.834423
0.259000, 4480.179219
0.260000, 4493.435580
0.261000, 4506.691941
0.262000, 4519.859344
0.263000, 4533.026747
0.264000, 4546.104671
0.265000, 4559.182596
0.266000, 4572.170526
0.267000, 4585.158457
0.268000, 4598.055880
0.269000, 4610.953303
0.270000, 4623.759710
0.271000, 4636.566117
0.272000, 4649.281002
0.273000, 4661.995887
0.274000, 4674.618748
0.275000, 4687.241610
0.276000, 4699.771949
0.277000, 4712.302288
0.278000, 4724.739610
0.279000, 4737.176933
0.280000, 4749.520747
0.281000, 4761.864562
0.282000, 4774.114381
0.283000, 4786.364200
0.284000, 4798.519541
0.285000, 4810.674882
0.286000, 4822.735264
0.287000, 4834.795646
0.288000, 4846.760593
0.289000, 4858.725541
0.290000, 4870.594581
0.291000, 4882.463621
0.292000, 4894.236286
0.293000, 4906.008950
0.294000, 4917.684775
0.295000, 4929.360599
0.296000, 4940.939122
0.297000, 4952.517644
0.298000, 4963.998409
0.299000, 4975.479173
0.300000, 4986.861726
0.301000, 4998.244278
0.302000, 5009.528170
0.303000, 5020.812062
0.304000, 5031.996847
0.305000, 5043.181632
0.306000, 5054.266869
0.307000, 5065.352106
0.308000, 5076.337357
0.309000, 5087.322608
0.310000, 5098.207440
0.311000, 5109.092272
0.312000, 5119.876255
0.313000, 5130.660238
0.314000, 5141.342946
0.315000, 5152.025653
0.316000, 5162.606665
0.317000, 5173.187676
0.318000, 5183.666573
0.319000, 5194.145470
0.320000, 5204.521839
0.321000, 5214.898208
0.322000, 5225.171640
0.323000, 5235.445071
0.324000, 5245.615160
0.325000, 5255.785248
0.326000, 5265.851591
0.327000, 5275.917935
0.328000, 5285.880136
0.329000, 5295.842338
0.330000, 5305.700004
0.331000, 5315.557670
0.332000, 5325.310411
0.333000, 5335.063153
0.334000, 5344.710585
0.335000, 5354.358017
0.336000, 5363.899758
0.337000, 5373.441500
0.338000, 5382.877174
0.339000, 5392.312848
0.340000, 5401.642083
0.341000, 5410.971318
0.342000, 5420.193745
0.343000, 5429.416171
0.344000, 5438.531426
0.345000, 5447.646681
0.346000, 5456.654404
0.347000, 5465.662126
0.348000, 5474.561962
0.349000, 5483.461797
0.350000, 5492.253394
0.351000, 5501.044990
0.352000, 5509.728001
0.353000, 5518.411011
0.354000, 5526.985093
0.355000, 5535.559175
0.356000, 5544.023990
0.357000, 5552.488805
0.358000, 5560.844018
0.359000, 5569.199231
0.360000, 5577.444513
0.361000, 5585.689795
0.362000, 5593.824821
0.363000, 5601.959846
0.364000, 5609.984293
0.365000, 5618.008741
0.366000, 5625.922294
0.367000, 5633.835846
0.368000, 5641.638192
0.369000, 5649.440538
0.370000, 5657.131368
0.371000, 5664.822199
0.372000, 5672.401211
0.373000, 5679.980223
0.374000, 5687.447117
0.375000, 5694.914010
0.376000, 5702.268492
0.377000, 5709.622973
0.378000, 5716.864751
0.379000, 5724.106529
0.380000, 5731.235318
0.381000, 5738.364107
0.382000, 5745.379626
0.383000, 5752.395145
0.384000, 5759.297116
0.385000, 5766.199087
0.386000, 5772.987239
0.387000, 5779.775390
0.388000, 5786.449454
0.389000, 5793.123518
0.390000, 5799.683230
0.391000, 5806.242943
0.392000, 5812.688045
0.393000, 5819.133147
0.394000, 5825.463384
0.395000, 5831.793622
0.396000, 5838.008745
0.397000, 5844.223867
0.398000, 5850.323630
0.399000, 5856.423393
0.400000, 5862.407555
0.401000, 5868.391717
0.402000, 5874.260042
0.403000, 5880.128367
0.404000, 5885.880624
0.405000, 5891.632880
0.406000, 5897.268841
0.407000, 5902.904801
0.408000, 5908.424243
0.409000, 5913.943686
0.410000, 5919.346392
0.411000, 5924.749098
0.412000, 5930.034855
0.413000, 5935.320611
0.414000, 5940.489210
0.415000, 5945.657808
0.416000, 5950.709044
0.417000, 5955.760281
0.418000, 5960.693955
0.419000, 5965.627630
0.420000, 5970.443548
0.421000, 5975.259466
0.422000, 5979.957438
0.423000, 5984.655410
0.424000, 5989.235250
0.425000, 5993.815090
0.426000, 5998.276617
0.427000, 6002.738144
0.428000, 6007.081182
0.429000, 6011.424220
0.430000, 6015.648598
0.431000, 6019.872975
0.432000, 6023.978526
0.433000, 6028.084077
0.434000, 6032.070638
0.435000, 6036.057199
0.436000, 6039.924614
0.437000, 6043.792029
0.438000, 6047.540144
0.439000, 6051.288260
0.440000, 6054.916928
0.441000, 6058.545596
0.442000, 6062.054674
0.443000, 6065.563752
0.444000, 6068.953101
0.445000, 6072.342449
0.446000, 6075.611935
0.447000, 6078.881421
0.448000, 6082.030915
0.449000, 6085.180409
0.450000, 6088.209787
0.451000, 6091.239164
0.452000, 6094.148306
0.453000, 6097.057448
0.454000, 6099.846239
0.455000, 6102.635030
0.456000, 6105.303361
0.457000, 6107.971691
0.458000, 6110.519455
0.459000, 6113.067220
0.460000, 6115.494317
0.461000, 6117.921415
0.462000, 6120.227750
0.463000, 6122.534085
0.464000, 6124.719566
0.465000, 6126.905047
0.466000, 6128.969589
0.467000, 6131.034131
0.468000, 6132.977651
0.469000, 6134.921171
0.470000, 6136.743593
0.471000, 6138.566015
0.472000, 6140.267267
0.473000, 6141.968519
0.474000, 6143.548534
0.475000, 6145.128549
0.476000, 6146.587264
0.477000, 6148.045980
0.478000, 6149.383338
0.479000, 6150.720696
0.480000, 6151.936644
0.481000, 6153.152592
0.482000, 6154.247082
0.483000, 6155.341573
0.484000, 6156.314562
0.485000, 6157.287551
0.486000, 6158.139000
0.487000, 6158.990449
0.488000, 6159.720326
0.489000, 6160.450202
0.490000, 6161.058476
0.491000, 6161.666750
0.492000, 6162.153399
0.493000, 6162.640047
0.494000, 6163.005050
0.495000, 6163.370053
0.496000, 6163.613396
0.497000, 6163.856739
0.498000, 6163.978413
0.499000, 6164.100087
0.500000, 6164.100087
0.501000, 6164.100087
0.502000, 6163.978413
0.503000, 6163.856739
0.504000, 6163.613396
0.505000, 6163.370053
0.506000, 6163.005050
0.507000, 6162.640047
0.508000, 6162.153399
0.509000, 6161.666750
0.510000, 6161.058476
0.511000, 6160.450202
0.512000, 6159.720326
0.513000, 6158.990449
0.514000, 6158.139000
0.515000, 6157.287551
0.516000, 6156.314562
0.517000, 6155.341573
0.518000, 6154.247082
0.519000, 6153.152592
0.520000, 6151.936644
0.521000, 6150.720696
0.522000, 6149.383338
0.523000, 6148.045980
0.524000, 6146.587264
0.525000, 6145.128549
0.526000, 6143.548534
0.527000, 6141.968519
0.528000, 6140.267267
0.529000, 6138.566015
0.530000, 6136.743593
0.531000, 6134.921171
0.532000, 6132.977651
0.533000, 6131.034131
0.534000, 6128.969589
0.535000, 6126.905047
0.536000, 6124.719566
0.537000, 6122.534085
0.538000, 6120.227750
0.539000, 6117.921415
0.540000, 6115.494317
0.541000, 6113.067220
0.542000, 6110.519455
0.543000, 6107.971691
0.544000, 6105.303361
0.545000, 6102.635030
0.546000, 6099.846239
0.547000, 6097.057448
0.548000, 6094.148306
0.549000, 6091.239164
0.550000, 6088.209787
0.551000, 6085.180409
0.552000, 6082.030915
0.553000, 6078.881421
0.554000, 6075.611935
0.555000, 6072.342449
0.556000, 6068.953101
0.557000, 6065.563752
0.558000, 6062.054674
0.559000, 6058.545596
0.560000, 6054.916928
0.561000, 6051.288260
0.562000, 6047.540144
0.563000, 6043.792029
0.564000, 6039.924614
0.565000, 6036.057199
0.566000, 6032.070638
0.567000, 6028.084077
0.568000, 6023.978526
0.569000, 6019.872975
0.570000, 6015.648598
0.571000, 6011.424220
0.572000, 6007.081182
0.573000, 6002.738144
0.574000, 5998.276617
0.575000, 5993.815090
0.576000, 5989.235250
0.577000, 5984.655410
0.578000, 5979.957438
0.579000, 5975.259466
0.580000, 5970.443548
0.581000, 5965.627630
0.582000, 5960.693955
0.583000, 5955.760281
0.584000, 5950.709044
0.585000, 5945.657808
0.586000, 5940.489210
0.587000, 5935.320611
0.588000, 5930.034855
0.589000, 5924.749098
0.590000, 5919.346392
0.591000, 5913.943686
0.592000, 5908.424243
0.593000, 5902.904801
0.594000, 5897.268841
0.595000, 5891.632880
0.596000, 5885.880624
0.597000, 5880.128367
0.598000, 5874.260042
0.599000, 5868.391717
0.600000, 5862.407555
0.601000, 5856.423393
0.602000, 5850.323630
0.603000, 5844.223867
0.604000, 5838.008745
0.605000, 5831.793622
0.606000, 5825.463384
0.607000, 5819.133147
0.608000, 5812.688045
0.609000, 5806.242943
0.610000, 5799.683230
0.611000, 5793.123518
0.612000, 5786.449454
0.613000, 5779.775390
0.614000, 5772.987239
0.615000, 5766.199087
0.616000, 5759.297116
0.617000, 5752.395145
0.618000, 5745.379626
0.619000, 5738.364107
0.620000, 5731.235318
0.621000, 5724.106529
0.622000, 5716.864751
0.623000, 5709.622973
0.624000, 5702.268492
0.625000, 5694.914010
0.626000, 5687.447117
0.627000, 5679.980223
0.628000, 5672.401211
0.629000, 5664.822199
0.630000, 5657.131368
0.631000, 5649.440538
0.632000, 5641.638192
0.633000, 5633.835846
0.634000, 5625.922294
0.635000, 5618.008741
0.636000, 5609.984293
0.637000, 5601.959846
0.638000, 5593.824821
0.639000, 5585.689795
0.640000, 5577.444513
0.641000, 5569.199231
0.642000, 5560.844018
0.643000, 5552.488805
0.644000, 5544.023990
0.645000, 5535.559175
0.646000, 5526.985093
0.647000, 5518.411011
0.648000, 5509.728001
0.649000, 5501.044990
0.650000, 5492.253394
0.651000, 5483.461797
0.652000, 5474.561962
0.653000, 5465.662126
0.654000, 5456.654404
0.655000, 5447.646681
0.656000, 5438.531426
0.657000, 5429.416171
0.658000, 5420.193745
0.659000, 5410.971318
0.660000, 5401.642083
0.661000, 5392.312848
0.662000, 5382.877174
0.663000, 5373.441500
0.664000, 5363.899758
0.665000, 5354.358017
0.666000, 5344.710585
0.667000, 5335.063153
0.668000, 5325.310411
0.669000, 5315.557670
0.670000, 5305.700004
0.671000, 5295.842338
0.672000, 5285.880136
0.673000, 5275.917935
0.674000, 5265.851591
0.675000, 5255.785248
0.676000, 5245.615160
0.677000, 5235.445071
0.678000, 5225.171640
0.679000, 5214.898208
0.680000, 5204.521839
0.681000, 5194.145470
0.682000, 5183.666573
0.683000, 5173.187676
0.684000, 5162.606665
0.685000, 5152.025653
0.686000, 5141.342946
0.687000, 5130.660238
0.688000, 5119.876255
0.689000, 5109.092272
0.690000, 5098.207440
0.691000, 5087.322608
0.692000, 5076.337357
0.693000, 5065.352106
0.694000, 5054.266869
0.695000, 5043.181632
0.696000, 5031.996847
0.697000, 5020.812062
0.698000, 5009.528170
0.699000, 4998.244278
0.700000, 4986.861726
0.701000, 4975.479173
0.702000, 4963.998409
0.703000, 4952.517644
0.704000, 4940.939122
0.705000, 4929.360599
0.706000, 4917.684775
0.707000, 4906.008950
0.708000, 4894.236286
0.709000, 4882.463621
0.710000, 4870.594581
0.711000, 4858.725541
0.712000, 4846.760593
0.713000, 4834.795646
0.714000, 4822.735264
0.715000, 4810.674882
0.716000, 4798.519541
0.717000, 4786.364200
0.718000, 4774.114381
0.719000, 4761.864562
0.720000, 4749.520747
0.721000, 4737.176933
0.722000, 4724.739610
0.723000, 4712.302288
0.724000, 4699.771949
0.725000, 4687.241610
0.726000, 4674.618748
0.727000, 4661.995887
0.728000, 4649.281002
0.729000, 4636.566117
0.730000, 4623.759710
0.731000, 4610.953303
0.732000, 4598.055880
0.733000, 4585.158457
0.734000, 4572.170526
0.735000, 4559.182596
0.736000, 4546.104671
0.737000, 4533.026747
0.738000, 4519.859344
0.739000, 4506.691941
0.740000, 4493.435580
0.741000, 4480.179219
0.742000, 4466.834423
0.743000, 4453.489627
0.744000, 4440.056923
0.745000, 4426.624219
0.746000, 4413.104138
0.747000, 4399.584056
0.748000, 4385.977130
0.749000, 4372.370204
0.750000, 4358.676972
0.751000, 4344.983739
0.752000, 4331.204740
0.753000, 4317.425741
0.754000, 4303.561520
0.755000, 4289.697299
0.756000, 4275.748403
0.757000, 4261.799507
0.758000, 4247.766487
0.759000, 4233.733466
0.760000, 4219.616876
0.761000, 4205.500285
0.762000, 4191.300681
0.763000, 4177.101078
0.764000, 4162.819022
0.765000, 4148.536966
0.766000, 4134.173021
0.767000, 4119.809076
0.768000, 4105.363810
0.769000, 4090.918544
0.770000, 4076.392527
0.771000, 4061.866510
0.772000, 4047.260314
0.773000, 4032.654119
0.774000, 4017.968323
0.775000, 4003.282527
0.776000, 3988.517709
0.777000, 3973.752892
0.778000, 3958.909636
0.779000, 3944.066380
0.780000, 3929.145271
0.781000, 3914.224162
0.782000, 3899.225790
0.783000, 3884.227418
0.784000, 3869.152375
0.785000, 3854.077332
0.786000, 3838.926212
0.787000, 3823.775093
0.788000, 3808.548495
0.789000, 3793.321898
0.790000, 3778.020423
0.791000, 3762.718949
0.792000, 3747.343201
0.793000, 3731.967454
0.794000, 3716.518041
0.795000, 3701.068627
0.796000, 3685.546158
0.797000, 3670.023689
0.798000, 3654.428777
0.799000, 3638.833865
0.800000, 3623.167125
0.801000, 3607.500385
0.802000, 3591.762437
0.803000, 3576.024488
0.804000, 3560.215952
0.805000, 3544.407415
0.806000, 3528.528915
0.807000, 3512.650416
0.808000, 3496.702579
0.809000, 3480.754742
0.810000, 3464.738199
0.811000, 3448.721655
0.812000, 3432.637036
0.813000, 3416.552418
0.814000, 3400.400359
0.815000, 3384.248301
0.816000, 3368.029440
0.817000, 3351.810580
0.818000, 3335.525558
0.819000, 3319.240535
0.820000, 3302.889994
0.821000, 3286.539452
0.822000, 3270.124038
0.823000, 3253.708623
0.824000, 3237.228982
0.825000, 3220.749342
0.826000, 3204.206127
0.827000, 3187.662912
0.828000, 3171.056775
0.829000, 3154.450638
0.830000, 3137.782235
0.831000, 3121.113832
0.832000, 3104.383821
0.833000, 3087.653810
0.834000, 3070.862851
0.835000, 3054.071893
0.836000, 3037.220649
0.837000, 3020.369406
0.838000, 3003.458543
0.839000, 2986.547680
0.840000, 2969.577865
0.841000, 2952.608050
0.842000, 2935.579953
0.843000, 2918.551856
0.844000, 2901.466149
0.845000, 2884.380443
0.846000, 2867.237801
0.847000, 2850.095159
0.848000, 2832.896259
0.849000, 2815.697359
0.850000, 2798.442879
0.851000, 2781.188399
0.852000, 2763.879022
0.853000, 2746.569644
0.854000, 2729.206051
0.855000, 2711.842458
0.856000, 2694.425335
0.857000, 2677.008213
0.858000, 2659.538249
0.859000, 2642.068285
0.860000, 2624.546168
0.861000, 2607.024052
0.862000, 2589.450475
0.863000, 2571.876898
0.864000, 2554.252555
0.865000, 2536.628212
0.866000, 2518.953797
0.867000, 2501.279383
0.868000, 2483.555596
0.869000, 2465.831808
0.870000, 2448.059347
0.871000, 2430.286887
0.872000, 2412.466454
0.873000, 2394.646021
0.874000, 2376.778321
0.875000, 2358.910620
0.876000, 2340.996356
0.877000, 2323.082092
0.878000, 2305.121973
0.879000, 2287.161853
0.880000, 2269.156587
0.881000, 2251.151321
0.882000, 2233.101620
0.883000, 2215.051918
0.884000, 2196.958493
0.885000, 2178.865068
0.886000, 2160.728634
0.887000, 2142.592200
0.888000, 2124.413473
0.889000, 2106.234746
0.890000, 2088.014444
0.891000, 2069.794142
0.892000, 2051.532983
0.893000, 2033.271825
0.894000, 2014.970532
0.895000, 1996.669239
0.896000, 1978.328533
0.897000, 1959.987828
0.898000, 1941.608433
0.899000, 1923.229039
0.900000, 1904.811682
0.901000, 1886.394325
0.902000, 1867.939732
0.903000, 1849.485139
0.904000, 1830.994039
0.905000, 1812.502939
0.906000, 1793.976061
0.907000, 1775.449184
0.908000, 1756.887261
0.909000, 1738.325337
0.910000, 1719.729101
0.911000, 1701.132865
0.912000, 1682.503050
0.913000, 1663.873234
0.914000, 1645.210576
0.915000, 1626.547917
0.916000, 1607.853152
0.917000, 1589.158386
0.918000, 1570.432252
0.919000, 1551.706119
0.920000, 1532.949355
0.921000, 1514.192592
0.922000, 1495.405940
0.923000, 1476.619288
0.924000, 1457.803488
0.925000, 1438.987689
0.926000, 1420.143485
0.927000, 1401.299281
0.928000, 1382.427417
0.929000, 1363.555553
0.930000, 1344.656773
0.931000, 1325.757994
0.932000, 1306.833045
0.933000, 1287.908096
0.934000, 1268.957725
0.935000, 1250.007354
0.936000, 1231.032308
0.937000, 1212.057263
0.938000, 1193.058293
0.939000, 1174.059323
0.940000, 1155.037178
0.941000, 1136.015033
0.942000, 1116.970463
0.943000, 1097.925894
0.944000, 1078.859653
0.945000, 1059.793412
0.946000, 1040.706251
0.947000, 1021.619091
0.948000, 1002.511764
0.949000, 983.404438
0.950000, 964.277700
0.951000, 945.150962
0.952000, 926.005567
0.953000, 906.860173
0.954000, 887.696877
0.955000, 868.533582
0.956000, 849.353143
0.957000, 830.172704
0.958000, 810.975877
0.959000, 791.779051
0.960000, 772.566596
0.961000, 753.354141
0.962000, 734.126815
0.963000, 714.899489
0.964000, 695.658052
0.965000, 676.416615
0.966000, 657.161825
0.967000, 637.907036
0.968000, 618.639655
0.969000, 599.372274
0.970000, 580.093062
0.971000, 560.813850
0.972000, 541.523568
0.973000, 522.233286
0.974000, 502.932696
0.975000, 483.632105
0.976000, 464.321969
0.977000, 445.011832
0.978000, 425.692911
0.979000, 406.373989
0.980000, 387.047047
0.981000, 367.720104
0.982000, 348.385903
0.983000, 329.051702
0.984000, 309.711006
0.985000, 290.370310
0.986000, 271.023882
0.987000, 251.677454
0.988000, 232.326058
0.989000, 212.974663
0.990000, 193.619063
0.991000, 174.263463
0.992000, 154.904424
0.993000, 135.545384
0.994000, 116.183669
0.995000, 96.821954
0.996000, 77.458328
0.997000, 58.094701
0.998000, 38.729928
0.999000, 19.365155
1.000000, 0.000000
