0.000000, 0.000000
0.001000, 8801.171572
0.002000, 17602.169416
0.003000, 26403.167261
0.004000, 35203.643929
0.005000, 44004.120597
0.006000, 52803.728662
0.007000, 61603.336727
0.008000, 70401.728794
0.009000, 79200.120862
0.010000, 87996.949587
0.011000, 96793.778312
0.012000, 105588.696411
0.013000, 114383.614509
0.014000, 123176.274774
0.015000, 131968.935038
0.016000, 140758.990348
0.017000, 149549.045658
0.018000, 158336.148998
0.019000, 167123.252339
0.020000, 175907.056809
0.021000, 184690.861279
0.022000, 193471.020110
0.023000, 202251.178941
0.024000, 211027.345506
0.025000, 219803.512072
0.026000, 228575.339904
0.027000, 237347.167737
0.028000, 246114.310540
0.029000, 254881.453342
0.030000, 263643.565003
0.031000, 272405.676664
0.032000, 281162.411270
0.033000, 289919.145876
0.034000, 298670.157727
0.035000, 307421.169577
0.036000, 316166.113197
0.037000, 324911.056816
0.038000, 333649.586970
0.039000, 342388.117123
0.040000, 351119.888829
0.041000, 359851.660534
0.042000, 368576.329076
0.043000, 377300.997617
0.044000, 386018.218560
0.045000, 394735.439503
0.046000, 403444.868706
0.047000, 412154.297910
0.048000, 420855.591540
0.049000, 429556.885170
0.050000, 438249.699715
0.051000, 446942.514261
0.052000, 455626.506543
0.053000, 464310.498826
0.054000, 472985.326016
0.055000, 481660.153207
0.056000, 490325.472839
0.057000, 498990.792471
0.058000, 507646.262452
0.059000, 516301.732432
0.060000, 524947.011059
0.061000, 533592.289685
0.062000, 542227.035657
0.063000, 550861.781629
0.064000, 559485.654060
0.065000, 568109.526492
0.066000, 576722.184928
0.067000, 585334.843364
0.068000, 593935.947791
0.069000, 602537.052218
0.070000, 611126.263080
0.071000, 619715.473942
0.072000, 628292.452151
0.073000, 636869.430359
0.074000, 645433.837311
0.075000, 653998.244263
0.076000, 662549.741849
0.077000, 671101.239435
0.078000, 679639.490057
0.079000, 688177.740679
0.080000, 696702.407262
0.081000, 705227.073845
0.082000, 713737.819849
0.083000, 722248.565853
0.084000, 730745.055288
0.085000, 739241.544724
0.086000, 747723.442165
0.087000, 756205.339605
0.088000, 764672.310200
0.089000, 773139.280794
0.090000, 781590.990281
0.091000, 790042.699769
0.092000, 798478.814489
0.093000, 806914.929210
0.094000, 815335.116120
0.095000, 823755.303031
0.096000, 832159.229717
0.097000, 840563.156404
0.098000, 848950.491093
0.099000, 857337.825782
0.100000, 865708.237356
0.101000, 874078.648931
0.102000, 882431.806941
0.103000, 890784.964951
0.104000, 899120.539629
0.105000, 907456.114307
0.106000, 915773.776578
0.107000, 924091.438849
0.108000, 932390.860346
0.109000, 940690.281843
0.110000, 948971.134919
0.111000, 957251.987995
0.112000, 965513.945737
0.113000, 973775.903479
0.114000, 982018.639718
0.115000, 990261.375956
0.116000, 998484.565284
0.117000, 1006707.754611
0.118000, 1014911.072389
0.119000, 1023114.390167
0.120000, 1031297.512543
0.121000, 1039480.634918
0.122000, 1047643.238836
0.123000, 1055805.842754
0.124000, 1063947.605969
0.125000, 1072089.369184
0.126000, 1080209.970272
0.127000, 1088330.571360
0.128000, 1096429.689735
0.129000, 1104528.808109
0.130000, 1112606.124031
0.131000, 1120683.439953
0.132000, 1128738.634542
0.133000, 1136793.829132
0.134000, 1144826.584385
0.135000, 1152859.339638
0.136000, 1160869.338435
0.137000, 1168879.337232
0.138000, 1176866.263351
0.139000, 1184853.189470
0.140000, 1192816.727602
0.141000, 1200780.265733
0.142000, 1208720.101491
0.143000, 1216659.937248
0.144000, 1224575.757180
0.145000, 1232491.577111
0.146000, 1240383.068714
0.147000, 1248274.560318
0.148000, 1256141.412050
0.149000, 1264008.263782
0.150000, 1271850.165073
0.151000, 1279692.066364
0.152000, 1287508.707629
0.153000, 1295325.348894
0.154000, 1303116.421546
0.155000, 1310907.494198
0.156000, 1318672.690658
0.157000, 1326437.887119
0.158000, 1334176.900831
0.159000, 1341915.914542
0.160000, 1349628.439983
0.161000, 1357340.965424
0.162000, 1365026.698116
0.163000, 1372712.430808
0.164000, 1380371.067332
0.165000, 1388029.703856
0.166000, 1395660.941862
0.167000, 1403292.179868
0.168000, 1410895.718087
0.169000, 1418499.256307
0.170000, 1426074.794566
0.171000, 1433650.332825
0.172000, 1441197.572053
0.173000, 1448744.811282
0.174000, 1456263.453528
0.175000, 1463782.095775
0.176000, 1471271.844216
0.177000, 1478761.592657
0.178000, 1486222.151610
0.179000, 1493682.710563
0.180000, 1501113.785499
0.181000, 1508544.860434
0.182000, 1515946.157985
0.183000, 1523347.455536
0.184000, 1530718.683513
0.185000, 1538089.911490
0.186000, 1545430.778888
0.187000, 1552771.646287
0.188000, 1560081.863303
0.189000, 1567392.080319
0.190000, 1574671.358357
0.191000, 1581950.636395
0.192000, 1589198.688081
0.193000, 1596446.739768
0.194000, 1603663.278963
0.195000, 1610879.818158
0.196000, 1618064.559964
0.197000, 1625249.301771
0.198000, 1632401.962548
0.199000, 1639554.623324
0.200000, 1646674.920696
0.201000, 1653795.218068
0.202000, 1660882.870939
0.203000, 1667970.523809
0.204000, 1675025.252369
0.205000, 1682079.980930
0.206000, 1689101.506671
0.207000, 1696123.032413
0.208000, 1703111.078137
0.209000, 1710099.123862
0.210000, 1717053.413695
0.211000, 1724007.703527
0.212000, 1730927.962923
0.213000, 1737848.222320
0.214000, 1744734.178080
0.215000, 1751620.133840
0.216000, 1758471.514118
0.217000, 1765322.894397
0.218000, 1772139.428712
0.219000, 1778955.963028
0.220000, 1785737.382276
0.221000, 1792518.801524
0.222000, 1799264.837986
0.223000, 1806010.874448
0.224000, 1812721.261801
0.225000, 1819431.649154
0.226000, 1826106.122484
0.227000, 1832780.595814
0.228000, 1839418.891624
0.229000, 1846057.187434
0.230000, 1852659.043656
0.231000, 1859260.899878
0.232000, 1865826.055881
0.233000, 1872391.211885
0.234000, 1878919.408489
0.235000, 1885447.605093
0.236000, 1891938.584575
0.237000, 1898429.564057
0.238000, 1904883.070166
0.239000, 1911336.576274
0.240000, 1917752.354234
0.241000, 1924168.132195
0.242000, 1930545.928724
0.243000, 1936923.725252
0.244000, 1943263.288565
0.245000, 1949602.851878
0.246000, 1955903.931700
0.247000, 1962205.011521
0.248000, 1968467.359096
0.249000, 1974729.706671
0.250000, 1980953.074772
0.251000, 1987176.442872
0.252000, 1993360.585812
0.253000, 1999544.728751
0.254000, 2005689.402389
0.255000, 2011834.076027
0.256000, 2017939.037783
0.257000, 2024043.999539
0.258000, 2030109.008399
0.259000, 2036174.017259
0.260000, 2042198.833788
0.261000, 2048223.650316
0.262000, 2054208.036663
0.263000, 2060192.423010
0.264000, 2066136.142922
0.265000, 2072079.862835
0.266000, 2077982.681665
0.267000, 2083885.500495
0.268000, 2089747.185209
0.269000, 2095608.869923
0.270000, 2101429.189112
0.271000, 2107249.508302
0.272000, 2113028.232190
0.273000, 2118806.956078
0.274000, 2124543.856530
0.275000, 2130280.756983
0.276000, 2135975.607518
0.277000, 2141670.458052
0.278000, 2147323.033845
0.279000, 2152975.609638
0.280000, 2158585.687536
0.281000, 2164195.765434
0.282000, 2169763.123960
0.283000, 2175330.482486
0.284000, 2180854.901851
0.285000, 2186379.321216
0.286000, 2191860.583325
0.287000, 2197341.845434
0.288000, 2202779.733896
0.289000, 2208217.622358
0.290000, 2213611.922495
0.291000, 2219006.222632
0.292000, 2224356.721486
0.293000, 2229707.220340
0.294000, 2235013.706682
0.295000, 2240320.193024
0.296000, 2245582.457364
0.297000, 2250844.721703
0.298000, 2256062.556295
0.299000, 2261280.390887
0.300000, 2266453.589740
0.301000, 2271626.788593
0.302000, 2276755.147477
0.303000, 2281883.506362
0.304000, 2286966.822820
0.305000, 2292050.139278
0.306000, 2297088.212629
0.307000, 2302126.285980
0.308000, 2307118.917328
0.309000, 2312111.548677
0.310000, 2317058.540923
0.311000, 2322005.533169
0.312000, 2326906.691014
0.313000, 2331807.848859
0.314000, 2336662.978814
0.315000, 2341518.108768
0.316000, 2346327.019160
0.317000, 2351135.929551
0.318000, 2355898.430532
0.319000, 2360660.931513
0.320000, 2365376.835069
0.321000, 2370092.738624
0.322000, 2374761.858578
0.323000, 2379430.978532
0.324000, 2384053.130556
0.325000, 2388675.282579
0.326000, 2393250.284198
0.327000, 2397825.285816
0.328000, 2402352.956416
0.329000, 2406880.627016
0.330000, 2411360.787854
0.331000, 2415840.948691
0.332000, 2420273.422896
0.333000, 2424705.897101
0.334000, 2429090.509688
0.335000, 2433475.122275
0.336000, 2437811.700146
0.337000, 2442148.278017
0.338000, 2446436.649972
0.339000, 2450725.021927
0.340000, 2454965.018668
0.341000, 2459205.015409
0.342000, 2463396.469549
0.343000, 2467587.923688
0.344000, 2471730.669755
0.345000, 2475873.415821
0.346000, 2479967.290266
0.347000, 2484061.164711
0.348000, 2488106.005916
0.349000, 2492150.847120
0.350000, 2496146.495400
0.351000, 2500142.143680
0.352000, 2504088.441295
0.353000, 2508034.738910
0.354000, 2511931.530066
0.355000, 2515828.321222
0.356000, 2519675.452082
0.357000, 2523522.582941
0.358000, 2527319.901624
0.359000, 2531117.220308
0.360000, 2534864.576905
0.361000, 2538611.933502
0.362000, 2542309.180072
0.363000, 2546006.426643
0.364000, 2549653.417227
0.365000, 2553300.407810
0.366000, 2556896.998430
0.367000, 2560493.589049
0.368000, 2564039.637717
0.369000, 2567585.686385
0.370000, 2571081.053110
0.371000, 2574576.419835
0.372000, 2578020.966626
0.373000, 2581465.513416
0.374000, 2584859.104288
0.375000, 2588252.695159
0.376000, 2591595.196138
0.377000, 2594937.697117
0.378000, 2598228.976248
0.379000, 2601520.255379
0.380000, 2604760.182727
0.381000, 2608000.110075
0.382000, 2611188.557733
0.383000, 2614377.005392
0.384000, 2617513.847487
0.385000, 2620650.689581
0.386000, 2623735.802275
0.387000, 2626820.914969
0.388000, 2629854.176467
0.389000, 2632887.437965
0.390000, 2635868.728519
0.391000, 2638850.019073
0.392000, 2641779.220987
0.393000, 2644708.422901
0.394000, 2647585.420534
0.395000, 2650462.418168
0.396000, 2653287.097943
0.397000, 2656111.777718
0.398000, 2658884.028120
0.399000, 2661656.278523
0.400000, 2664375.990109
0.401000, 2667095.701695
0.402000, 2669762.767095
0.403000, 2672429.832496
0.404000, 2675044.146419
0.405000, 2677658.460342
0.406000, 2680219.919580
0.407000, 2682781.378818
0.408000, 2685289.882248
0.409000, 2687798.385679
0.410000, 2690253.834270
0.411000, 2692709.282861
0.412000, 2695111.579677
0.413000, 2697513.876492
0.414000, 2699862.926693
0.415000, 2702211.976894
0.416000, 2704507.687744
0.417000, 2706803.398594
0.418000, 2709045.679462
0.419000, 2711287.960330
0.420000, 2713476.722695
0.421000, 2715665.485061
0.422000, 2717800.642514
0.423000, 2719935.799967
0.424000, 2722017.268217
0.425000, 2724098.736466
0.426000, 2726126.433339
0.427000, 2728154.130211
0.428000, 2730127.975657
0.429000, 2732101.821103
0.430000, 2734021.737197
0.431000, 2735941.653292
0.432000, 2737807.564241
0.433000, 2739673.475190
0.434000, 2741485.307330
0.435000, 2743297.139470
0.436000, 2745054.821273
0.437000, 2746812.503076
0.438000, 2748515.965152
0.439000, 2750219.427228
0.440000, 2751868.602327
0.441000, 2753517.777426
0.442000, 2755112.600442
0.443000, 2756707.423457
0.444000, 2758247.831428
0.445000, 2759788.239399
0.446000, 2761274.171513
0.447000, 2762760.103627
0.448000, 2764191.501222
0.449000, 2765622.898817
0.450000, 2766999.705384
0.451000, 2768376.511950
0.452000, 2769698.673135
0.453000, 2771020.834319
0.454000, 2772288.297924
0.455000, 2773555.761530
0.456000, 2774768.477519
0.457000, 2775981.193508
0.458000, 2777139.114005
0.459000, 2778297.034503
0.460000, 2779400.113795
0.461000, 2780503.193087
0.462000, 2781551.387627
0.463000, 2782599.582167
0.464000, 2783592.850573
0.465000, 2784586.118979
0.466000, 2785524.422039
0.467000, 2786462.725100
0.468000, 2787346.025771
0.469000, 2788229.326443
0.470000, 2789057.589855
0.471000, 2789885.853267
0.472000, 2790659.046720
0.473000, 2791432.240174
0.474000, 2792150.333145
0.475000, 2792868.426116
0.476000, 2793531.390255
0.477000, 2794194.354395
0.478000, 2794802.163530
0.479000, 2795409.972665
0.480000, 2795962.602800
0.481000, 2796515.232936
0.482000, 2797012.662255
0.483000, 2797510.091574
0.484000, 2797952.300439
0.485000, 2798394.509304
0.486000, 2798781.480257
0.487000, 2799168.451210
0.488000, 2799500.168974
0.489000, 2799831.886738
0.490000, 2800108.338218
0.491000, 2800384.789698
0.492000, 2800605.963979
0.493000, 2800827.138261
0.494000, 2800993.026613
0.495000, 2801158.914965
0.496000, 2801269.510838
0.497000, 2801380.106711
0.498000, 2801435.405739
0.499000, 2801490.704767
0.500000, 2801490.704767
0.501000, 2801490.704767
0.502000, 2801435.405739
0.503000, 2801380.106711
0.504000, 2801269.510838
0.505000, 2801158.914965
0.506000, 2800993.026613
0.507000, 2800827.138261
0.508000, 2800605.963979
0.509000, 2800384.789698
0.510000, 2800108.338218
0.511000, 2799831.886738
0.512000, 2799500.168974
0.513000, 2799168.451210
0.514000, 2798781.480257
0.515000, 2798394.509304
0.516000, 2797952.300439
0.517000, 2797510.091574
0.518000, 2797012.662255
0.519000, 2796515.232936
0.520000, 2795962.602800
0.521000, 2795409.972665
0.522000, 2794802.163530
0.523000, 2794194.354395
0.524000, 2793531.390255
0.525000, 2792868.426116
0.526000, 2792150.333145
0.527000, 2791432.240174
0.528000, 2790659.046720
0.529000, 2789885.853267
0.530000, 2789057.589855
0.531000, 2788229.326443
0.532000, 2787346.025771
0.533000, 2786462.725100
0.534000, 2785524.422039
0.535000, 2784586.118979
0.536000, 2783592.850573
0.537000, 2782599.582167
0.538000, 2781551.387627
0.539000, 2780503.193087
0.540000, 2779400.113795
0.541000, 2778297.034503
0.542000, 2777139.114005
0.543000, 2775981.193508
0.544000, 2774768.477519
0.545000, 2773555.761530
0.546000, 2772288.297924
0.547000, 2771020.834319
0.548000, 2769698.673135
0.549000, 2768376.511950
0.550000, 2766999.705384
0.551000, 2765622.898817
0.552000, 2764191.501222
0.553000, 2762760.103627
0.554000, 2761274.171513
0.555000, 2759788.239399
0.556000, 2758247.831428
0.557000, 2756707.423457
0.558000, 2755112.600442
0.559000, 2753517.777426
0.560000, 2751868.602327
0.561000, 2750219.427228
0.562000, 2748515.965152
0.563000, 2746812.503076
0.564000, 2745054.821273
0.565000, 2743297.139470
0.566000, 2741485.307330
0.567000, 2739673.475190
0.568000, 2737807.564241
0.569000, 2735941.653292
0.570000, 2734021.737197
0.571000, 2732101.821103
0.572000, 2730127.975657
0.573000, 2728154.130211
0.574000, 2726126.433339
0.575000, 2724098.736466
0.576000, 2722017.268217
0.577000, 2719935.799967
0.578000, 2717800.642514
0.579000, 2715665.485061
0.580000, 2713476.722695
0.581000, 2711287.960330
0.582000, 2709045.679462
0.583000, 2706803.398594
0.584000, 2704507.687744
0.585000, 2702211.976894
0.586000, 2699862.926693
0.587000, 2697513.876492
0.588000, 2695111.579677
0.589000, 2692709.282861
0.590000, 2690253.834270
0.591000, 2687798.385679
0.592000, 2685289.882248
0.593000, 2682781.378818
0.594000, 2680219.919580
0.595000, 2677658.460342
0.596000, 2675044.146419
0.597000, 2672429.832496
0.598000, 2669762.767095
0.599000, 2667095.701695
0.600000, 2664375.990109
0.601000, 2661656.278523
0.602000, 2658884.028120
0.603000, 2656111.777718
0.604000, 2653287.097943
0.605000, 2650462.418168
0.606000, 2647585.420534
0.607000, 2644708.422901
0.608000, 2641779.220987
0.609000, 2638850.019073
0.610000, 2635868.728519
0.611000, 2632887.437965
0.612000, 2629854.176467
0.613000, 2626820.914969
0.614000, 2623735.802275
0.615000, 2620650.689581
0.616000, 2617513.847487
0.617000, 2614377.005392
0.618000, 2611188.557733
0.619000, 2608000.110075
0.620000, 2604760.182727
0.621000, 2601520.255379
0.622000, 2598228.976248
0.623000, 2594937.697117
0.624000, 2591595.196138
0.625000, 2588252.695159
0.626000, 2584859.104288
0.627000, 2581465.513416
0.628000, 2578020.966626
0.629000, 2574576.419835
0.630000, 2571081.053110
0.631000, 2567585.686385
0.632000, 2564039.637717
0.633000, 2560493.589049
0.634000, 2556896.998430
0.635000, 2553300.407810
0.636000, 2549653.417227
0.637000, 2546006.426643
0.638000, 2542309.180072
0.639000, 2538611.933502
0.640000, 2534864.576905
0.641000, 2531117.220308
0.642000, 2527319.901624
0.643000, 2523522.582941
0.644000, 2519675.452082
0.645000, 2515828.321222
0.646000, 2511931.530066
0.647000, 2508034.738910
0.648000, 2504088.441295
0.649000, 2500142.143680
0.650000, 2496146.495400
0.651000, 2492150.847120
0.652000, 2488106.005916
0.653000, 2484061.164711
0.654000, 2479967.290266
0.655000, 2475873.415821
0.656000, 2471730.669755
0.657000, 2467587.923688
0.658000, 2463396.469549
0.659000, 2459205.015409
0.660000, 2454965.018668
0.661000, 2450725.021927
0.662000, 2446436.649972
0.663000, 2442148.278017
0.664000, 2437811.700146
0.665000, 2433475.122275
0.666000, 2429090.509688
0.667000, 2424705.897101
0.668000, 2420273.422896
0.669000, 2415840.948691
0.670000, 2411360.787854
0.671000, 2406880.627016
0.672000, 2402352.956416
0.673000, 2397825.285816
0.674000, 2393250.284198
0.675000, 2388675.282579
0.676000, 2384053.130556
0.677000, 2379430.978532
0.678000, 2374761.858578
0.679000, 2370092.738624
0.680000, 2365376.835069
0.681000, 2360660.931513
0.682000, 2355898.430532
0.683000, 2351135.929551
0.684000, 2346327.019160
0.685000, 2341518.108768
0.686000, 2336662.978814
0.687000, 2331807.848859
0.688000, 2326906.691014
0.689000, 2322005.533169
0.690000, 2317058.540923
0.691000, 2312111.548677
0.692000, 2307118.917328
0.693000, 2302126.285980
0.694000, 2297088.212629
0.695000, 2292050.139278
0.696000, 2286966.822820
0.697000, 2281883.506362
0.698000, 2276755.147477
0.699000, 2271626.788593
0.700000, 2266453.589740
0.701000, 2261280.390887
0.702000, 2256062.556295
0.703000, 2250844.721703
0.704000, 2245582.457364
0.705000, 2240320.193024
0.706000, 2235013.706682
0.707000, 2229707.220340
0.708000, 2224356.721486
0.709000, 2219006.222632
0.710000, 2213611.922495
0.711000, 2208217.622358
0.712000, 2202779.733896
0.713000, 2197341.845434
0.714000, 2191860.583325
0.715000, 2186379.321216
0.716000, 2180854.901851
0.717000, 2175330.482486
0.718000, 2169763.123960
0.719000, 2164195.765434
0.720000, 2158585.687536
0.721000, 2152975.609638
0.722000, 2147323.033845
0.723000, 2141670.458052
0.724000, 2135975.607518
0.725000, 2130280.756983
0.726000, 2124543.856530
0.727000, 2118806.956078
0.728000, 2113028.232190
0.729000, 2107249.508302
0.730000, 2101429.189112
0.731000, 2095608.869923
0.732000, 2089747.185209
0.733000, 2083885.500495
0.734000, 2077982.681665
0.735000, 2072079.862835
0.736000, 2066136.142922
0.737000, 2060192.423010
0.738000, 2054208.036663
0.739000, 2048223.650316
0.740000, 2042198.833788
0.741000, 2036174.017259
0.742000, 2030109.008399
0.743000, 2024043.999539
0.744000, 2017939.037783
0.745000, 2011834.076027
0.746000, 2005689.402389
0.747000, 1999544.728751
0.748000, 1993360.585812
0.749000, 1987176.442872
0.750000, 1980953.074772
0.751000, 1974729.706671
0.752000, 1968467.359096
0.753000, 1962205.011521
0.754000, 1955903.931700
0.755000, 1949602.851878
0.756000, 1943263.288565
0.757000, 1936923.725252
0.758000, 1930545.928724
0.759000, 1924168.132195
0.760000, 1917752.354234
0.761000, 1911336.576274
0.762000, 1904883.070166
0.763000, 1898429.564057
0.764000, 1891938.584575
0.765000, 1885447.605093
0.766000, 1878919.408489
0.767000, 1872391.211885
0.768000, 1865826.055881
0.769000, 1859260.899878
0.770000, 1852659.043656
0.771000, 1846057.187434
0.772000, 1839418.891624
0.773000, 1832780.595814
0.774000, 1826106.122484
0.775000, 1819431.649154
0.776000, 1812721.261801
0.777000, 1806010.874448
0.778000, 1799264.837986
0.779000, 1792518.801524
0.780000, 1785737.382276
0.781000, 1778955.963028
0.782000, 1772139.428712
0.783000, 1765322.894397
0.784000, 1758471.514118
0.785000, 1751620.133840
0.786000, 1744734.178080
0.787000, 1737848.222320
0.788000, 1730927.962923
0.789000, 1724007.703527
0.790000, 1717053.413695
0.791000, 1710099.123862
0.792000, 1703111.078137
0.793000, 1696123.032413
0.794000, 1689101.506671
0.795000, 1682079.980930
0.796000, 1675025.252369
0.797000, 1667970.523809
0.798000, 1660882.870939
0.799000, 1653795.218068
0.800000, 1646674.920696
0.801000, 1639554.623324
0.802000, 1632401.962548
0.803000, 1625249.301771
0.804000, 1618064.559964
0.805000, 1610879.818158
0.806000, 1603663.278963
0.807000, 1596446.739768
0.808000, 1589198.688081
0.809000, 1581950.636395
0.810000, 1574671.358357
0.811000, 1567392.080319
0.812000, 1560081.863303
0.813000, 1552771.646287
0.814000, 1545430.778888
0.815000, 1538089.911490
0.816000, 1530718.683513
0.817000, 1523347.455536
0.818000, 1515946.157985
0.819000, 1508544.860434
0.820000, 1501113.785499
0.821000, 1493682.710563
0.822000, 1486222.151610
0.823000, 1478761.592657
0.824000, 1471271.844216
0.825000, 1463782.095775
0.826000, 1456263.453528
0.827000, 1448744.811282
0.828000, 1441197.572053
0.829000, 1433650.332825
0.830000, 1426074.794566
0.831000, 1418499.256307
0.832000, 1410895.718087
0.833000, 1403292.179868
0.834000, 1395660.941862
0.835000, 1388029.703856
0.836000, 1380371.067332
0.837000, 1372712.430808
0.838000, 1365026.698116
0.839000, 1357340.965424
0.840000, 1349628.439983
0.841000, 1341915.914542
0.842000, 1334176.900831
0.843000, 1326437.887119
0.844000, 1318672.690658
0.845000, 1310907.494198
0.846000, 1303116.421546
0.847000, 1295325.348894
0.848000, 1287508.707629
0.849000, 1279692.066364
0.850000, 1271850.165073
0.851000, 1264008.263782
0.852000, 1256141.412050
0.853000, 1248274.560318
0.854000, 1240383.068714
0.855000, 1232491.577111
0.856000, 1224575.757180
0.857000, 1216659.937248
0.858000, 1208720.101491
0.859000, 1200780.265733
0.860000, 1192816.727602
0.861000, 1184853.189470
0.862000, 1176866.263351
0.863000, 1168879.337232
0.864000, 1160869.338435
0.865000, 1152859.339638
0.866000, 1144826.584385
0.867000, 1136793.829132
0.868000, 1128738.634542
0.869000, 1120683.439953
0.870000, 1112606.124031
0.871000, 1104528.808109
0.872000, 1096429.689735
0.873000, 1088330.571360
0.874000, 1080209.970272
0.875000, 1072089.369184
0.876000, 1063947.605969
0.877000, 1055805.842754
0.878000, 1047643.238836
0.879000, 1039480.634918
0.880000, 1031297.512543
0.881000, 1023114.390167
0.882000, 1014911.072389
0.883000, 1006707.754611
0.884000, 998484.565284
0.885000, 990261.375956
0.886000, 982018.639718
0.887000, 973775.903479
0.888000, 965513.945737
0.889000, 957251.987995
0.890000, 948971.134919
0.891000, 940690.281843
0.892000, 932390.860346
0.893000, 924091.438849
0.894000, 915773.776578
0.895000, 907456.114307
0.896000, 899120.539629
0.897000, 890784.964951
0.898000, 882431.806941
0.899000, 874078.648931
0.900000, 865708.237356
0.901000, 857337.825782
0.902000, 848950.491093
0.903000, 840563.156404
0.904000, 832159.229717
0.905000, 823755.303031
0.906000, 815335.116120
0.907000, 806914.929210
0.908000, 798478.814489
0.909000, 790042.699769
0.910000, 781590.990281
0.911000, 773139.280794
0.912000, 764672.310200
0.913000, 756205.339605
0.914000, 747723.442165
0.915000, 739241.544724
0.916000, 730745.055288
0.917000, 722248.565853
0.918000, 713737.819849
0.919000, 705227.073845
0.920000, 696702.407262
0.921000, 688177.740679
0.922000, 679639.490057
0.923000, 671101.239435
0.924000, 662549.741849
0.925000, 653998.244263
0.926000, 645433.837311
0.927000, 636869.430359
0.928000, 628292.452151
0.929000, 619715.473942
0.930000, 611126.263080
0.931000, 602537.052218
0.932000, 593935.947791
0.933000, 585334.843364
0.934000, 576722.184928
0.935000, 568109.526492
0.936000, 559485.654060
0.937000, 550861.781629
0.938000, 542227.035657
0.939000, 533592.289685
0.940000, 524947.011059
0.941000, 516301.732432
0.942000, 507646.262452
0.943000, 498990.792471
0.944000, 490325.472839
0.945000, 481660.153207
0.946000, 472985.326016
0.947000, 464310.498826
0.948000, 455626.506543
0.949000, 446942.514261
0.950000, 438249.699715
0.951000, 429556.885170
0.952000, 420855.591540
0.953000, 412154.297910
0.954000, 403444.868706
0.955000, 394735.439503
0.956000, 386018.218560
0.957000, 377300.997617
0.958000, 368576.329076
0.959000, 359851.660534
0.960000, 351119.888829
0.961000, 342388.117123
0.962000, 333649.586970
0.963000, 324911.056816
0.964000, 316166.113197
0.965000, 307421.169577
0.966000, 298670.157727
0.967000, 289919.145876
0.968000, 281162.411270
0.969000, 272405.676664
0.970000, 263643.565003
0.971000, 254881.453342
0.972000, 246114.310540
0.973000, 237347.167737
0.974000, 228575.339904
0.975000, 219803.512072
0.976000, 211027.345506
0.977000, 202251.178941
0.978000, 193471.020110
0.979000, 184690.861279
0.980000, 175907.056809
0.981000, 167123.252339
0.982000, 158336.148998
0.983000, 149549.045658
0.984000, 140758.990348
0.985000, 131968.935038
0.986000, 123176.274774
0.987000, 114383.614509
0.988000, 105588.696411
0.989000, 96793.778312
0.990000, 87996.949587
0.991000, 79200.120862
0.992000, 70401.728794
0.993000, 61603.336727
0.994000, 52803.728662
0.995000, 44004.120597
0.996000, 35203.643929
0.997000, 26403.167261
0.998000, 17602.169416
0.999000, 8801.171572
1.000000, 0.000000
