0.000000, 0.000000
0.001000, 114547.113634
0.002000, 229091.966206
0.003000, 343636.818778
0.004000, 458174.888254
0.005000, 572712.957729
0.006000, 687239.722342
0.007000, 801766.486954
0.008000, 916277.425382
0.009000, 1030788.363810
0.010000, 1145278.955358
0.011000, 1259769.546906
0.012000, 1374235.271682
0.013000, 1488700.996458
0.014000, 1603137.335551
0.015000, 1717573.674644
0.016000, 1831976.110303
0.017000, 1946378.545961
0.018000, 2060742.561774
0.019000, 2175106.577587
0.020000, 2289427.658658
0.021000, 2403748.739729
0.022000, 2518022.372858
0.023000, 2632296.005987
0.024000, 2746517.679847
0.025000, 2860739.353706
0.026000, 2974904.559020
0.027000, 3089069.764334
0.028000, 3203173.994055
0.029000, 3317278.223776
0.030000, 3431316.973265
0.031000, 3545355.722754
0.032000, 3659324.489957
0.033000, 3773293.257159
0.034000, 3887187.542784
0.035000, 4001081.828408
0.036000, 4114897.136102
0.037000, 4228712.443796
0.038000, 4342444.280327
0.039000, 4456176.116858
0.040000, 4569819.992288
0.041000, 4683463.867717
0.042000, 4797015.295580
0.043000, 4910566.723442
0.044000, 5024021.220922
0.045000, 5137475.718401
0.046000, 5250828.806508
0.047000, 5364181.894615
0.048000, 5477429.098364
0.049000, 5590676.302113
0.050000, 5703813.150699
0.051000, 5816949.999284
0.052000, 5929972.026256
0.053000, 6042994.053229
0.054000, 6155896.796672
0.055000, 6268799.540115
0.056000, 6381578.542823
0.057000, 6494357.545530
0.058000, 6607008.355180
0.059000, 6719659.164829
0.060000, 6832177.334160
0.061000, 6944695.503490
0.062000, 7057076.590477
0.063000, 7169457.677464
0.064000, 7281697.245494
0.065000, 7393936.813525
0.066000, 7506030.431573
0.067000, 7618124.049621
0.068000, 7730067.292422
0.069000, 7842010.535223
0.070000, 7953798.983451
0.071000, 8065587.431678
0.072000, 8177216.672114
0.073000, 8288845.912551
0.074000, 8400311.538265
0.075000, 8511777.163980
0.076000, 8623074.774501
0.077000, 8734372.385021
0.078000, 8845497.586509
0.079000, 8956622.787997
0.080000, 9067571.193419
0.081000, 9178519.598840
0.082000, 9289286.828143
0.083000, 9400054.057446
0.084000, 9510635.737730
0.085000, 9621217.418014
0.086000, 9731609.183703
0.087000, 9842000.949392
0.088000, 9952198.442408
0.089000, 10062395.935424
0.090000, 10172394.805360
0.091000, 10282393.675295
0.092000, 10392189.579582
0.093000, 10501985.483870
0.094000, 10611574.087955
0.095000, 10721162.692040
0.096000, 10830539.669552
0.097000, 10939916.647064
0.098000, 11049077.679988
0.099000, 11158238.712912
0.100000, 11267179.491756
0.101000, 11376120.270601
0.102000, 11484836.494570
0.103000, 11593552.718540
0.104000, 11702040.095705
0.105000, 11810527.472870
0.106000, 11918781.720334
0.107000, 12027035.967798
0.108000, 12135052.811869
0.109000, 12243069.655940
0.110000, 12350844.832297
0.111000, 12458620.008655
0.112000, 12566149.262520
0.113000, 12673678.516384
0.114000, 12780957.602686
0.115000, 12888236.688987
0.116000, 12995261.372530
0.117000, 13102286.056073
0.118000, 13209052.111707
0.119000, 13315818.167341
0.120000, 13422321.380124
0.121000, 13528824.592908
0.122000, 13635060.758276
0.123000, 13741296.923644
0.124000, 13847261.847576
0.125000, 13953226.771507
0.126000, 14058916.270688
0.127000, 14164605.769869
0.128000, 14270015.671859
0.129000, 14375425.573849
0.130000, 14480551.717246
0.131000, 14585677.860642
0.132000, 14690516.095245
0.133000, 14795354.329848
0.134000, 14899900.516823
0.135000, 15004446.703798
0.136000, 15108696.715841
0.137000, 15212946.727884
0.138000, 15316896.449383
0.139000, 15420846.170882
0.140000, 15524491.498080
0.141000, 15628136.825278
0.142000, 15731473.666435
0.143000, 15834810.507592
0.144000, 15937834.783146
0.145000, 16040859.058701
0.146000, 16143566.701430
0.147000, 16246274.344160
0.148000, 16348661.299343
0.149000, 16451048.254526
0.150000, 16553110.480101
0.151000, 16655172.705676
0.152000, 16756906.172400
0.153000, 16858639.639125
0.154000, 16960040.330737
0.155000, 17061441.022349
0.156000, 17162504.935721
0.157000, 17263568.849094
0.158000, 17364291.994398
0.159000, 17465015.139701
0.160000, 17565393.540559
0.161000, 17665771.941416
0.162000, 17765801.635059
0.163000, 17865831.328703
0.164000, 17965508.366131
0.165000, 18065185.403560
0.166000, 18164505.849695
0.167000, 18263826.295830
0.168000, 18362786.229671
0.169000, 18461746.163511
0.170000, 18560341.678288
0.171000, 18658937.193064
0.172000, 18757164.396396
0.173000, 18855391.599727
0.174000, 18953246.613771
0.175000, 19051101.627815
0.176000, 19148580.589423
0.177000, 19246059.551031
0.178000, 19343158.611901
0.179000, 19440257.672770
0.180000, 19536972.999597
0.181000, 19633688.326424
0.182000, 19730016.101053
0.183000, 19826343.875681
0.184000, 19922280.295255
0.185000, 20018216.714830
0.186000, 20113757.991945
0.187000, 20209299.269059
0.188000, 20304441.631909
0.189000, 20399583.994758
0.190000, 20494323.687284
0.191000, 20589063.379810
0.192000, 20683396.661851
0.193000, 20777729.943893
0.194000, 20871653.091335
0.195000, 20965576.238776
0.196000, 21059085.543692
0.197000, 21152594.848608
0.198000, 21245686.619411
0.199000, 21338778.390214
0.200000, 21431448.951800
0.201000, 21524119.513387
0.202000, 21616365.207282
0.203000, 21708610.901177
0.204000, 21800428.085678
0.205000, 21892245.270179
0.206000, 21983630.320502
0.207000, 22075015.370824
0.208000, 22165964.679242
0.209000, 22256913.987661
0.210000, 22347423.963652
0.211000, 22437933.939643
0.212000, 22528001.010028
0.213000, 22618068.080413
0.214000, 22707688.689498
0.215000, 22797309.298584
0.216000, 22886479.908301
0.217000, 22975650.518018
0.218000, 23064367.608065
0.219000, 23153084.698111
0.220000, 23241344.766088
0.221000, 23329604.834065
0.222000, 23417404.395616
0.223000, 23505203.957166
0.224000, 23592539.546114
0.225000, 23679875.135063
0.226000, 23766743.303549
0.227000, 23853611.472035
0.228000, 23940008.790653
0.229000, 24026406.109271
0.230000, 24112329.167202
0.231000, 24198252.225133
0.232000, 24283697.630282
0.233000, 24369143.035431
0.234000, 24454107.414560
0.235000, 24539071.793689
0.236000, 24623551.792550
0.237000, 24708031.791411
0.238000, 24792024.074877
0.239000, 24876016.358344
0.240000, 24959517.610544
0.241000, 25043018.862745
0.242000, 25126025.787194
0.243000, 25209032.711643
0.244000, 25291542.031368
0.245000, 25374051.351094
0.246000, 25456059.808769
0.247000, 25538068.266444
0.248000, 25619572.624516
0.249000, 25701076.982588
0.250000, 25782074.023404
0.251000, 25863071.064220
0.252000, 25943557.590156
0.253000, 26024044.116091
0.254000, 26104016.949676
0.255000, 26183989.783261
0.256000, 26263445.767304
0.257000, 26342901.751348
0.258000, 26421837.749064
0.259000, 26500773.746780
0.260000, 26579186.641911
0.261000, 26657599.537041
0.262000, 26735486.233980
0.263000, 26813372.930918
0.264000, 26890730.354831
0.265000, 26968087.778743
0.266000, 27044912.875691
0.267000, 27121737.972640
0.268000, 27198027.709700
0.269000, 27274317.446761
0.270000, 27350068.812145
0.271000, 27425820.177530
0.272000, 27501030.180705
0.273000, 27576240.183880
0.274000, 27650905.855682
0.275000, 27725571.527485
0.276000, 27799689.920242
0.277000, 27873808.312999
0.278000, 27947376.500645
0.279000, 28020944.688290
0.280000, 28093959.766476
0.281000, 28166974.844663
0.282000, 28239433.930881
0.283000, 28311893.017100
0.284000, 28383793.250788
0.285000, 28455693.484477
0.286000, 28527032.027139
0.287000, 28598370.569800
0.288000, 28669144.605111
0.289000, 28739918.640421
0.290000, 28810125.374343
0.291000, 28880332.108265
0.292000, 28949968.769156
0.293000, 29019605.430048
0.294000, 29088669.268773
0.295000, 29157733.107498
0.296000, 29226221.397535
0.297000, 29294709.687571
0.298000, 29362619.725119
0.299000, 29430529.762667
0.300000, 29497858.866753
0.301000, 29565187.970840
0.302000, 29631933.483428
0.303000, 29698678.996016
0.304000, 29764838.282107
0.305000, 29830997.568198
0.306000, 29896568.015936
0.307000, 29962138.463674
0.308000, 30027117.484451
0.309000, 30092096.505227
0.310000, 30156481.533782
0.311000, 30220866.562337
0.312000, 30284655.056858
0.313000, 30348443.551380
0.314000, 30411632.993609
0.315000, 30474822.435837
0.316000, 30537410.331162
0.317000, 30599998.226486
0.318000, 30661982.104043
0.319000, 30723965.981600
0.320000, 30785343.394373
0.321000, 30846720.807145
0.322000, 30907489.332058
0.323000, 30968257.856971
0.324000, 31028415.094987
0.325000, 31088572.333003
0.326000, 31148115.909217
0.327000, 31207659.485431
0.328000, 31266587.049165
0.329000, 31325514.612899
0.330000, 31383823.837793
0.331000, 31442133.062687
0.332000, 31499821.646794
0.333000, 31557510.230900
0.334000, 31614575.896772
0.335000, 31671641.562645
0.336000, 31728082.057427
0.337000, 31784522.552210
0.338000, 31840335.647730
0.339000, 31896148.743250
0.340000, 31951332.236100
0.341000, 32006515.728951
0.342000, 32061067.440584
0.343000, 32115619.152216
0.344000, 32169536.929022
0.345000, 32223454.705827
0.346000, 32276736.419225
0.347000, 32330018.132622
0.348000, 32382661.679141
0.349000, 32435305.225659
0.350000, 32487308.527022
0.351000, 32539311.828384
0.352000, 32590672.831589
0.353000, 32642033.834794
0.354000, 32692750.512197
0.355000, 32743467.189601
0.356000, 32793537.538994
0.357000, 32843607.888388
0.358000, 32893029.933081
0.359000, 32942451.977773
0.360000, 32991223.766667
0.361000, 33039995.555561
0.362000, 33088115.163229
0.363000, 33136234.770898
0.364000, 33183700.297661
0.365000, 33231165.824424
0.366000, 33277975.396424
0.367000, 33324784.968425
0.368000, 33370936.737700
0.369000, 33417088.506976
0.370000, 33462580.651534
0.371000, 33508072.796092
0.372000, 33552903.519980
0.373000, 33597734.243869
0.374000, 33641901.777248
0.375000, 33686069.310626
0.376000, 33729571.909837
0.377000, 33773074.509047
0.378000, 33815910.456682
0.379000, 33858746.404316
0.380000, 33900914.009283
0.381000, 33943081.614251
0.382000, 33984579.211848
0.383000, 34026076.809445
0.384000, 34066902.761416
0.385000, 34107728.713388
0.386000, 34147881.407995
0.387000, 34188034.102603
0.388000, 34227511.954687
0.389000, 34266989.806771
0.390000, 34305791.257813
0.391000, 34344592.708856
0.392000, 34382716.227042
0.393000, 34420839.745228
0.394000, 34458283.825506
0.395000, 34495727.905785
0.396000, 34532491.069927
0.397000, 34569254.234070
0.398000, 34605335.030730
0.399000, 34641415.827390
0.400000, 34676812.832160
0.401000, 34712209.836929
0.402000, 34746921.652395
0.403000, 34781633.467860
0.404000, 34815658.723659
0.405000, 34849683.979458
0.406000, 34883021.332331
0.407000, 34916358.685205
0.408000, 34949006.819051
0.409000, 34981654.952897
0.410000, 35013612.578823
0.411000, 35045570.204749
0.412000, 35076836.061124
0.413000, 35108101.917498
0.414000, 35138674.769998
0.415000, 35169247.622498
0.416000, 35199126.264159
0.417000, 35229004.905820
0.418000, 35258188.157086
0.419000, 35287371.408351
0.420000, 35315858.117116
0.421000, 35344344.825881
0.422000, 35372133.867538
0.423000, 35399922.909196
0.424000, 35427013.186682
0.425000, 35454103.464168
0.426000, 35480493.908006
0.427000, 35506884.351843
0.428000, 35532573.920183
0.429000, 35558263.488522
0.430000, 35583251.167183
0.431000, 35608238.845843
0.432000, 35632523.648355
0.433000, 35656808.450866
0.434000, 35680389.418506
0.435000, 35703970.386146
0.436000, 35726846.587978
0.437000, 35749722.789809
0.438000, 35771893.322720
0.439000, 35794063.855631
0.440000, 35815527.844365
0.441000, 35836991.833100
0.442000, 35857748.430297
0.443000, 35878505.027495
0.444000, 35898553.413720
0.445000, 35918601.799945
0.446000, 35937941.183721
0.447000, 35957280.567498
0.448000, 35975910.185341
0.449000, 35994539.803183
0.450000, 36012458.919627
0.451000, 36030378.036070
0.452000, 36047585.943698
0.453000, 36064793.851325
0.454000, 36081289.870799
0.455000, 36097785.890272
0.456000, 36113569.370357
0.457000, 36129352.850442
0.458000, 36144423.168033
0.459000, 36159493.485624
0.460000, 36173850.045771
0.461000, 36188206.605918
0.462000, 36201848.841849
0.463000, 36215491.077780
0.464000, 36228418.450922
0.465000, 36241345.824065
0.466000, 36253557.824068
0.467000, 36265769.824072
0.468000, 36277265.968827
0.469000, 36288762.113583
0.470000, 36299541.949242
0.471000, 36310321.784902
0.472000, 36320384.885896
0.473000, 36330447.986890
0.474000, 36339793.955945
0.475000, 36349139.925000
0.476000, 36357768.393152
0.477000, 36366396.861305
0.478000, 36374307.487918
0.479000, 36382218.114531
0.480000, 36389410.587307
0.481000, 36396603.060082
0.482000, 36403077.095074
0.483000, 36409551.130066
0.484000, 36415306.471690
0.485000, 36421061.813314
0.486000, 36426098.234359
0.487000, 36431134.655404
0.488000, 36435451.957041
0.489000, 36439769.258679
0.490000, 36443367.270468
0.491000, 36446965.282257
0.492000, 36449843.862156
0.493000, 36452722.442054
0.494000, 36454881.476420
0.495000, 36457040.510786
0.496000, 36458479.914384
0.497000, 36459919.317983
0.498000, 36460639.033989
0.499000, 36461358.749995
0.500000, 36461358.749995
0.501000, 36461358.749995
0.502000, 36460639.033989
0.503000, 36459919.317983
0.504000, 36458479.914384
0.505000, 36457040.510786
0.506000, 36454881.476420
0.507000, 36452722.442054
0.508000, 36449843.862156
0.509000, 36446965.282257
0.510000, 36443367.270468
0.511000, 36439769.258679
0.512000, 36435451.957041
0.513000, 36431134.655404
0.514000, 36426098.234359
0.515000, 36421061.813314
0.516000, 36415306.471690
0.517000, 36409551.130066
0.518000, 36403077.095074
0.519000, 36396603.060082
0.520000, 36389410.587307
0.521000, 36382218.114531
0.522000, 36374307.487918
0.523000, 36366396.861305
0.524000, 36357768.393152
0.525000, 36349139.925000
0.526000, 36339793.955945
0.527000, 36330447.986890
0.528000, 36320384.885896
0.529000, 36310321.784902
0.530000, 36299541.949242
0.531000, 36288762.113583
0.532000, 36277265.968827
0.533000, 36265769.824072
0.534000, 36253557.824068
0.535000, 36241345.824065
0.536000, 36228418.450922
0.537000, 36215491.077780
0.538000, 36201848.841849
0.539000, 36188206.605918
0.540000, 36173850.045771
0.541000, 36159493.485624
0.542000, 36144423.168033
0.543000, 36129352.850442
0.544000, 36113569.370357
0.545000, 36097785.890272
0.546000, 36081289.870799
0.547000, 36064793.851325
0.548000, 36047585.943698
0.549000, 36030378.036070
0.550000, 36012458.919627
0.551000, 35994539.803183
0.552000, 35975910.185341
0.553000, 35957280.567498
0.554000, 35937941.183721
0.555000, 35918601.799945
0.556000, 35898553.413720
0.557000, 35878505.027495
0.558000, 35857748.430297
0.559000, 35836991.833100
0.560000, 35815527.844365
0.561000, 35794063.855631
0.562000, 35771893.322720
0.563000, 35749722.789809
0.564000, 35726846.587978
0.565000, 35703970.386146
0.566000, 35680389.418506
0.567000, 35656808.450866
0.568000, 35632523.648355
0.569000, 35608238.845843
0.570000, 35583251.167183
0.571000, 35558263.488522
0.572000, 35532573.920183
0.573000, 35506884.351843
0.574000, 35480493.908006
0.575000, 35454103.464168
0.576000, 35427013.186682
0.577000, 35399922.909196
0.578000, 35372133.867538
0.579000, 35344344.825881
0.580000, 35315858.117116
0.581000, 35287371.408351
0.582000, 35258188.157086
0.583000, 35229004.905820
0.584000, 35199126.264159
0.585000, 35169247.622498
0.586000, 35138674.769998
0.587000, 35108101.917498
0.588000, 35076836.061124
0.589000, 35045570.204749
0.590000, 35013612.578823
0.591000, 34981654.952897
0.592000, 34949006.819051
0.593000, 34916358.685205
0.594000, 34883021.332331
0.595000, 34849683.979458
0.596000, 34815658.723659
0.597000, 34781633.467860
0.598000, 34746921.652395
0.599000, 34712209.836929
0.600000, 34676812.832160
0.601000, 34641415.827390
0.602000, 34605335.030730
0.603000, 34569254.234070
0.604000, 34532491.069927
0.605000, 34495727.905785
0.606000, 34458283.825506
0.607000, 34420839.745228
0.608000, 34382716.227042
0.609000, 34344592.708856
0.610000, 34305791.257813
0.611000, 34266989.806771
0.612000, 34227511.954687
0.613000, 34188034.102603
0.614000, 34147881.407995
0.615000, 34107728.713388
0.616000, 34066902.761416
0.617000, 34026076.809445
0.618000, 33984579.211848
0.619000, 33943081.614251
0.620000, 33900914.009283
0.621000, 33858746.404316
0.622000, 33815910.456682
0.623000, 33773074.509047
0.624000, 33729571.909837
0.625000, 33686069.310626
0.626000, 33641901.777248
0.627000, 33597734.243869
0.628000, 33552903.519980
0.629000, 33508072.796092
0.630000, 33462580.651534
0.631000, 33417088.506976
0.632000, 33370936.737700
0.633000, 33324784.968425
0.634000, 33277975.396424
0.635000, 33231165.824424
0.636000, 33183700.297661
0.637000, 33136234.770898
0.638000, 33088115.163229
0.639000, 33039995.555561
0.640000, 32991223.766667
0.641000, 32942451.977773
0.642000, 32893029.933081
0.643000, 32843607.888388
0.644000, 32793537.538994
0.645000, 32743467.189601
0.646000, 32692750.512197
0.647000, 32642033.834794
0.648000, 32590672.831589
0.649000, 32539311.828384
0.650000, 32487308.527022
0.651000, 32435305.225659
0.652000, 32382661.679141
0.653000, 32330018.132622
0.654000, 32276736.419225
0.655000, 32223454.705827
0.656000, 32169536.929022
0.657000, 32115619.152216
0.658000, 32061067.440584
0.659000, 32006515.728951
0.660000, 31951332.236100
0.661000, 31896148.743250
0.662000, 31840335.647730
0.663000, 31784522.552210
0.664000, 31728082.057427
0.665000, 31671641.562645
0.666000, 31614575.896772
0.667000, 31557510.230900
0.668000, 31499821.646794
0.669000, 31442133.062687
0.670000, 31383823.837793
0.671000, 31325514.612899
0.672000, 31266587.049165
0.673000, 31207659.485431
0.674000, 31148115.909217
0.675000, 31088572.333003
0.676000, 31028415.094987
0.677000, 30968257.856971
0.678000, 30907489.332058
0.679000, 30846720.807145
0.680000, 30785343.394373
0.681000, 30723965.981600
0.682000, 30661982.104043
0.683000, 30599998.226486
0.684000, 30537410.331162
0.685000, 30474822.435837
0.686000, 30411632.993609
0.687000, 30348443.551380
0.688000, 30284655.056858
0.689000, 30220866.562337
0.690000, 30156481.533782
0.691000, 30092096.505227
0.692000, 30027117.484451
0.693000, 29962138.463674
0.694000, 29896568.015936
0.695000, 29830997.568198
0.696000, 29764838.282107
0.697000, 29698678.996016
0.698000, 29631933.483428
0.699000, 29565187.970840
0.700000, 29497858.866753
0.701000, 29430529.762667
0.702000, 29362619.725119
0.703000, 29294709.687571
0.704000, 29226221.397535
0.705000, 29157733.107498
0.706000, 29088669.268773
0.707000, 29019605.430048
0.708000, 28949968.769156
0.709000, 28880332.108265
0.710000, 28810125.374343
0.711000, 28739918.640421
0.712000, 28669144.605111
0.713000, 28598370.569800
0.714000, 28527032.027139
0.715000, 28455693.484477
0.716000, 28383793.250788
0.717000, 28311893.017100
0.718000, 28239433.930881
0.719000, 28166974.844663
0.720000, 28093959.766476
0.721000, 28020944.688290
0.722000, 27947376.500645
0.723000, 27873808.312999
0.724000, 27799689.920242
0.725000, 27725571.527485
0.726000, 27650905.855682
0.727000, 27576240.183880
0.728000, 27501030.180705
0.729000, 27425820.177530
0.730000, 27350068.812145
0.731000, 27274317.446761
0.732000, 27198027.709700
0.733000, 27121737.972640
0.734000, 27044912.875691
0.735000, 26968087.778743
0.736000, 26890730.354831
0.737000, 26813372.930918
0.738000, 26735486.233980
0.739000, 26657599.537041
0.740000, 26579186.641911
0.741000, 26500773.746780
0.742000, 26421837.749064
0.743000, 26342901.751348
0.744000, 26263445.767304
0.745000, 26183989.783261
0.746000, 26104016.949676
0.747000, 26024044.116091
0.748000, 25943557.590156
0.749000, 25863071.064220
0.750000, 25782074.023404
0.751000, 25701076.982588
0.752000, 25619572.624516
0.753000, 25538068.266444
0.754000, 25456059.808769
0.755000, 25374051.351094
0.756000, 25291542.031368
0.757000, 25209032.711643
0.758000, 25126025.787194
0.759000, 25043018.862745
0.760000, 24959517.610544
0.761000, 24876016.358344
0.762000, 24792024.074877
0.763000, 24708031.791411
0.764000, 24623551.792550
0.765000, 24539071.793689
0.766000, 24454107.414560
0.767000, 24369143.035431
0.768000, 24283697.630282
0.769000, 24198252.225133
0.770000, 24112329.167202
0.771000, 24026406.109271
0.772000, 23940008.790653
0.773000, 23853611.472035
0.774000, 23766743.303549
0.775000, 23679875.135063
0.776000, 23592539.546114
0.777000, 23505203.957166
0.778000, 23417404.395616
0.779000, 23329604.834065
0.780000, 23241344.766088
0.781000, 23153084.698111
0.782000, 23064367.608065
0.783000, 22975650.518018
0.784000, 22886479.908301
0.785000, 22797309.298584
0.786000, 22707688.689498
0.787000, 22618068.080413
0.788000, 22528001.010028
0.789000, 22437933.939643
0.790000, 22347423.963652
0.791000, 22256913.987661
0.792000, 22165964.679242
0.793000, 22075015.370824
0.794000, 21983630.320502
0.795000, 21892245.270179
0.796000, 21800428.085678
0.797000, 21708610.901177
0.798000, 21616365.207282
0.799000, 21524119.513387
0.800000, 21431448.951800
0.801000, 21338778.390214
0.802000, 21245686.619411
0.803000, 21152594.848608
0.804000, 21059085.543692
0.805000, 20965576.238776
0.806000, 20871653.091335
0.807000, 20777729.943893
0.808000, 20683396.661851
0.809000, 20589063.379810
0.810000, 20494323.687284
0.811000, 20399583.994758
0.812000, 20304441.631909
0.813000, 20209299.269059
0.814000, 20113757.991945
0.815000, 20018216.714830
0.816000, 19922280.295255
0.817000, 19826343.875681
0.818000, 19730016.101053
0.819000, 19633688.326424
0.820000, 19536972.999597
0.821000, 19440257.672770
0.822000, 19343158.611901
0.823000, 19246059.551031
0.824000, 19148580.589423
0.825000, 19051101.627815
0.826000, 18953246.613771
0.827000, 18855391.599727
0.828000, 18757164.396396
0.829000, 18658937.193064
0.830000, 18560341.678288
0.831000, 18461746.163511
0.832000, 18362786.229671
0.833000, 18263826.295830
0.834000, 18164505.849695
0.835000, 18065185.403560
0.836000, 17965508.366131
0.837000, 17865831.328703
0.838000, 17765801.635059
0.839000, 17665771.941416
0.840000, 17565393.540559
0.841000, 17465015.139701
0.842000, 17364291.994398
0.843000, 17263568.849094
0.844000, 17162504.935721
0.845000, 17061441.022349
0.846000, 16960040.330737
0.847000, 16858639.639125
0.848000, 16756906.172400
0.849000, 16655172.705676
0.850000, 16553110.480101
0.851000, 16451048.254526
0.852000, 16348661.299343
0.853000, 16246274.344160
0.854000, 16143566.701430
0.855000, 16040859.058701
0.856000, 15937834.783146
0.857000, 15834810.507592
0.858000, 15731473.666435
0.859000, 15628136.825278
0.860000, 15524491.498080
0.861000, 15420846.170882
0.862000, 15316896.449383
0.863000, 15212946.727884
0.864000, 15108696.715841
0.865000, 15004446.703798
0.866000, 14899900.516823
0.867000, 14795354.329848
0.868000, 14690516.095245
0.869000, 14585677.860642
0.870000, 14480551.717246
0.871000, 14375425.573849
0.872000, 14270015.671859
0.873000, 14164605.769869
0.874000, 14058916.270688
0.875000, 13953226.771507
0.876000, 13847261.847576
0.877000, 13741296.923644
0.878000, 13635060.758276
0.879000, 13528824.592908
0.880000, 13422321.380124
0.881000, 13315818.167341
0.882000, 13209052.111707
0.883000, 13102286.056073
0.884000, 12995261.372530
0.885000, 12888236.688987
0.886000, 12780957.602686
0.887000, 12673678.516384
0.888000, 12566149.262520
0.889000, 12458620.008655
0.890000, 12350844.832297
0.891000, 12243069.655940
0.892000, 12135052.811869
0.893000, 12027035.967798
0.894000, 11918781.720334
0.895000, 11810527.472870
0.896000, 11702040.095705
0.897000, 11593552.718540
0.898000, 11484836.494570
0.899000, 11376120.270601
0.900000, 11267179.491756
0.901000, 11158238.712912
0.902000, 11049077.679988
0.903000, 10939916.647064
0.904000, 10830539.669552
0.905000, 10721162.692040
0.906000, 10611574.087955
0.907000, 10501985.483870
0.908000, 10392189.579582
0.909000, 10282393.675295
0.910000, 10172394.805360
0.911000, 10062395.935424
0.912000, 9952198.442408
0.913000, 9842000.949392
0.914000, 9731609.183703
0.915000, 9621217.418014
0.916000, 9510635.737730
0.917000, 9400054.057446
0.918000, 9289286.828143
0.919000, 9178519.598840
0.920000, 9067571.193419
0.921000, 8956622.787997
0.922000, 8845497.586509
0.923000, 8734372.385021
0.924000, 8623074.774501
0.925000, 8511777.163980
0.926000, 8400311.538265
0.927000, 8288845.912551
0.928000, 8177216.672114
0.929000, 8065587.431678
0.930000, 7953798.983451
0.931000, 7842010.535223
0.932000, 7730067.292422
0.933000, 7618124.049621
0.934000, 7506030.431573
0.935000, 7393936.813525
0.936000, 7281697.245494
0.937000, 7169457.677464
0.938000, 7057076.590477
0.939000, 6944695.503490
0.940000, 6832177.334160
0.941000, 6719659.164829
0.942000, 6607008.355180
0.943000, 6494357.545530
0.944000, 6381578.542823
0.945000, 6268799.540115
0.946000, 6155896.796672
0.947000, 6042994.053229
0.948000, 5929972.026256
0.949000, 5816949.999284
0.950000, 5703813.150699
0.951000, 5590676.302113
0.952000, 5477429.098364
0.953000, 5364181.894615
0.954000, 5250828.806508
0.955000, 5137475.718401
0.956000, 5024021.220922
0.957000, 4910566.723442
0.958000, 4797015.295580
0.959000, 4683463.867717
0.960000, 4569819.992288
0.961000, 4456176.116858
0.962000, 4342444.280327
0.963000, 4228712.443796
0.964000, 4114897.136102
0.965000, 4001081.828408
0.966000, 3887187.542784
0.967000, 3773293.257159
0.968000, 3659324.489957
0.969000, 3545355.722754
0.970000, 3431316.973265
0.971000, 3317278.223776
0.972000, 3203173.994055
0.973000, 3089069.764334
0.974000, 2974904.559020
0.975000, 2860739.353706
0.976000, 2746517.679847
0.977000, 2632296.005987
0.978000, 2518022.372858
0.979000, 2403748.739729
0.980000, 2289427.658658
0.981000, 2175106.577587
0.982000, 2060742.561774
0.983000, 1946378.545961
0.984000, 1831976.110303
0.985000, 1717573.674644
0.986000, 1603137.335551
0.987000, 1488700.996458
0.988000, 1374235.271682
0.989000, 1259769.546906
0.990000, 1145278.955358
0.991000, 1030788.363810
0.992000, 916277.425382
0.993000, 801766.486954
0.994000, 687239.722342
0.995000, 572712.957729
0.996000, 458174.888254
0.997000, 343636.818778
0.998000, 229091.966206
0.999000, 114547.113634
1.000000, 0.000000
