0.000000, 0.000000
0.001000, 499999.979167
0.002000, 999999.833333
0.003000, 1499999.437500
0.004000, 1999998.666667
0.005000, 2499997.395834
0.006000, 2999995.500002
0.007000, 3499992.854171
0.008000, 3999989.333342
0.009000, 4499984.812515
0.010000, 4999979.166693
0.011000, 5499972.270875
0.012000, 5999964.000065
0.013000, 6499954.229263
0.014000, 6999942.833473
0.015000, 7499929.687698
0.016000, 7999914.666940
0.017000, 8499897.646203
0.018000, 8999878.500492
0.019000, 9499857.104811
0.020000, 9999833.334167
0.021000, 10499807.063564
0.022000, 10999778.168009
0.023000, 11499746.522509
0.024000, 11999712.002074
0.025000, 12499674.481710
0.026000, 12999633.836427
0.027000, 13499589.941237
0.028000, 13999542.671149
0.029000, 14499491.901175
0.030000, 14999437.506328
0.031000, 15499379.361622
0.032000, 15999317.342071
0.033000, 16499251.322691
0.034000, 16999181.178499
0.035000, 17499106.784511
0.036000, 17999028.015746
0.037000, 18498944.747225
0.038000, 18998856.853967
0.039000, 19498764.210996
0.040000, 19998666.693333
0.041000, 20498564.176004
0.042000, 20998456.534034
0.043000, 21498343.642450
0.044000, 21998225.376280
0.045000, 22498101.610554
0.046000, 22997972.220302
0.047000, 23497837.080558
0.048000, 23997696.066354
0.049000, 24497549.052727
0.050000, 24997395.914712
0.051000, 25497236.527349
0.052000, 25997070.765677
0.053000, 26496898.504737
0.054000, 26996719.619572
0.055000, 27496533.985228
0.056000, 27996341.476750
0.057000, 28496141.969188
0.058000, 28995935.337589
0.059000, 29495721.457008
0.060000, 29995500.202496
0.061000, 30495271.449109
0.062000, 30995035.071904
0.063000, 31494790.945941
0.064000, 31994538.946280
0.065000, 32494278.947985
0.066000, 32994010.826120
0.067000, 33493734.455752
0.068000, 33993449.711951
0.069000, 34493156.469788
0.070000, 34992854.604336
0.071000, 35492543.990671
0.072000, 35992224.503869
0.073000, 36491896.019012
0.074000, 36991558.411181
0.075000, 37491211.555460
0.076000, 37990855.326937
0.077000, 38490489.600700
0.078000, 38990114.251841
0.079000, 39489729.155454
0.080000, 39989334.186634
0.081000, 40488929.220481
0.082000, 40988514.132096
0.083000, 41488088.796583
0.084000, 41987653.089048
0.085000, 42487206.884600
0.086000, 42986750.058350
0.087000, 43486282.485413
0.088000, 43985804.040905
0.089000, 44485314.599947
0.090000, 44984814.037660
0.091000, 45484302.229170
0.092000, 45983779.049605
0.093000, 46483244.374095
0.094000, 46982698.077775
0.095000, 47482140.035780
0.096000, 47981570.123250
0.097000, 48480988.215328
0.098000, 48980394.187159
0.099000, 49479787.913892
0.100000, 49979169.270678
0.101000, 50478538.132672
0.102000, 50977894.375032
0.103000, 51477237.872919
0.104000, 51976568.501496
0.105000, 52475886.135932
0.106000, 52975190.651396
0.107000, 53474481.923063
0.108000, 53973759.826110
0.109000, 54473024.235717
0.110000, 54972275.027068
0.111000, 55471512.075350
0.112000, 55970735.255755
0.113000, 56469944.443477
0.114000, 56969139.513713
0.115000, 57468320.341664
0.116000, 57967486.802535
0.117000, 58466638.771535
0.118000, 58965776.123875
0.119000, 59464898.734772
0.120000, 59964006.479445
0.121000, 60463099.233116
0.122000, 60962176.871012
0.123000, 61461239.268365
0.124000, 61960286.300408
0.125000, 62459317.842380
0.126000, 62958333.769523
0.127000, 63457333.957083
0.128000, 63956318.280309
0.129000, 64455286.614457
0.130000, 64954238.834783
0.131000, 65453174.816549
0.132000, 65952094.435022
0.133000, 66450997.565472
0.134000, 66949884.083173
0.135000, 67448753.863404
0.136000, 67947606.781446
0.137000, 68446442.712587
0.138000, 68945261.532117
0.139000, 69444063.115333
0.140000, 69942847.337533
0.141000, 70441614.074021
0.142000, 70940363.200107
0.143000, 71439094.591102
0.144000, 71937808.122324
0.145000, 72436503.669094
0.146000, 72935181.106738
0.147000, 73433840.310588
0.148000, 73932481.155978
0.149000, 74431103.518248
0.150000, 74929707.272742
0.151000, 75428292.294810
0.152000, 75926858.459806
0.153000, 76425405.643087
0.154000, 76923933.720017
0.155000, 77422442.565965
0.156000, 77920932.056301
0.157000, 78419402.066406
0.158000, 78917852.471660
0.159000, 79416283.147452
0.160000, 79914693.969173
0.161000, 80413084.812221
0.162000, 80911455.551998
0.163000, 81409806.063912
0.164000, 81908136.223375
0.165000, 82406445.905804
0.166000, 82904734.986622
0.167000, 83403003.341256
0.168000, 83901250.845141
0.169000, 84399477.373713
0.170000, 84897682.802416
0.171000, 85395867.006699
0.172000, 85894029.862016
0.173000, 86392171.243825
0.174000, 86890291.027592
0.175000, 87388389.088787
0.176000, 87886465.302885
0.177000, 88384519.545368
0.178000, 88882551.691720
0.179000, 89380561.617436
0.180000, 89878549.198011
0.181000, 90376514.308950
0.182000, 90874456.825760
0.183000, 91372376.623957
0.184000, 91870273.579060
0.185000, 92368147.566595
0.186000, 92865998.462094
0.187000, 93363826.141093
0.188000, 93861630.479137
0.189000, 94359411.351773
0.190000, 94857168.634557
0.191000, 95354902.203050
0.192000, 95852611.932817
0.193000, 96350297.699432
0.194000, 96847959.378473
0.195000, 97345596.845524
0.196000, 97843209.976177
0.197000, 98340798.646028
0.198000, 98838362.730680
0.199000, 99335902.105742
0.200000, 99833416.646828
0.201000, 100330906.229561
0.202000, 100828370.729568
0.203000, 101325810.022483
0.204000, 101823223.983946
0.205000, 102320612.489603
0.206000, 102817975.415108
0.207000, 103315312.636119
0.208000, 103812624.028303
0.209000, 104309909.467331
0.210000, 104807168.828882
0.211000, 105304401.988642
0.212000, 105801608.822302
0.213000, 106298789.205560
0.214000, 106795943.014122
0.215000, 107293070.123698
0.216000, 107790170.410007
0.217000, 108287243.748775
0.218000, 108784290.015732
0.219000, 109281309.086617
0.220000, 109778300.837175
0.221000, 110275265.143158
0.222000, 110772201.880326
0.223000, 111269110.924444
0.224000, 111765992.151285
0.225000, 112262845.436629
0.226000, 112759670.656261
0.227000, 113256467.685977
0.228000, 113753236.401576
0.229000, 114249976.678867
0.230000, 114746688.393664
0.231000, 115243371.421789
0.232000, 115740025.639073
0.233000, 116236650.921350
0.234000, 116733247.144466
0.235000, 117229814.184270
0.236000, 117726351.916621
0.237000, 118222860.217385
0.238000, 118719338.962435
0.239000, 119215788.027650
0.240000, 119712207.288919
0.241000, 120208596.622137
0.242000, 120704955.903206
0.243000, 121201285.008037
0.244000, 121697583.812548
0.245000, 122193852.192663
0.246000, 122690090.024315
0.247000, 123186297.183446
0.248000, 123682473.546003
0.249000, 124178618.987942
0.250000, 124674733.385228
0.251000, 125170816.613830
0.252000, 125666868.549729
0.253000, 126162889.068912
0.254000, 126658878.047373
0.255000, 127154835.361115
0.256000, 127650760.886149
0.257000, 128146654.498493
0.258000, 128642516.074174
0.259000, 129138345.489228
0.260000, 129634142.619695
0.261000, 130129907.341627
0.262000, 130625639.531083
0.263000, 131121339.064130
0.264000, 131617005.816843
0.265000, 132112639.665306
0.266000, 132608240.485608
0.267000, 133103808.153852
0.268000, 133599342.546144
0.269000, 134094843.538601
0.270000, 134590311.007348
0.271000, 135085744.828518
0.272000, 135581144.878253
0.273000, 136076511.032702
0.274000, 136571843.168024
0.275000, 137067141.160385
0.276000, 137562404.885963
0.277000, 138057634.220939
0.278000, 138552829.041508
0.279000, 139047989.223871
0.280000, 139543114.644237
0.281000, 140038205.178824
0.282000, 140533260.703862
0.283000, 141028281.095584
0.284000, 141523266.230238
0.285000, 142018215.984075
0.286000, 142513130.233359
0.287000, 143008008.854362
0.288000, 143502851.723363
0.289000, 143997658.716652
0.290000, 144492429.710526
0.291000, 144987164.581295
0.292000, 145481863.205272
0.293000, 145976525.458785
0.294000, 146471151.218167
0.295000, 146965740.359762
0.296000, 147460292.759923
0.297000, 147954808.295011
0.298000, 148449286.841398
0.299000, 148943728.275464
0.300000, 149438132.473599
0.301000, 149932499.312202
0.302000, 150426828.667680
0.303000, 150921120.416452
0.304000, 151415374.434945
0.305000, 151909590.599595
0.306000, 152403768.786848
0.307000, 152897908.873159
0.308000, 153392010.734995
0.309000, 153886074.248828
0.310000, 154380099.291143
0.311000, 154874085.738435
0.312000, 155368033.467206
0.313000, 155861942.353969
0.314000, 156355812.275248
0.315000, 156849643.107574
0.316000, 157343434.727490
0.317000, 157837187.011549
0.318000, 158330899.836312
0.319000, 158824573.078350
0.320000, 159318206.614246
0.321000, 159811800.320591
0.322000, 160305354.073987
0.323000, 160798867.751045
0.324000, 161292341.228387
0.325000, 161785774.382645
0.326000, 162279167.090460
0.327000, 162772519.228484
0.328000, 163265830.673379
0.329000, 163759101.301817
0.330000, 164252330.990481
0.331000, 164745519.616063
0.332000, 165238667.055266
0.333000, 165731773.184803
0.334000, 166224837.881397
0.335000, 166717861.021783
0.336000, 167210842.482704
0.337000, 167703782.140916
0.338000, 168196679.873183
0.339000, 168689535.556281
0.340000, 169182349.066996
0.341000, 169675120.282125
0.342000, 170167849.078474
0.343000, 170660535.332862
0.344000, 171153178.922117
0.345000, 171645779.723078
0.346000, 172138337.612595
0.347000, 172630852.467529
0.348000, 173123324.164751
0.349000, 173615752.581142
0.350000, 174108137.593596
0.351000, 174600479.079017
0.352000, 175092776.914318
0.353000, 175585030.976427
0.354000, 176077241.142278
0.355000, 176569407.288820
0.356000, 177061529.293012
0.357000, 177553607.031822
0.358000, 178045640.382231
0.359000, 178537629.221231
0.360000, 179029573.425824
0.361000, 179521472.873025
0.362000, 180013327.439859
0.363000, 180505137.003362
0.364000, 180996901.440582
0.365000, 181488620.628577
0.366000, 181980294.444418
0.367000, 182471922.765186
0.368000, 182963505.467975
0.369000, 183455042.429888
0.370000, 183946533.528041
0.371000, 184437978.639562
0.372000, 184929377.641590
0.373000, 185420730.411274
0.374000, 185912036.825776
0.375000, 186403296.762270
0.376000, 186894510.097941
0.377000, 187385676.709985
0.378000, 187876796.475611
0.379000, 188367869.272039
0.380000, 188858894.976501
0.381000, 189349873.466239
0.382000, 189840804.618511
0.383000, 190331688.310582
0.384000, 190822524.419732
0.385000, 191313312.823252
0.386000, 191804053.398445
0.387000, 192294746.022626
0.388000, 192785390.573121
0.389000, 193275986.927269
0.390000, 193766534.962422
0.391000, 194257034.555942
0.392000, 194747485.585204
0.393000, 195237887.927596
0.394000, 195728241.460517
0.395000, 196218546.061379
0.396000, 196708801.607605
0.397000, 197199007.976632
0.398000, 197689165.045907
0.399000, 198179272.692893
0.400000, 198669330.795061
0.401000, 199159339.229898
0.402000, 199649297.874901
0.403000, 200139206.607580
0.404000, 200629065.305459
0.405000, 201118873.846073
0.406000, 201608632.106969
0.407000, 202098339.965709
0.408000, 202587997.299864
0.409000, 203077603.987021
0.410000, 203567159.904778
0.411000, 204056664.930746
0.412000, 204546118.942549
0.413000, 205035521.817824
0.414000, 205524873.434219
0.415000, 206014173.669396
0.416000, 206503422.401032
0.417000, 206992619.506812
0.418000, 207481764.864439
0.419000, 207970858.351626
0.420000, 208459899.846100
0.421000, 208948889.225599
0.422000, 209437826.367877
0.423000, 209926711.150700
0.424000, 210415543.451846
0.425000, 210904323.149108
0.426000, 211393050.120289
0.427000, 211881724.243209
0.428000, 212370345.395700
0.429000, 212858913.455605
0.430000, 213347428.300782
0.431000, 213835889.809104
0.432000, 214324297.858454
0.433000, 214812652.326732
0.434000, 215300953.091847
0.435000, 215789200.031725
0.436000, 216277393.024304
0.437000, 216765531.947536
0.438000, 217253616.679386
0.439000, 217741647.097833
0.440000, 218229623.080869
0.441000, 218717544.506501
0.442000, 219205411.252748
0.443000, 219693223.197643
0.444000, 220180980.219234
0.445000, 220668682.195580
0.446000, 221156329.004757
0.447000, 221643920.524853
0.448000, 222131456.633970
0.449000, 222618937.210224
0.450000, 223106362.131745
0.451000, 223593731.276677
0.452000, 224081044.523177
0.453000, 224568301.749417
0.454000, 225055502.833583
0.455000, 225542647.653874
0.456000, 226029736.088504
0.457000, 226516768.015702
0.458000, 227003743.313708
0.459000, 227490661.860781
0.460000, 227977523.535188
0.461000, 228464328.215217
0.462000, 228951075.779164
0.463000, 229437766.105343
0.464000, 229924399.072082
0.465000, 230410974.557723
0.466000, 230897492.440621
0.467000, 231383952.599147
0.468000, 231870354.911687
0.469000, 232356699.256639
0.470000, 232842985.512417
0.471000, 233329213.557450
0.472000, 233815383.270181
0.473000, 234301494.529067
0.474000, 234787547.212581
0.475000, 235273541.199209
0.476000, 235759476.367453
0.477000, 236245352.595830
0.478000, 236731169.762869
0.479000, 237216927.747117
0.480000, 237702626.427135
0.481000, 238188265.681497
0.482000, 238673845.388794
0.483000, 239159365.427631
0.484000, 239644825.676627
0.485000, 240130226.014419
0.486000, 240615566.319655
0.487000, 241100846.471001
0.488000, 241586066.347137
0.489000, 242071225.826757
0.490000, 242556324.788572
0.491000, 243041363.111307
0.492000, 243526340.673703
0.493000, 244011257.354515
0.494000, 244496113.032513
0.495000, 244980907.586485
0.496000, 245465640.895231
0.497000, 245950312.837568
0.498000, 246434923.292328
0.499000, 246919472.138359
0.500000, 247403959.254523
0.501000, 247888384.519698
0.502000, 248372747.812779
0.503000, 248857049.012674
0.504000, 249341287.998308
0.505000, 249825464.648621
0.506000, 250309578.842569
0.507000, 250793630.459124
0.508000, 251277619.377273
0.509000, 251761545.476018
0.510000, 252245408.634378
0.511000, 252729208.731387
0.512000, 253212945.646096
0.513000, 253696619.257569
0.514000, 254180229.444889
0.515000, 254663776.087152
0.516000, 255147259.063473
0.517000, 255630678.252981
0.518000, 256114033.534820
0.519000, 256597324.788153
0.520000, 257080551.892155
0.521000, 257563714.726021
0.522000, 258046813.168959
0.523000, 258529847.100196
0.524000, 259012816.398972
0.525000, 259495720.944545
0.526000, 259978560.616190
0.527000, 260461335.293195
0.528000, 260944044.854869
0.529000, 261426689.180532
0.530000, 261909268.149524
0.531000, 262391781.641201
0.532000, 262874229.534934
0.533000, 263356611.710111
0.534000, 263838928.046136
0.535000, 264321178.422430
0.536000, 264803362.718431
0.537000, 265285480.813593
0.538000, 265767532.587386
0.539000, 266249517.919298
0.540000, 266731436.688831
0.541000, 267213288.775507
0.542000, 267695074.058861
0.543000, 268176792.418449
0.544000, 268658443.733840
0.545000, 269140027.884621
0.546000, 269621544.750397
0.547000, 270102994.210788
0.548000, 270584376.145432
0.549000, 271065690.433983
0.550000, 271546936.956113
0.551000, 272028115.591510
0.552000, 272509226.219880
0.553000, 272990268.720944
0.554000, 273471242.974443
0.555000, 273952148.860133
0.556000, 274432986.257786
0.557000, 274913755.047195
0.558000, 275394455.108166
0.559000, 275875086.320525
0.560000, 276355648.564114
0.561000, 276836141.718792
0.562000, 277316565.664436
0.563000, 277796920.280940
0.564000, 278277205.448215
0.565000, 278757421.046191
0.566000, 279237566.954813
0.567000, 279717643.054044
0.568000, 280197649.223866
0.569000, 280677585.344278
0.570000, 281157451.295294
0.571000, 281637246.956949
0.572000, 282116972.209294
0.573000, 282596626.932397
0.574000, 283076211.006345
0.575000, 283555724.311242
0.576000, 284035166.727209
0.577000, 284514538.134386
0.578000, 284993838.412929
0.579000, 285473067.443015
0.580000, 285952225.104836
0.581000, 286431311.278601
0.582000, 286910325.844540
0.583000, 287389268.682899
0.584000, 287868139.673943
0.585000, 288346938.697953
0.586000, 288825665.635230
0.587000, 289304320.366092
0.588000, 289782902.770876
0.589000, 290261412.729935
0.590000, 290739850.123643
0.591000, 291218214.832389
0.592000, 291696506.736584
0.593000, 292174725.716653
0.594000, 292652871.653042
0.595000, 293130944.426215
0.596000, 293608943.916654
0.597000, 294086870.004858
0.598000, 294564722.571346
0.599000, 295042501.496655
0.600000, 295520206.661340
0.601000, 295997837.945974
0.602000, 296475395.231151
0.603000, 296952878.397481
0.604000, 297430287.325593
0.605000, 297907621.896134
0.606000, 298384881.989772
0.607000, 298862067.487190
0.608000, 299339178.269093
0.609000, 299816214.216203
0.610000, 300293175.209262
0.611000, 300770061.129027
0.612000, 301246871.856280
0.613000, 301723607.271816
0.614000, 302200267.256451
0.615000, 302676851.691021
0.616000, 303153360.456380
0.617000, 303629793.433401
0.618000, 304106150.502975
0.619000, 304582431.546012
0.620000, 305058636.443443
0.621000, 305534765.076217
0.622000, 306010817.325301
0.623000, 306486793.071683
0.624000, 306962692.196368
0.625000, 307438514.580381
0.626000, 307914260.104767
0.627000, 308389928.650590
0.628000, 308865520.098932
0.629000, 309341034.330896
0.630000, 309816471.227603
0.631000, 310291830.670193
0.632000, 310767112.539828
0.633000, 311242316.717686
0.634000, 311717443.084967
0.635000, 312192491.522888
0.636000, 312667461.912688
0.637000, 313142354.135625
0.638000, 313617168.072974
0.639000, 314091903.606033
0.640000, 314566560.616118
0.641000, 315041138.984564
0.642000, 315515638.592727
0.643000, 315990059.321982
0.644000, 316464401.053724
0.645000, 316938663.669367
0.646000, 317412847.050346
0.647000, 317886951.078115
0.648000, 318360975.634148
0.649000, 318834920.599939
0.650000, 319308785.857001
0.651000, 319782571.286868
0.652000, 320256276.771094
0.653000, 320729902.191253
0.654000, 321203447.428938
0.655000, 321676912.365762
0.656000, 322150296.883360
0.657000, 322623600.863386
0.658000, 323096824.187513
0.659000, 323569966.737436
0.660000, 324043028.394868
0.661000, 324516009.041546
0.662000, 324988908.559222
0.663000, 325461726.829674
0.664000, 325934463.734695
0.665000, 326407119.156102
0.666000, 326879692.975731
0.667000, 327352185.075438
0.668000, 327824595.337101
0.669000, 328296923.642617
0.670000, 328769169.873903
0.671000, 329241333.912899
0.672000, 329713415.641563
0.673000, 330185414.941875
0.674000, 330657331.695834
0.675000, 331129165.785463
0.676000, 331600917.092802
0.677000, 332072585.499913
0.678000, 332544170.888880
0.679000, 333015673.141805
0.680000, 333487092.140814
0.681000, 333958427.768052
0.682000, 334429679.905685
0.683000, 334900848.435899
0.684000, 335371933.240903
0.685000, 335842934.202926
0.686000, 336313851.204216
0.687000, 336784684.127046
0.688000, 337255432.853706
0.689000, 337726097.266510
0.690000, 338196677.247791
0.691000, 338667172.679905
0.692000, 339137583.445227
0.693000, 339607909.426156
0.694000, 340078150.505108
0.695000, 340548306.564525
0.696000, 341018377.486867
0.697000, 341488363.154616
0.698000, 341958263.450277
0.699000, 342428078.256373
0.700000, 342897807.455451
0.701000, 343367450.930080
0.702000, 343837008.562847
0.703000, 344306480.236364
0.704000, 344775865.833263
0.705000, 345245165.236197
0.706000, 345714378.327842
0.707000, 346183504.990894
0.708000, 346652545.108071
0.709000, 347121498.562114
0.710000, 347590365.235784
0.711000, 348059145.011865
0.712000, 348527837.773161
0.713000, 348996443.402500
0.714000, 349464961.782729
0.715000, 349933392.796720
0.716000, 350401736.327365
0.717000, 350869992.257577
0.718000, 351338160.470293
0.719000, 351806240.848471
0.720000, 352274233.275090
0.721000, 352742137.633153
0.722000, 353209953.805683
0.723000, 353677681.675727
0.724000, 354145321.126352
0.725000, 354612872.040649
0.726000, 355080334.301729
0.727000, 355547707.792728
0.728000, 356014992.396802
0.729000, 356482187.997129
0.730000, 356949294.476911
0.731000, 357416311.719372
0.732000, 357883239.607756
0.733000, 358350078.025333
0.734000, 358816826.855392
0.735000, 359283485.981246
0.736000, 359750055.286230
0.737000, 360216534.653702
0.738000, 360682923.967043
0.739000, 361149223.109654
0.740000, 361615431.964962
0.741000, 362081550.416413
0.742000, 362547578.347479
0.743000, 363013515.641652
0.744000, 363479362.182448
0.745000, 363945117.853406
0.746000, 364410782.538086
0.747000, 364876356.120072
0.748000, 365341838.482971
0.749000, 365807229.510412
0.750000, 366272529.086048
0.751000, 366737737.093553
0.752000, 367202853.416626
0.753000, 367667877.938988
0.754000, 368132810.544382
0.755000, 368597651.116575
0.756000, 369062399.539357
0.757000, 369527055.696542
0.758000, 369991619.471964
0.759000, 370456090.749484
0.760000, 370920469.412983
0.761000, 371384755.346366
0.762000, 371848948.433563
0.763000, 372313048.558524
0.764000, 372777055.605225
0.765000, 373240969.457664
0.766000, 373704789.999863
0.767000, 374168517.115866
0.768000, 374632150.689742
0.769000, 375095690.605582
0.770000, 375559136.747501
0.771000, 376022488.999638
0.772000, 376485747.246155
0.773000, 376948911.371237
0.774000, 377411981.259093
0.775000, 377874956.793956
0.776000, 378337837.860082
0.777000, 378800624.341750
0.778000, 379263316.123264
0.779000, 379725913.088951
0.780000, 380188415.123161
0.781000, 380650822.110270
0.782000, 381113133.934676
0.783000, 381575350.480799
0.784000, 382037471.633087
0.785000, 382499497.276010
0.786000, 382961427.294060
0.787000, 383423261.571755
0.788000, 383884999.993636
0.789000, 384346642.444270
0.790000, 384808188.808245
0.791000, 385269638.970175
0.792000, 385730992.814697
0.793000, 386192250.226473
0.794000, 386653411.090188
0.795000, 387114475.290553
0.796000, 387575442.712301
0.797000, 388036313.240190
0.798000, 388497086.759003
0.799000, 388957763.153546
0.800000, 389418342.308650
0.801000, 389878824.109171
0.802000, 390339208.439988
0.803000, 390799495.186005
0.804000, 391259684.232150
0.805000, 391719775.463376
0.806000, 392179768.764660
0.807000, 392639664.021005
0.808000, 393099461.117435
0.809000, 393559159.939002
0.810000, 394018760.370780
0.811000, 394478262.297871
0.812000, 394937665.605399
0.813000, 395396970.178512
0.814000, 395856175.902384
0.815000, 396315282.662215
0.816000, 396774290.343227
0.817000, 397233198.830669
0.818000, 397692008.009812
0.819000, 398150717.765956
0.820000, 398609327.984423
0.821000, 399067838.550560
0.822000, 399526249.349739
0.823000, 399984560.267358
0.824000, 400442771.188838
0.825000, 400900881.999629
0.826000, 401358892.585200
0.827000, 401816802.831051
0.828000, 402274612.622703
0.829000, 402732321.845704
0.830000, 403189930.385627
0.831000, 403647438.128069
0.832000, 404104844.958654
0.833000, 404562150.763029
0.834000, 405019355.426869
0.835000, 405476458.835872
0.836000, 405933460.875763
0.837000, 406390361.432291
0.838000, 406847160.391230
0.839000, 407303857.638381
0.840000, 407760453.059570
0.841000, 408216946.540648
0.842000, 408673337.967492
0.843000, 409129627.226003
0.844000, 409585814.202109
0.845000, 410041898.781764
0.846000, 410497880.850946
0.847000, 410953760.295660
0.848000, 411409537.001937
0.849000, 411865210.855831
0.850000, 412320781.743425
0.851000, 412776249.550825
0.852000, 413231614.164165
0.853000, 413686875.469604
0.854000, 414142033.353326
0.855000, 414597087.701542
0.856000, 415052038.400488
0.857000, 415506885.336427
0.858000, 415961628.395646
0.859000, 416416267.464461
0.860000, 416870802.429211
0.861000, 417325233.176262
0.862000, 417779559.592008
0.863000, 418233781.562865
0.864000, 418687898.975279
0.865000, 419141911.715721
0.866000, 419595819.670687
0.867000, 420049622.726701
0.868000, 420503320.770311
0.869000, 420956913.688092
0.870000, 421410401.366648
0.871000, 421863783.692605
0.872000, 422317060.552619
0.873000, 422770231.833370
0.874000, 423223297.421565
0.875000, 423676257.203938
0.876000, 424129111.067249
0.877000, 424581858.898284
0.878000, 425034500.583857
0.879000, 425487036.010807
0.880000, 425939465.066000
0.881000, 426391787.636329
0.882000, 426844003.608713
0.883000, 427296112.870098
0.884000, 427748115.307458
0.885000, 428200010.807791
0.886000, 428651799.258124
0.887000, 429103480.545509
0.888000, 429555054.557026
0.889000, 430006521.179781
0.890000, 430457880.300909
0.891000, 430909131.807569
0.892000, 431360275.586948
0.893000, 431811311.526260
0.894000, 432262239.512747
0.895000, 432713059.433676
0.896000, 433163771.176343
0.897000, 433614374.628069
0.898000, 434064869.676203
0.899000, 434515256.208123
0.900000, 434965534.111230
0.901000, 435415703.272957
0.902000, 435865763.580759
0.903000, 436315714.922124
0.904000, 436765557.184561
0.905000, 437215290.255612
0.906000, 437664914.022843
0.907000, 438114428.373847
0.908000, 438563833.196246
0.909000, 439013128.377690
0.910000, 439462313.805853
0.911000, 439911389.368441
0.912000, 440360354.953183
0.913000, 440809210.447839
0.914000, 441257955.740195
0.915000, 441706590.718064
0.916000, 442155115.269287
0.917000, 442603529.281734
0.918000, 443051832.643301
0.919000, 443500025.241913
0.920000, 443948106.965520
0.921000, 444396077.702103
0.922000, 444843937.339668
0.923000, 445291685.766252
0.924000, 445739322.869916
0.925000, 446186848.538753
0.926000, 446634262.660879
0.927000, 447081565.124442
0.928000, 447528755.817616
0.929000, 447975834.628603
0.930000, 448422801.445634
0.931000, 448869656.156968
0.932000, 449316398.650889
0.933000, 449763028.815713
0.934000, 450209546.539782
0.935000, 450655951.711467
0.936000, 451102244.219166
0.937000, 451548423.951307
0.938000, 451994490.796344
0.939000, 452440444.642761
0.940000, 452886285.379068
0.941000, 453332012.893807
0.942000, 453777627.075545
0.943000, 454223127.812879
0.944000, 454668514.994433
0.945000, 455113788.508860
0.946000, 455558948.244843
0.947000, 456003994.091091
0.948000, 456448925.936343
0.949000, 456893743.669366
0.950000, 457338447.178955
0.951000, 457783036.353935
0.952000, 458227511.083159
0.953000, 458671871.255507
0.954000, 459116116.759889
0.955000, 459560247.485245
0.956000, 460004263.320541
0.957000, 460448164.154774
0.958000, 460891949.876968
0.959000, 461335620.376177
0.960000, 461779175.541483
0.961000, 462222615.261998
0.962000, 462665939.426861
0.963000, 463109147.925242
0.964000, 463552240.646339
0.965000, 463995217.479377
0.966000, 464438078.313614
0.967000, 464880823.038334
0.968000, 465323451.542850
0.969000, 465765963.716506
0.970000, 466208359.448673
0.971000, 466650638.628753
0.972000, 467092801.146175
0.973000, 467534846.890400
0.974000, 467976775.750915
0.975000, 468418587.617239
0.976000, 468860282.378919
0.977000, 469301859.925530
0.978000, 469743320.146679
0.979000, 470184662.932000
0.980000, 470625888.171158
0.981000, 471066995.753846
0.982000, 471507985.569788
0.983000, 471948857.508736
0.984000, 472389611.460472
0.985000, 472830247.314808
0.986000, 473270764.961584
0.987000, 473711164.290671
0.988000, 474151445.191970
0.989000, 474591607.555410
0.990000, 475031651.270951
0.991000, 475471576.228581
0.992000, 475911382.318320
0.993000, 476351069.430215
0.994000, 476790637.454346
0.995000, 477230086.280820
0.996000, 477669415.799775
0.997000, 478108625.901378
0.998000, 478547716.475827
0.999000, 478986687.413350
1.000000, 479425538.604203
1.001000, 479864269.938674
1.002000, 480302881.307080
1.003000, 480741372.599769
1.004000, 481179743.707116
1.005000, 481617994.519531
1.006000, 482056124.927449
1.007000, 482494134.821338
1.008000, 482932024.091696
1.009000, 483369792.629051
1.010000, 483807440.323960
1.011000, 484244967.067012
1.012000, 484682372.748824
1.013000, 485119657.260046
1.014000, 485556820.491355
1.015000, 485993862.333463
1.016000, 486430782.677107
1.017000, 486867581.413058
1.018000, 487304258.432116
1.019000, 487740813.625112
1.020000, 488177246.882907
1.021000, 488613558.096394
1.022000, 489049747.156493
1.023000, 489485813.954158
1.024000, 489921758.380372
1.025000, 490357580.326149
1.026000, 490793279.682533
1.027000, 491228856.340600
1.028000, 491664310.191455
1.029000, 492099641.126236
1.030000, 492534849.036109
1.031000, 492969933.812272
1.032000, 493404895.345954
1.033000, 493839733.528415
1.034000, 494274448.250945
1.035000, 494709039.404866
1.036000, 495143506.881529
1.037000, 495577850.572318
1.038000, 496012070.368647
1.039000, 496446166.161962
1.040000, 496880137.843737
1.041000, 497313985.305480
1.042000, 497747708.438730
1.043000, 498181307.135055
1.044000, 498614781.286056
1.045000, 499048130.783364
1.046000, 499481355.518642
1.047000, 499914455.383584
1.048000, 500347430.269914
1.049000, 500780280.069390
1.050000, 501213004.673798
1.051000, 501645603.974958
1.052000, 502078077.864719
1.053000, 502510426.234963
1.054000, 502942648.977604
1.055000, 503374745.984584
1.056000, 503806717.147881
1.057000, 504238562.359501
1.058000, 504670281.511484
1.059000, 505101874.495898
1.060000, 505533341.204847
1.061000, 505964681.530463
1.062000, 506395895.364911
1.063000, 506826982.600388
1.064000, 507257943.129122
1.065000, 507688776.843373
1.066000, 508119483.635432
1.067000, 508550063.397623
1.068000, 508980516.022301
1.069000, 509410841.401852
1.070000, 509841039.428696
1.071000, 510271109.995282
1.072000, 510701052.994094
1.073000, 511130868.317645
1.074000, 511560555.858482
1.075000, 511990115.509182
1.076000, 512419547.162356
1.077000, 512848850.710646
1.078000, 513278026.046726
1.079000, 513707073.063302
1.080000, 514135991.653113
1.081000, 514564781.708929
1.082000, 514993443.123551
1.083000, 515421975.789816
1.084000, 515850379.600589
1.085000, 516278654.448770
1.086000, 516706800.227290
1.087000, 517134816.829113
1.088000, 517562704.147234
1.089000, 517990462.074682
1.090000, 518418090.504517
1.091000, 518845589.329832
1.092000, 519272958.443753
1.093000, 519700197.739436
1.094000, 520127307.110073
1.095000, 520554286.448886
1.096000, 520981135.649130
1.097000, 521407854.604093
1.098000, 521834443.207094
1.099000, 522260901.351488
1.100000, 522687228.930659
1.101000, 523113425.838026
1.102000, 523539491.967039
1.103000, 523965427.211181
1.104000, 524391231.463970
1.105000, 524816904.618953
1.106000, 525242446.569713
1.107000, 525667857.209864
1.108000, 526093136.433053
1.109000, 526518284.132962
1.110000, 526943300.203301
1.111000, 527368184.537819
1.112000, 527792937.030293
1.113000, 528217557.574536
1.114000, 528642046.064392
1.115000, 529066402.393739
1.116000, 529490626.456488
1.117000, 529914718.146584
1.118000, 530338677.358002
1.119000, 530762503.984754
1.120000, 531186197.920883
1.121000, 531609759.060466
1.122000, 532033187.297611
1.123000, 532456482.526462
1.124000, 532879644.641195
1.125000, 533302673.536020
1.126000, 533725569.105180
1.127000, 534148331.242949
1.128000, 534570959.843639
1.129000, 534993454.801592
1.130000, 535415816.011183
1.131000, 535838043.366824
1.132000, 536260136.762956
1.133000, 536682096.094057
1.134000, 537103921.254637
1.135000, 537525612.139239
1.136000, 537947168.642441
1.137000, 538368590.658854
1.138000, 538789878.083122
1.139000, 539211030.809923
1.140000, 539632048.733969
1.141000, 540052931.750006
1.142000, 540473679.752813
1.143000, 540894292.637203
1.144000, 541314770.298022
1.145000, 541735112.630151
1.146000, 542155319.528505
1.147000, 542575390.888032
1.148000, 542995326.603715
1.149000, 543415126.570568
1.150000, 543834790.683643
1.151000, 544254318.838022
1.152000, 544673710.928825
1.153000, 545092966.851203
1.154000, 545512086.500342
1.155000, 545931069.771463
1.156000, 546349916.559818
1.157000, 546768626.760698
1.158000, 547187200.269423
1.159000, 547605636.981352
1.160000, 548023936.791874
1.161000, 548442099.596414
1.162000, 548860125.290433
1.163000, 549278013.769423
1.164000, 549695764.928913
1.165000, 550113378.664464
1.166000, 550530854.871673
1.167000, 550948193.446171
1.168000, 551365394.283625
1.169000, 551782457.279732
1.170000, 552199382.330228
1.171000, 552616169.330881
1.172000, 553032818.177495
1.173000, 553449328.765907
1.174000, 553865700.991989
1.175000, 554281934.751650
1.176000, 554698029.940829
1.177000, 555113986.455504
1.178000, 555529804.191685
1.179000, 555945483.045419
1.180000, 556361022.912784
1.181000, 556776423.689896
1.182000, 557191685.272905
1.183000, 557606807.557997
1.184000, 558021790.441389
1.185000, 558436633.819336
1.186000, 558851337.588127
1.187000, 559265901.644088
1.188000, 559680325.883576
1.189000, 560094610.202985
1.190000, 560508754.498744
1.191000, 560922758.667318
1.192000, 561336622.605205
1.193000, 561750346.208940
1.194000, 562163929.375090
1.195000, 562577372.000262
1.196000, 562990673.981093
1.197000, 563403835.214259
1.198000, 563816855.596468
1.199000, 564229735.024467
1.200000, 564642473.395036
1.201000, 565055070.604988
1.202000, 565467526.551176
1.203000, 565879841.130485
1.204000, 566292014.239837
1.205000, 566704045.776188
1.206000, 567115935.636531
1.207000, 567527683.717893
1.208000, 567939289.917337
1.209000, 568350754.131961
1.210000, 568762076.258900
1.211000, 569173256.195323
1.212000, 569584293.838434
1.213000, 569995189.085475
1.214000, 570405941.833722
1.215000, 570816551.980487
1.216000, 571227019.423116
1.217000, 571637344.058993
1.218000, 572047525.785538
1.219000, 572457564.500204
1.220000, 572867460.100481
1.221000, 573277212.483897
1.222000, 573686821.548012
1.223000, 574096287.190426
1.224000, 574505609.308770
1.225000, 574914787.800715
1.226000, 575323822.563966
1.227000, 575732713.496265
1.228000, 576141460.495388
1.229000, 576550063.459149
1.230000, 576958522.285397
1.231000, 577366836.872017
1.232000, 577775007.116932
1.233000, 578183032.918097
1.234000, 578590914.173507
1.235000, 578998650.781192
1.236000, 579406242.639217
1.237000, 579813689.645685
1.238000, 580220991.698733
1.239000, 580628148.696536
1.240000, 581035160.537305
1.241000, 581442027.119287
1.242000, 581848748.340765
1.243000, 582255324.100059
1.244000, 582661754.295525
1.245000, 583068038.825556
1.246000, 583474177.588580
1.247000, 583880170.483062
1.248000, 584286017.407505
1.249000, 584691718.260447
1.250000, 585097272.940462
1.251000, 585502681.346162
1.252000, 585907943.376195
1.253000, 586313058.929245
1.254000, 586718027.904033
1.255000, 587122850.199317
1.256000, 587527525.713892
1.257000, 587932054.346588
1.258000, 588336435.996274
1.259000, 588740670.561854
1.260000, 589144757.942269
1.261000, 589548698.036499
1.262000, 589952490.743556
1.263000, 590356135.962494
1.264000, 590759633.592401
1.265000, 591162983.532403
1.266000, 591566185.681661
1.267000, 591969239.939377
1.268000, 592372146.204786
1.269000, 592774904.377161
1.270000, 593177514.355813
1.271000, 593579976.040089
1.272000, 593982289.329375
1.273000, 594384454.123092
1.274000, 594786470.320698
1.275000, 595188337.821689
1.276000, 595590056.525600
1.277000, 595991626.331999
1.278000, 596393047.140495
1.279000, 596794318.850731
1.280000, 597195441.362392
1.281000, 597596414.575195
1.282000, 597997238.388898
1.283000, 598397912.703294
1.284000, 598798437.418215
1.285000, 599198812.433530
1.286000, 599599037.649145
1.287000, 599999112.965004
1.288000, 600399038.281087
1.289000, 600798813.497414
1.290000, 601198438.514041
1.291000, 601597913.231061
1.292000, 601997237.548607
1.293000, 602396411.366845
1.294000, 602795434.585985
1.295000, 603194307.106268
1.296000, 603593028.827978
1.297000, 603991599.651434
1.298000, 604390019.476993
1.299000, 604788288.205051
1.300000, 605186405.736040
1.301000, 605584371.970430
1.302000, 605982186.808730
1.303000, 606379850.151487
1.304000, 606777361.899285
1.305000, 607174721.952745
1.306000, 607571930.212528
1.307000, 607968986.579331
1.308000, 608365890.953892
1.309000, 608762643.236982
1.310000, 609159243.329415
1.311000, 609555691.132040
1.312000, 609951986.545746
1.313000, 610348129.471458
1.314000, 610744119.810140
1.315000, 611139957.462797
1.316000, 611535642.330467
1.317000, 611931174.314229
1.318000, 612326553.315201
1.319000, 612721779.234538
1.320000, 613116851.973434
1.321000, 613511771.433120
1.322000, 613906537.514865
1.323000, 614301150.119980
1.324000, 614695609.149811
1.325000, 615089914.505742
1.326000, 615484066.089198
1.327000, 615878063.801641
1.328000, 616271907.544570
1.329000, 616665597.219527
1.330000, 617059132.728087
1.331000, 617452513.971867
1.332000, 617845740.852522
1.333000, 618238813.271745
1.334000, 618631731.131267
1.335000, 619024494.332860
1.336000, 619417102.778333
1.337000, 619809556.369534
1.338000, 620201855.008348
1.339000, 620593998.596702
1.340000, 620985987.036560
1.341000, 621377820.229924
1.342000, 621769498.078836
1.343000, 622161020.485377
1.344000, 622552387.351666
1.345000, 622943598.579862
1.346000, 623334654.072160
1.347000, 623725553.730799
1.348000, 624116297.458053
1.349000, 624506885.156235
1.350000, 624897316.727700
1.351000, 625287592.074838
1.352000, 625677711.100082
1.353000, 626067673.705901
1.354000, 626457479.794806
1.355000, 626847129.269343
1.356000, 627236622.032101
1.357000, 627625957.985707
1.358000, 628015137.032827
1.359000, 628404159.076166
1.360000, 628793024.018469
1.361000, 629181731.762518
1.362000, 629570282.211138
1.363000, 629958675.267191
1.364000, 630346910.833578
1.365000, 630734988.813241
1.366000, 631122909.109160
1.367000, 631510671.624355
1.368000, 631898276.261885
1.369000, 632285722.924849
1.370000, 632673011.516386
1.371000, 633060141.939674
1.372000, 633447114.097929
1.373000, 633833927.894409
1.374000, 634220583.232410
1.375000, 634607080.015269
1.376000, 634993418.146361
1.377000, 635379597.529102
1.378000, 635765618.066947
1.379000, 636151479.663391
1.380000, 636537182.221968
1.381000, 636922725.646253
1.382000, 637308109.839859
1.383000, 637693334.706442
1.384000, 638078400.149694
1.385000, 638463306.073350
1.386000, 638848052.381182
1.387000, 639232638.977005
1.388000, 639617065.764671
1.389000, 640001332.648074
1.390000, 640385439.531147
1.391000, 640769386.317864
1.392000, 641153172.912237
1.393000, 641536799.218320
1.394000, 641920265.140208
1.395000, 642303570.582032
1.396000, 642686715.447966
1.397000, 643069699.642226
1.398000, 643452523.069064
1.399000, 643835185.632774
1.400000, 644217687.237691
1.401000, 644600027.788190
1.402000, 644982207.188685
1.403000, 645364225.343632
1.404000, 645746082.157526
1.405000, 646127777.534902
1.406000, 646509311.380338
1.407000, 646890683.598449
1.408000, 647271894.093893
1.409000, 647652942.771366
1.410000, 648033829.535607
1.411000, 648414554.291394
1.412000, 648795116.943546
1.413000, 649175517.396922
1.414000, 649555755.556422
1.415000, 649935831.326987
1.416000, 650315744.613597
1.417000, 650695495.321275
1.418000, 651075083.355081
1.419000, 651454508.620121
1.420000, 651833771.021537
1.421000, 652212870.464513
1.422000, 652591806.854275
1.423000, 652970580.096089
1.424000, 653349190.095261
1.425000, 653727636.757139
1.426000, 654105919.987112
1.427000, 654484039.690607
1.428000, 654861995.773097
1.429000, 655239788.140090
1.430000, 655617416.697140
1.431000, 655994881.349840
1.432000, 656372182.003822
1.433000, 656749318.564762
1.434000, 657126290.938376
1.435000, 657503099.030421
1.436000, 657879742.746694
1.437000, 658256221.993036
1.438000, 658632536.675325
1.439000, 659008686.699483
1.440000, 659384671.971473
1.441000, 659760492.397299
1.442000, 660136147.883005
1.443000, 660511638.334677
1.444000, 660886963.658443
1.445000, 661262123.760472
1.446000, 661637118.546973
1.447000, 662011947.924198
1.448000, 662386611.798440
1.449000, 662761110.076032
1.450000, 663135442.663350
1.451000, 663509609.466810
1.452000, 663883610.392872
1.453000, 664257445.348035
1.454000, 664631114.238840
1.455000, 665004616.971869
1.456000, 665377953.453748
1.457000, 665751123.591142
1.458000, 666124127.290759
1.459000, 666496964.459347
1.460000, 666869635.003698
1.461000, 667242138.830643
1.462000, 667614475.847057
1.463000, 667986645.959856
1.464000, 668358649.075997
1.465000, 668730485.102478
1.466000, 669102153.946342
1.467000, 669473655.514671
1.468000, 669844989.714590
1.469000, 670216156.453265
1.470000, 670587155.637904
1.471000, 670957987.175757
1.472000, 671328650.974118
1.473000, 671699146.940319
1.474000, 672069474.981737
1.475000, 672439635.005789
1.476000, 672809626.919937
1.477000, 673179450.631681
1.478000, 673549106.048566
1.479000, 673918593.078178
1.480000, 674287911.628145
1.481000, 674657061.606138
1.482000, 675026042.919869
1.483000, 675394855.477093
1.484000, 675763499.185606
1.485000, 676131973.953248
1.486000, 676500279.687900
1.487000, 676868416.297486
1.488000, 677236383.689971
1.489000, 677604181.773364
1.490000, 677971810.455715
1.491000, 678339269.645117
1.492000, 678706559.249705
1.493000, 679073679.177656
1.494000, 679440629.337191
1.495000, 679807409.636573
1.496000, 680174019.984106
1.497000, 680540460.288137
1.498000, 680906730.457057
1.499000, 681272830.399297
1.500000, 681638760.023334
1.501000, 682004519.237684
1.502000, 682370107.950908
1.503000, 682735526.071609
1.504000, 683100773.508431
1.505000, 683465850.170064
1.506000, 683830755.965238
1.507000, 684195490.802726
1.508000, 684560054.591345
1.509000, 684924447.239954
1.510000, 685288668.657455
1.511000, 685652718.752792
1.512000, 686016597.434953
1.513000, 686380304.612969
1.514000, 686743840.195911
1.515000, 687107204.092898
1.516000, 687470396.213086
1.517000, 687833416.465680
1.518000, 688196264.759923
1.519000, 688558941.005103
1.520000, 688921445.110551
1.521000, 689283776.985642
1.522000, 689645936.539792
1.523000, 690007923.682462
1.524000, 690369738.323154
1.525000, 690731380.371416
1.526000, 691092849.736836
1.527000, 691454146.329047
1.528000, 691815270.057725
1.529000, 692176220.832589
1.530000, 692536998.563401
1.531000, 692897603.159968
1.532000, 693258034.532137
1.533000, 693618292.589801
1.534000, 693978377.242896
1.535000, 694338288.401400
1.536000, 694698025.975336
1.537000, 695057589.874768
1.538000, 695416980.009807
1.539000, 695776196.290605
1.540000, 696135238.627357
1.541000, 696494106.930303
1.542000, 696852801.109726
1.543000, 697211321.075952
1.544000, 697569666.739352
1.545000, 697927838.010338
1.546000, 698285834.799369
1.547000, 698643657.016944
1.548000, 699001304.573609
1.549000, 699358777.379952
1.550000, 699716075.346604
1.551000, 700073198.384240
1.552000, 700430146.403581
1.553000, 700786919.315389
1.554000, 701143517.030470
1.555000, 701499939.459676
1.556000, 701856186.513901
1.557000, 702212258.104082
1.558000, 702568154.141203
1.559000, 702923874.536289
1.560000, 703279419.200410
1.561000, 703634788.044680
1.562000, 703989980.980257
1.563000, 704344997.918342
1.564000, 704699838.770181
1.565000, 705054503.447064
1.566000, 705408991.860325
1.567000, 705763303.921341
1.568000, 706117439.541536
1.569000, 706471398.632374
1.570000, 706825181.105366
1.571000, 707178786.872066
1.572000, 707532215.844074
1.573000, 707885467.933031
1.574000, 708238543.050625
1.575000, 708591441.108587
1.576000, 708944162.018692
1.577000, 709296705.692761
1.578000, 709649072.042657
1.579000, 710001260.980288
1.580000, 710353272.417608
1.581000, 710705106.266613
1.582000, 711056762.439346
1.583000, 711408240.847892
1.584000, 711759541.404381
1.585000, 712110664.020988
1.586000, 712461608.609934
1.587000, 712812375.083480
1.588000, 713162963.353937
1.589000, 713513373.333657
1.590000, 713863604.935037
1.591000, 714213658.070519
1.592000, 714563532.652591
1.593000, 714913228.593783
1.594000, 715262745.806672
1.595000, 715612084.203878
1.596000, 715961243.698067
1.597000, 716310224.201949
1.598000, 716659025.628278
1.599000, 717007647.889854
1.600000, 717356090.899523
1.601000, 717704354.570172
1.602000, 718052438.814737
1.603000, 718400343.546195
1.604000, 718748068.677571
1.605000, 719095614.121934
1.606000, 719442979.792398
1.607000, 719790165.602119
1.608000, 720137171.464304
1.609000, 720483997.292199
1.610000, 720830642.999099
1.611000, 721177108.498341
1.612000, 721523393.703310
1.613000, 721869498.527435
1.614000, 722215422.884189
1.615000, 722561166.687090
1.616000, 722906729.849704
1.617000, 723252112.285639
1.618000, 723597313.908550
1.619000, 723942334.632136
1.620000, 724287174.370143
1.621000, 724631833.036359
1.622000, 724976310.544621
1.623000, 725320606.808809
1.624000, 725664721.742849
1.625000, 726008655.260713
1.626000, 726352407.276416
1.627000, 726695977.704021
1.628000, 727039366.457636
1.629000, 727382573.451413
1.630000, 727725598.599551
1.631000, 728068441.816292
1.632000, 728411103.015927
1.633000, 728753582.112790
1.634000, 729095879.021261
1.635000, 729437993.655766
1.636000, 729779925.930777
1.637000, 730121675.760810
1.638000, 730463243.060427
1.639000, 730804627.744238
1.640000, 731145829.726896
1.641000, 731486848.923100
1.642000, 731827685.247596
1.643000, 732168338.615174
1.644000, 732508808.940671
1.645000, 732849096.138970
1.646000, 733189200.124999
1.647000, 733529120.813731
1.648000, 733868858.120187
1.649000, 734208411.959432
1.650000, 734547782.246579
1.651000, 734886968.896783
1.652000, 735225971.825249
1.653000, 735564790.947226
1.654000, 735903426.178009
1.655000, 736241877.432939
1.656000, 736580144.627404
1.657000, 736918227.676837
1.658000, 737256126.496716
1.659000, 737593841.002568
1.660000, 737931371.109963
1.661000, 738268716.734519
1.662000, 738605877.791900
1.663000, 738942854.197815
1.664000, 739279645.868021
1.665000, 739616252.718319
1.666000, 739952674.664557
1.667000, 740288911.622631
1.668000, 740624963.508481
1.669000, 740960830.238094
1.670000, 741296511.727503
1.671000, 741632007.892788
1.672000, 741967318.650075
1.673000, 742302443.915536
1.674000, 742637383.605390
1.675000, 742972137.635902
1.676000, 743306705.923384
1.677000, 743641088.384192
1.678000, 743975284.934733
1.679000, 744309295.491456
1.680000, 744643119.970859
1.681000, 744976758.289487
1.682000, 745310210.363928
1.683000, 745643476.110821
1.684000, 745976555.446848
1.685000, 746309448.288741
1.686000, 746642154.553275
1.687000, 746974674.157275
1.688000, 747307007.017610
1.689000, 747639153.051197
1.690000, 747971112.175000
1.691000, 748302884.306028
1.692000, 748634469.361340
1.693000, 748965867.258038
1.694000, 749297077.913273
1.695000, 749628101.244243
1.696000, 749958937.168191
1.697000, 750289585.602408
1.698000, 750620046.464234
1.699000, 750950319.671051
1.700000, 751280405.140293
1.701000, 751610302.789437
1.702000, 751940012.536009
1.703000, 752269534.297582
1.704000, 752598867.991776
1.705000, 752928013.536256
1.706000, 753256970.848737
1.707000, 753585739.846979
1.708000, 753914320.448791
1.709000, 754242712.572026
1.710000, 754570916.134586
1.711000, 754898931.054422
1.712000, 755226757.249529
1.713000, 755554394.637950
1.714000, 755881843.137777
1.715000, 756209102.667147
1.716000, 756536173.144245
1.717000, 756863054.487303
1.718000, 757189746.614603
1.719000, 757516249.444469
1.720000, 757842562.895277
1.721000, 758168686.885448
1.722000, 758494621.333452
1.723000, 758820366.157804
1.724000, 759145921.277068
1.725000, 759471286.609856
1.726000, 759796462.074827
1.727000, 760121447.590685
1.728000, 760446243.076186
1.729000, 760770848.450130
1.730000, 761095263.631366
1.731000, 761419488.538790
1.732000, 761743523.091346
1.733000, 762067367.208025
1.734000, 762391020.807866
1.735000, 762714483.809956
1.736000, 763037756.133429
1.737000, 763360837.697467
1.738000, 763683728.421299
1.739000, 764006428.224204
1.740000, 764328937.025505
1.741000, 764651254.744576
1.742000, 764973381.300837
1.743000, 765295316.613757
1.744000, 765617060.602852
1.745000, 765938613.187686
1.746000, 766259974.287870
1.747000, 766581143.823065
1.748000, 766902121.712977
1.749000, 767222907.877364
1.750000, 767543502.236027
1.751000, 767863904.708819
1.752000, 768184115.215638
1.753000, 768504133.676433
1.754000, 768823960.011199
1.755000, 769143594.139978
1.756000, 769463035.982863
1.757000, 769782285.459993
1.758000, 770101342.491555
1.759000, 770420206.997786
1.760000, 770738878.898969
1.761000, 771057358.115437
1.762000, 771375644.567569
1.763000, 771693738.175794
1.764000, 772011638.860588
1.765000, 772329346.542476
1.766000, 772646861.142032
1.767000, 772964182.579877
1.768000, 773281310.776680
1.769000, 773598245.653160
1.770000, 773914987.130082
1.771000, 774231535.128261
1.772000, 774547889.568561
1.773000, 774864050.371892
1.774000, 775180017.459214
1.775000, 775495790.751537
1.776000, 775811370.169915
1.777000, 776126755.635455
1.778000, 776441947.069311
1.779000, 776756944.392683
1.780000, 777071747.526824
1.781000, 777386356.393032
1.782000, 777700770.912654
1.783000, 778014991.007088
1.784000, 778329016.597778
1.785000, 778642847.606219
1.786000, 778956483.953951
1.787000, 779269925.562566
1.788000, 779583172.353704
1.789000, 779896224.249053
1.790000, 780209081.170350
1.791000, 780521743.039381
1.792000, 780834209.777980
1.793000, 781146481.308031
1.794000, 781458557.551465
1.795000, 781770438.430265
1.796000, 782082123.866458
1.797000, 782393613.782125
1.798000, 782704908.099392
1.799000, 783016006.740437
1.800000, 783326909.627483
1.801000, 783637616.682807
1.802000, 783948127.828730
1.803000, 784258442.987626
1.804000, 784568562.081915
1.805000, 784878485.034067
1.806000, 785188211.766602
1.807000, 785497742.202089
1.808000, 785807076.263144
1.809000, 786116213.872433
1.810000, 786425154.952674
1.811000, 786733899.426630
1.812000, 787042447.217115
1.813000, 787350798.246993
1.814000, 787658952.439175
1.815000, 787966909.716623
1.816000, 788274670.002347
1.817000, 788582233.219409
1.818000, 788889599.290916
1.819000, 789196768.140027
1.820000, 789503739.689950
1.821000, 789810513.863943
1.822000, 790117090.585311
1.823000, 790423469.777411
1.824000, 790729651.363647
1.825000, 791035635.267475
1.826000, 791341421.412398
1.827000, 791647009.721970
1.828000, 791952400.119793
1.829000, 792257592.529521
1.830000, 792562586.874855
1.831000, 792867383.079545
1.832000, 793171981.067395
1.833000, 793476380.762253
1.834000, 793780582.088020
1.835000, 794084584.968646
1.836000, 794388389.328130
1.837000, 794691995.090520
1.838000, 794995402.179916
1.839000, 795298610.520465
1.840000, 795601620.036366
1.841000, 795904430.651866
1.842000, 796207042.291263
1.843000, 796509454.878903
1.844000, 796811668.339183
1.845000, 797113682.596551
1.846000, 797415497.575502
1.847000, 797717113.200583
1.848000, 798018529.396389
1.849000, 798319746.087568
1.850000, 798620763.198814
1.851000, 798921580.654874
1.852000, 799222198.380542
1.853000, 799522616.300665
1.854000, 799822834.340138
1.855000, 800122852.423907
1.856000, 800422670.476967
1.857000, 800722288.424363
1.858000, 801021706.191192
1.859000, 801320923.702598
1.860000, 801619940.883777
1.861000, 801918757.659975
1.862000, 802217373.956488
1.863000, 802515789.698662
1.864000, 802814004.811893
1.865000, 803112019.221626
1.866000, 803409832.853359
1.867000, 803707445.632638
1.868000, 804004857.485059
1.869000, 804302068.336271
1.870000, 804599078.111969
1.871000, 804895886.737902
1.872000, 805192494.139868
1.873000, 805488900.243714
1.874000, 805785104.975340
1.875000, 806081108.260693
1.876000, 806376910.025774
1.877000, 806672510.196631
1.878000, 806967908.699365
1.879000, 807263105.460126
1.880000, 807558100.405114
1.881000, 807852893.460582
1.882000, 808147484.552831
1.883000, 808441873.608213
1.884000, 808736060.553130
1.885000, 809030045.314037
1.886000, 809323827.817436
1.887000, 809617407.989883
1.888000, 809910785.757982
1.889000, 810203961.048389
1.890000, 810496933.787810
1.891000, 810789703.903001
1.892000, 811082271.320771
1.893000, 811374635.967977
1.894000, 811666797.771529
1.895000, 811958756.658385
1.896000, 812250512.555556
1.897000, 812542065.390103
1.898000, 812833415.089139
1.899000, 813124561.579824
1.900000, 813415504.789374
1.901000, 813706244.645051
1.902000, 813996781.074172
1.903000, 814287114.004102
1.904000, 814577243.362257
1.905000, 814867169.076106
1.906000, 815156891.073166
1.907000, 815446409.281009
1.908000, 815735723.627253
1.909000, 816024834.039570
1.910000, 816313740.445683
1.911000, 816602442.773366
1.912000, 816890940.950442
1.913000, 817179234.904787
1.914000, 817467324.564327
1.915000, 817755209.857041
1.916000, 818042890.710956
1.917000, 818330367.054153
1.918000, 818617638.814762
1.919000, 818904705.920967
1.920000, 819191568.300998
1.921000, 819478225.883142
1.922000, 819764678.595734
1.923000, 820050926.367160
1.924000, 820336969.125859
1.925000, 820622806.800321
1.926000, 820908439.319084
1.927000, 821193866.610742
1.928000, 821479088.603938
1.929000, 821764105.227366
1.930000, 822048916.409772
1.931000, 822333522.079953
1.932000, 822617922.166758
1.933000, 822902116.599086
1.934000, 823186105.305890
1.935000, 823469888.216171
1.936000, 823753465.258985
1.937000, 824036836.363437
1.938000, 824320001.458684
1.939000, 824602960.473935
1.940000, 824885713.338450
1.941000, 825168259.981541
1.942000, 825450600.332572
1.943000, 825732734.320956
1.944000, 826014661.876161
1.945000, 826296382.927706
1.946000, 826577897.405158
1.947000, 826859205.238141
1.948000, 827140306.356327
1.949000, 827421200.689440
1.950000, 827701888.167258
1.951000, 827982368.719607
1.952000, 828262642.276369
1.953000, 828542708.767475
1.954000, 828822568.122908
1.955000, 829102220.272703
1.956000, 829381665.146947
1.957000, 829660902.675780
1.958000, 829939932.789391
1.959000, 830218755.418023
1.960000, 830497370.491970
1.961000, 830775777.941580
1.962000, 831053977.697249
1.963000, 831331969.689428
1.964000, 831609753.848619
1.965000, 831887330.105376
1.966000, 832164698.390305
1.967000, 832441858.634063
1.968000, 832718810.767361
1.969000, 832995554.720961
1.970000, 833272090.425676
1.971000, 833548417.812373
1.972000, 833824536.811970
1.973000, 834100447.355437
1.974000, 834376149.373797
1.975000, 834651642.798124
1.976000, 834926927.559544
1.977000, 835202003.589237
1.978000, 835476870.818433
1.979000, 835751529.178416
1.980000, 836025978.600520
1.981000, 836300219.016135
1.982000, 836574250.356699
1.983000, 836848072.553705
1.984000, 837121685.538697
1.985000, 837395089.243273
1.986000, 837668283.599080
1.987000, 837941268.537821
1.988000, 838214043.991248
1.989000, 838486609.891170
1.990000, 838758966.169443
1.991000, 839031112.757979
1.992000, 839303049.588741
1.993000, 839574776.593745
1.994000, 839846293.705060
1.995000, 840117600.854805
1.996000, 840388697.975155
1.997000, 840659584.998334
1.998000, 840930261.856622
1.999000, 841200728.482348
2.000000, 841470984.807896
2.001000, 841741030.765703
2.002000, 842010866.288257
2.003000, 842280491.308098
2.004000, 842549905.757821
2.005000, 842819109.570072
2.006000, 843088102.677550
2.007000, 843356885.013007
2.008000, 843625456.509246
2.009000, 843893817.099126
2.010000, 844161966.715556
2.011000, 844429905.291499
2.012000, 844697632.759970
2.013000, 844965149.054037
2.014000, 845232454.106822
2.015000, 845499547.851497
2.016000, 845766430.221289
2.017000, 846033101.149479
2.018000, 846299560.569397
2.019000, 846565808.414430
2.020000, 846831844.618015
2.021000, 847097669.113644
2.022000, 847363281.834859
2.023000, 847628682.715259
2.024000, 847893871.688492
2.025000, 848158848.688261
2.026000, 848423613.648323
2.027000, 848688166.502486
2.028000, 848952507.184612
2.029000, 849216635.628615
2.030000, 849480551.768464
2.031000, 849744255.538180
2.032000, 850007746.871836
2.033000, 850271025.703559
2.034000, 850534091.967531
2.035000, 850796945.597984
2.036000, 851059586.529205
2.037000, 851322014.695534
2.038000, 851584230.031363
2.039000, 851846232.471140
2.040000, 852108021.949363
2.041000, 852369598.400585
2.042000, 852630961.759412
2.043000, 852892111.960502
2.044000, 853153048.938569
2.045000, 853413772.628379
2.046000, 853674282.964749
2.047000, 853934579.882554
2.048000, 854194663.316718
2.049000, 854454533.202220
2.050000, 854714189.474094
2.051000, 854973632.067424
2.052000, 855232860.917351
2.053000, 855491875.959067
2.054000, 855750677.127819
2.055000, 856009264.358906
2.056000, 856267637.587682
2.057000, 856525796.749552
2.058000, 856783741.779978
2.059000, 857041472.614472
2.060000, 857298989.188603
2.061000, 857556291.437991
2.062000, 857813379.298311
2.063000, 858070252.705291
2.064000, 858326911.594711
2.065000, 858583355.902409
2.066000, 858839585.564271
2.067000, 859095600.516243
2.068000, 859351400.694318
2.069000, 859606986.034547
2.070000, 859862356.473035
2.071000, 860117511.945937
2.072000, 860372452.389467
2.073000, 860627177.739887
2.074000, 860881687.933518
2.075000, 861135982.906731
2.076000, 861390062.595953
2.077000, 861643926.937664
2.078000, 861897575.868398
2.079000, 862151009.324742
2.080000, 862404227.243338
2.081000, 862657229.560882
2.082000, 862910016.214123
2.083000, 863162587.139865
2.084000, 863414942.274964
2.085000, 863667081.556332
2.086000, 863919004.920935
2.087000, 864170712.305790
2.088000, 864422203.647972
2.089000, 864673478.884608
2.090000, 864924537.952878
2.091000, 865175380.790018
2.092000, 865426007.333318
2.093000, 865676417.520120
2.094000, 865926611.287823
2.095000, 866176588.573877
2.096000, 866426349.315788
2.097000, 866675893.451117
2.098000, 866925220.917477
2.099000, 867174331.652536
2.100000, 867423225.594017
2.101000, 867671902.679696
2.102000, 867920362.847404
2.103000, 868168606.035025
2.104000, 868416632.180500
2.105000, 868664441.221820
2.106000, 868912033.097036
2.107000, 869159407.744247
2.108000, 869406565.101611
2.109000, 869653505.107339
2.110000, 869900227.699694
2.111000, 870146732.816997
2.112000, 870393020.397622
2.113000, 870639090.379996
2.114000, 870884942.702602
2.115000, 871130577.303976
2.116000, 871375994.122711
2.117000, 871621193.097452
2.118000, 871866174.166900
2.119000, 872110937.269808
2.120000, 872355482.344986
2.121000, 872599809.331299
2.122000, 872843918.167663
2.123000, 873087808.793053
2.124000, 873331481.146495
2.125000, 873574935.167071
2.126000, 873818170.793918
2.127000, 874061187.966227
2.128000, 874303986.623243
2.129000, 874546566.704268
2.130000, 874788928.148655
2.131000, 875031070.895815
2.132000, 875272994.885211
2.133000, 875514700.056363
2.134000, 875756186.348845
2.135000, 875997453.702285
2.136000, 876238502.056366
2.137000, 876479331.350826
2.138000, 876719941.525458
2.139000, 876960332.520109
2.140000, 877200504.274682
2.141000, 877440456.729133
2.142000, 877680189.823474
2.143000, 877919703.497772
2.144000, 878158997.692149
2.145000, 878398072.346782
2.146000, 878636927.401900
2.147000, 878875562.797792
2.148000, 879113978.474797
2.149000, 879352174.373313
2.150000, 879590150.433789
2.151000, 879827906.596732
2.152000, 880065442.802703
2.153000, 880302758.992319
2.154000, 880539855.106248
2.155000, 880776731.085219
2.156000, 881013386.870012
2.157000, 881249822.401462
2.158000, 881486037.620462
2.159000, 881722032.467956
2.160000, 881957806.884948
2.161000, 882193360.812491
2.162000, 882428694.191700
2.163000, 882663806.963739
2.164000, 882898699.069831
2.165000, 883133370.451254
2.166000, 883367821.049338
2.167000, 883602050.805471
2.168000, 883836059.661096
2.169000, 884069847.557711
2.170000, 884303414.436869
2.171000, 884536760.240178
2.172000, 884769884.909301
2.173000, 885002788.385958
2.174000, 885235470.611922
2.175000, 885467931.529023
2.176000, 885700171.079146
2.177000, 885932189.204231
2.178000, 886163985.846273
2.179000, 886395560.947323
2.180000, 886626914.449487
2.181000, 886858046.294928
2.182000, 887088956.425861
2.183000, 887319644.784560
2.184000, 887550111.313353
2.185000, 887780355.954622
2.186000, 888010378.650807
2.187000, 888240179.344402
2.188000, 888469757.977957
2.189000, 888699114.494077
2.190000, 888928248.835423
2.191000, 889157160.944711
2.192000, 889385850.764714
2.193000, 889614318.238258
2.194000, 889842563.308228
2.195000, 890070585.917561
2.196000, 890298386.009253
2.197000, 890525963.526353
2.198000, 890753318.411966
2.199000, 890980450.609255
2.200000, 891207360.061435
2.201000, 891434046.711781
2.202000, 891660510.503619
2.203000, 891886751.380334
2.204000, 892112769.285366
2.205000, 892338564.162210
2.206000, 892564135.954418
2.207000, 892789484.605597
2.208000, 893014610.059409
2.209000, 893239512.259573
2.210000, 893464191.149863
2.211000, 893688646.674111
2.212000, 893912878.776202
2.213000, 894136887.400077
2.214000, 894360672.489736
2.215000, 894584233.989231
2.216000, 894807571.842672
2.217000, 895030685.994225
2.218000, 895253576.388111
2.219000, 895476242.968607
2.220000, 895698685.680048
2.221000, 895920904.466821
2.222000, 896142899.273373
2.223000, 896364670.044206
2.224000, 896586216.723875
2.225000, 896807539.256995
2.226000, 897028637.588234
2.227000, 897249511.662319
2.228000, 897470161.424031
2.229000, 897690586.818207
2.230000, 897910787.789741
2.231000, 898130764.283582
2.232000, 898350516.244738
2.233000, 898570043.618268
2.234000, 898789346.349293
2.235000, 899008424.382986
2.236000, 899227277.664577
2.237000, 899445906.139354
2.238000, 899664309.752658
2.239000, 899882488.449890
2.240000, 900100442.176505
2.241000, 900318170.878014
2.242000, 900535674.499984
2.243000, 900752952.988041
2.244000, 900970006.287864
2.245000, 901186834.345191
2.246000, 901403437.105813
2.247000, 901619814.515581
2.248000, 901835966.520400
2.249000, 902051893.066232
2.250000, 902267594.099095
2.251000, 902483069.565065
2.252000, 902698319.410272
2.253000, 902913343.580903
2.254000, 903128142.023204
2.255000, 903342714.683474
2.256000, 903557061.508070
2.257000, 903771182.443405
2.258000, 903985077.435949
2.259000, 904198746.432228
2.260000, 904412189.378826
2.261000, 904625406.222381
2.262000, 904838396.909589
2.263000, 905051161.387203
2.264000, 905263699.602031
2.265000, 905476011.500939
2.266000, 905688097.030848
2.267000, 905899956.138739
2.268000, 906111588.771644
2.269000, 906322994.876658
2.270000, 906534174.400927
2.271000, 906745127.291657
2.272000, 906955853.496111
2.273000, 907166352.961606
2.274000, 907376625.635517
2.275000, 907586671.465276
2.276000, 907796490.398373
2.277000, 908006082.382351
2.278000, 908215447.364814
2.279000, 908424585.293419
2.280000, 908633496.115883
2.281000, 908842179.779978
2.282000, 909050636.233532
2.283000, 909258865.424433
2.284000, 909466867.300621
2.285000, 909674641.810097
2.286000, 909882188.900918
2.287000, 910089508.521196
2.288000, 910296600.619102
2.289000, 910503465.142863
2.290000, 910710102.040761
2.291000, 910916511.261139
2.292000, 911122692.752394
2.293000, 911328646.462981
2.294000, 911534372.341411
2.295000, 911739870.336252
2.296000, 911945140.396131
2.297000, 912150182.469729
2.298000, 912354996.505786
2.299000, 912559582.453099
2.300000, 912763940.260521
2.301000, 912968069.876963
2.302000, 913171971.251392
2.303000, 913375644.332833
2.304000, 913579089.070368
2.305000, 913782305.413135
2.306000, 913985293.310330
2.307000, 914188052.711207
2.308000, 914390583.565076
2.309000, 914592885.821303
2.310000, 914794959.429314
2.311000, 914996804.338590
2.312000, 915198420.498669
2.313000, 915399807.859148
2.314000, 915600966.369680
2.315000, 915801895.979975
2.316000, 916002596.639801
2.317000, 916203068.298982
2.318000, 916403310.907401
2.319000, 916603324.414997
2.320000, 916803108.771767
2.321000, 917002663.927764
2.322000, 917201989.833100
2.323000, 917401086.437944
2.324000, 917599953.692520
2.325000, 917798591.547114
2.326000, 917996999.952063
2.327000, 918195178.857768
2.328000, 918393128.214683
2.329000, 918590847.973320
2.330000, 918788338.084251
2.331000, 918985598.498101
2.332000, 919182629.165557
2.333000, 919379430.037360
2.334000, 919576001.064310
2.335000, 919772342.197266
2.336000, 919968453.387140
2.337000, 920164334.584905
2.338000, 920359985.741592
2.339000, 920555406.808287
2.340000, 920750597.736136
2.341000, 920945558.476339
2.342000, 921140288.980158
2.343000, 921334789.198909
2.344000, 921529059.083968
2.345000, 921723098.586767
2.346000, 921916907.658796
2.347000, 922110486.251603
2.348000, 922303834.316793
2.349000, 922496951.806030
2.350000, 922689838.671033
2.351000, 922882494.863581
2.352000, 923074920.335511
2.353000, 923267115.038715
2.354000, 923459078.925145
2.355000, 923650811.946811
2.356000, 923842314.055778
2.357000, 924033585.204171
2.358000, 924224625.344173
2.359000, 924415434.428024
2.360000, 924606012.408020
2.361000, 924796359.236519
2.362000, 924986474.865932
2.363000, 925176359.248731
2.364000, 925366012.337446
2.365000, 925555434.084662
2.366000, 925744624.443025
2.367000, 925933583.365236
2.368000, 926122310.804056
2.369000, 926310806.712304
2.370000, 926499071.042854
2.371000, 926687103.748641
2.372000, 926874904.782658
2.373000, 927062474.097953
2.374000, 927249811.647634
2.375000, 927436917.384868
2.376000, 927623791.262877
2.377000, 927810433.234942
2.378000, 927996843.254405
2.379000, 928183021.274661
2.380000, 928368967.249167
2.381000, 928554681.131436
2.382000, 928740162.875039
2.383000, 928925412.433607
2.384000, 929110429.760826
2.385000, 929295214.810443
2.386000, 929479767.536260
2.387000, 929664087.892141
2.388000, 929848175.832005
2.389000, 930032031.309829
2.390000, 930215654.279651
2.391000, 930399044.695563
2.392000, 930582202.511720
2.393000, 930765127.682331
2.394000, 930947820.161664
2.395000, 931130279.904048
2.396000, 931312506.863866
2.397000, 931494500.995563
2.398000, 931676262.253639
2.399000, 931857790.592654
2.400000, 932039085.967226
2.401000, 932220148.332032
2.402000, 932400977.641806
2.403000, 932581573.851340
2.404000, 932761936.915486
2.405000, 932942066.789152
2.406000, 933121963.427306
2.407000, 933301626.784974
2.408000, 933481056.817241
2.409000, 933660253.479248
2.410000, 933839216.726197
2.411000, 934017946.513346
2.412000, 934196442.796013
2.413000, 934374705.529575
2.414000, 934552734.669465
2.415000, 934730530.171177
2.416000, 934908091.990260
2.417000, 935085420.082326
2.418000, 935262514.403041
2.419000, 935439374.908133
2.420000, 935616001.553386
2.421000, 935792394.294643
2.422000, 935968553.087807
2.423000, 936144477.888837
2.424000, 936320168.653753
2.425000, 936495625.338631
2.426000, 936670847.899608
2.427000, 936845836.292878
2.428000, 937020590.474694
2.429000, 937195110.401366
2.430000, 937369396.029266
2.431000, 937543447.314823
2.432000, 937717264.214522
2.433000, 937890846.684909
2.434000, 938064194.682591
2.435000, 938237308.164228
2.436000, 938410187.086543
2.437000, 938582831.406317
2.438000, 938755241.080387
2.439000, 938927416.065652
2.440000, 939099356.319068
2.441000, 939271061.797649
2.442000, 939442532.458470
2.443000, 939613768.258663
2.444000, 939784769.155419
2.445000, 939955535.105987
2.446000, 940126066.067677
2.447000, 940296361.997854
2.448000, 940466422.853947
2.449000, 940636248.593438
2.450000, 940805839.173872
2.451000, 940975194.552851
2.452000, 941144314.688037
2.453000, 941313199.537149
2.454000, 941481849.057965
2.455000, 941650263.208325
2.456000, 941818441.946123
2.457000, 941986385.229316
2.458000, 942154093.015918
2.459000, 942321565.264001
2.460000, 942488801.931698
2.461000, 942655802.977199
2.462000, 942822568.358754
2.463000, 942989098.034672
2.464000, 943155391.963321
2.465000, 943321450.103126
2.466000, 943487272.412574
2.467000, 943652858.850209
2.468000, 943818209.374634
2.469000, 943983323.944511
2.470000, 944148202.518563
2.471000, 944312845.055568
2.472000, 944477251.514368
2.473000, 944641421.853859
2.474000, 944805356.033000
2.475000, 944969054.010807
2.476000, 945132515.746355
2.477000, 945295741.198779
2.478000, 945458730.327273
2.479000, 945621483.091089
2.480000, 945783999.449539
2.481000, 945946279.361994
2.482000, 946108322.787885
2.483000, 946270129.686699
2.484000, 946431700.017987
2.485000, 946593033.741354
2.486000, 946754130.816467
2.487000, 946914991.203053
2.488000, 947075614.860896
2.489000, 947236001.749840
2.490000, 947396151.829789
2.491000, 947556065.060704
2.492000, 947715741.402609
2.493000, 947875180.815583
2.494000, 948034383.259766
2.495000, 948193348.695359
2.496000, 948352077.082619
2.497000, 948510568.381866
2.498000, 948668822.553475
2.499000, 948826839.557883
2.500000, 948984619.355586
2.501000, 949142161.907140
2.502000, 949299467.173158
2.503000, 949456535.114314
2.504000, 949613365.691341
2.505000, 949769958.865032
2.506000, 949926314.596238
2.507000, 950082432.845870
2.508000, 950238313.574899
2.509000, 950393956.744355
2.510000, 950549362.315326
2.511000, 950704530.248962
2.512000, 950859460.506470
2.513000, 951014153.049118
2.514000, 951168607.838233
2.515000, 951322824.835200
2.516000, 951476804.001467
2.517000, 951630545.298537
2.518000, 951784048.687976
2.519000, 951937314.131408
2.520000, 952090341.590516
2.521000, 952243131.027044
2.522000, 952395682.402794
2.523000, 952547995.679628
2.524000, 952700070.819468
2.525000, 952851907.784296
2.526000, 953003506.536151
2.527000, 953154867.037135
2.528000, 953305989.249407
2.529000, 953456873.135187
2.530000, 953607518.656754
2.531000, 953757925.776446
2.532000, 953908094.456661
2.533000, 954058024.659858
2.534000, 954207716.348553
2.535000, 954357169.485324
2.536000, 954506384.032808
2.537000, 954655359.953701
2.538000, 954804097.210759
2.539000, 954952595.766798
2.540000, 955100855.584692
2.541000, 955248876.627378
2.542000, 955396658.857849
2.543000, 955544202.239161
2.544000, 955691506.734427
2.545000, 955838572.306822
2.546000, 955985398.919578
2.547000, 956131986.535990
2.548000, 956278335.119410
2.549000, 956424444.633251
2.550000, 956570315.040986
2.551000, 956715946.306147
2.552000, 956861338.392327
2.553000, 957006491.263177
2.554000, 957151404.882409
2.555000, 957296079.213795
2.556000, 957440514.221166
2.557000, 957584709.868414
2.558000, 957728666.119489
2.559000, 957872382.938402
2.560000, 958015860.289225
2.561000, 958159098.136088
2.562000, 958302096.443181
2.563000, 958444855.174755
2.564000, 958587374.295120
2.565000, 958729653.768647
2.566000, 958871693.559765
2.567000, 959013493.632965
2.568000, 959155053.952796
2.569000, 959296374.483869
2.570000, 959437455.190853
2.571000, 959578296.038479
2.572000, 959718896.991535
2.573000, 959859258.014873
2.574000, 959999379.073400
2.575000, 960139260.132088
2.576000, 960278901.155966
2.577000, 960418302.110124
2.578000, 960557462.959711
2.579000, 960696383.669937
2.580000, 960835064.206073
2.581000, 960973504.533447
2.582000, 961111704.617450
2.583000, 961249664.423532
2.584000, 961387383.917203
2.585000, 961524863.064034
2.586000, 961662101.829653
2.587000, 961799100.179752
2.588000, 961935858.080081
2.589000, 962072375.496450
2.590000, 962208652.394730
2.591000, 962344688.740853
2.592000, 962480484.500808
2.593000, 962616039.640647
2.594000, 962751354.126481
2.595000, 962886427.924482
2.596000, 963021261.000880
2.597000, 963155853.321969
2.598000, 963290204.854099
2.599000, 963424315.563683
2.600000, 963558185.417193
2.601000, 963691814.381162
2.602000, 963825202.422182
2.603000, 963958349.506907
2.604000, 964091255.602049
2.605000, 964223920.674382
2.606000, 964356344.690740
2.607000, 964488527.618017
2.608000, 964620469.423167
2.609000, 964752170.073205
2.610000, 964883629.535206
2.611000, 965014847.776304
2.612000, 965145824.763695
2.613000, 965276560.464635
2.614000, 965407054.846439
2.615000, 965537307.876485
2.616000, 965667319.522210
2.617000, 965797089.751109
2.618000, 965926618.530741
2.619000, 966055905.828723
2.620000, 966184951.612734
2.621000, 966313755.850512
2.622000, 966442318.509856
2.623000, 966570639.558626
2.624000, 966698718.964740
2.625000, 966826556.696180
2.626000, 966954152.720986
2.627000, 967081507.007259
2.628000, 967208619.523160
2.629000, 967335490.236911
2.630000, 967462119.116794
2.631000, 967588506.131153
2.632000, 967714651.248391
2.633000, 967840554.436970
2.634000, 967966215.665416
2.635000, 968091634.902313
2.636000, 968216812.116307
2.637000, 968341747.276102
2.638000, 968466440.350466
2.639000, 968590891.308224
2.640000, 968715100.118265
2.641000, 968839066.749536
2.642000, 968962791.171045
2.643000, 969086273.351862
2.644000, 969209513.261115
2.645000, 969332510.867995
2.646000, 969455266.141752
2.647000, 969577779.051698
2.648000, 969700049.567204
2.649000, 969822077.657703
2.650000, 969943863.292687
2.651000, 970065406.441711
2.652000, 970186707.074388
2.653000, 970307765.160393
2.654000, 970428580.669462
2.655000, 970549153.571391
2.656000, 970669483.836037
2.657000, 970789571.433316
2.658000, 970909416.333208
2.659000, 971029018.505751
2.660000, 971148377.921045
2.661000, 971267494.549248
2.662000, 971386368.360584
2.663000, 971504999.325332
2.664000, 971623387.413836
2.665000, 971741532.596497
2.666000, 971859434.843781
2.667000, 971977094.126211
2.668000, 972094510.414372
2.669000, 972211683.678911
2.670000, 972328613.890535
2.671000, 972445301.020009
2.672000, 972561745.038164
2.673000, 972677945.915887
2.674000, 972793903.624129
2.675000, 972909618.133900
2.676000, 973025089.416272
2.677000, 973140317.442376
2.678000, 973255302.183406
2.679000, 973370043.610616
2.680000, 973484541.695319
2.681000, 973598796.408893
2.682000, 973712807.722772
2.683000, 973826575.608455
2.684000, 973940100.037498
2.685000, 974053380.981522
2.686000, 974166418.412206
2.687000, 974279212.301290
2.688000, 974391762.620575
2.689000, 974504069.341926
2.690000, 974616132.437264
2.691000, 974727951.878574
2.692000, 974839527.637902
2.693000, 974950859.687352
2.694000, 975061947.999092
2.695000, 975172792.545351
2.696000, 975283393.298417
2.697000, 975393750.230639
2.698000, 975503863.314429
2.699000, 975613732.522258
2.700000, 975723357.826659
2.701000, 975832739.200226
2.702000, 975941876.615613
2.703000, 976050770.045536
2.704000, 976159419.462771
2.705000, 976267824.840157
2.706000, 976375986.150591
2.707000, 976483903.367035
2.708000, 976591576.462507
2.709000, 976699005.410090
2.710000, 976806190.182927
2.711000, 976913130.754222
2.712000, 977019827.097239
2.713000, 977126279.185304
2.714000, 977232486.991805
2.715000, 977338450.490189
2.716000, 977444169.653965
2.717000, 977549644.456704
2.718000, 977654874.872037
2.719000, 977759860.873657
2.720000, 977864602.435316
2.721000, 977969099.530830
2.722000, 978073352.134074
2.723000, 978177360.218985
2.724000, 978281123.759561
2.725000, 978384642.729861
2.726000, 978487917.104006
2.727000, 978590946.856177
2.728000, 978693731.960616
2.729000, 978796272.391627
2.730000, 978898568.123575
2.731000, 979000619.130886
2.732000, 979102425.388047
2.733000, 979203986.869607
2.734000, 979305303.550176
2.735000, 979406375.404424
2.736000, 979507202.407082
2.737000, 979607784.532946
2.738000, 979708121.756868
2.739000, 979808214.053766
2.740000, 979908061.398614
2.741000, 980007663.766453
2.742000, 980107021.132380
2.743000, 980206133.471558
2.744000, 980305000.759207
2.745000, 980403622.970611
2.746000, 980502000.081115
2.747000, 980600132.066123
2.748000, 980698018.901104
2.749000, 980795660.561585
2.750000, 980893057.023156
2.751000, 980990208.261468
2.752000, 981087114.252233
2.753000, 981183774.971224
2.754000, 981280190.394277
2.755000, 981376360.497287
2.756000, 981472285.256212
2.757000, 981567964.647071
2.758000, 981663398.645944
2.759000, 981758587.228973
2.760000, 981853530.372360
2.761000, 981948228.052369
2.762000, 982042680.245327
2.763000, 982136886.927619
2.764000, 982230848.075695
2.765000, 982324563.666064
2.766000, 982418033.675297
2.767000, 982511258.080027
2.768000, 982604236.856947
2.769000, 982696969.982814
2.770000, 982789457.434443
2.771000, 982881699.188712
2.772000, 982973695.222562
2.773000, 983065445.512994
2.774000, 983156950.037069
2.775000, 983248208.771912
2.776000, 983339221.694707
2.777000, 983429988.782703
2.778000, 983520510.013206
2.779000, 983610785.363587
2.780000, 983700814.811277
2.781000, 983790598.333768
2.782000, 983880135.908614
2.783000, 983969427.513432
2.784000, 984058473.125898
2.785000, 984147272.723751
2.786000, 984235826.284791
2.787000, 984324133.786879
2.788000, 984412195.207939
2.789000, 984500010.525956
2.790000, 984587579.718975
2.791000, 984674902.765104
2.792000, 984761979.642512
2.793000, 984848810.329431
2.794000, 984935394.804152
2.795000, 985021733.045030
2.796000, 985107825.030480
2.797000, 985193670.738978
2.798000, 985279270.149064
2.799000, 985364623.239337
2.800000, 985449729.988460
2.801000, 985534590.375156
2.802000, 985619204.378209
2.803000, 985703571.976466
2.804000, 985787693.148835
2.805000, 985871567.874286
2.806000, 985955196.131850
2.807000, 986038577.900620
2.808000, 986121713.159751
2.809000, 986204601.888459
2.810000, 986287244.066022
2.811000, 986369639.671778
2.812000, 986451788.685130
2.813000, 986533691.085540
2.814000, 986615346.852532
2.815000, 986696755.965692
2.816000, 986777918.404669
2.817000, 986858834.149171
2.818000, 986939503.178970
2.819000, 987019925.473898
2.820000, 987100101.013850
2.821000, 987180029.778782
2.822000, 987259711.748712
2.823000, 987339146.903718
2.824000, 987418335.223944
2.825000, 987497276.689590
2.826000, 987575971.280923
2.827000, 987654418.978267
2.828000, 987732619.762013
2.829000, 987810573.612608
2.830000, 987888280.510565
2.831000, 987965740.436458
2.832000, 988042953.370920
2.833000, 988119919.294649
2.834000, 988196638.188403
2.835000, 988273110.033003
2.836000, 988349334.809330
2.837000, 988425312.498329
2.838000, 988501043.081005
2.839000, 988576526.538426
2.840000, 988651762.851720
2.841000, 988726752.002078
2.842000, 988801493.970754
2.843000, 988875988.739061
2.844000, 988950236.288376
2.845000, 989024236.600137
2.846000, 989097989.655844
2.847000, 989171495.437059
2.848000, 989244753.925406
2.849000, 989317765.102569
2.850000, 989390528.950295
2.851000, 989463045.450395
2.852000, 989535314.584738
2.853000, 989607336.335259
2.854000, 989679110.683950
2.855000, 989750637.612868
2.856000, 989821917.104133
2.857000, 989892949.139923
2.858000, 989963733.702481
2.859000, 990034270.774111
2.860000, 990104560.337178
2.861000, 990174602.374110
2.862000, 990244396.867397
2.863000, 990313943.799590
2.864000, 990383243.153302
2.865000, 990452294.911208
2.866000, 990521099.056046
2.867000, 990589655.570614
2.868000, 990657964.437774
2.869000, 990726025.640447
2.870000, 990793839.161620
2.871000, 990861404.984337
2.872000, 990928723.091709
2.873000, 990995793.466905
2.874000, 991062616.093158
2.875000, 991129190.953762
2.876000, 991195518.032073
2.877000, 991261597.311510
2.878000, 991327428.775553
2.879000, 991393012.407744
2.880000, 991458348.191686
2.881000, 991523436.111047
2.882000, 991588276.149555
2.883000, 991652868.290998
2.884000, 991717212.519229
2.885000, 991781308.818163
2.886000, 991845157.171774
2.887000, 991908757.564101
2.888000, 991972109.979244
2.889000, 992035214.401365
2.890000, 992098070.814687
2.891000, 992160679.203496
2.892000, 992223039.552142
2.893000, 992285151.845032
2.894000, 992347016.066639
2.895000, 992408632.201498
2.896000, 992470000.234204
2.897000, 992531120.149415
2.898000, 992591991.931851
2.899000, 992652615.566294
2.900000, 992712991.037588
2.901000, 992773118.330640
2.902000, 992832997.430418
2.903000, 992892628.321951
2.904000, 992952010.990333
2.905000, 993011145.420716
2.906000, 993070031.598319
2.907000, 993128669.508419
2.908000, 993187059.136357
2.909000, 993245200.467535
2.910000, 993303093.487418
2.911000, 993360738.181533
2.912000, 993418134.535469
2.913000, 993475282.534876
2.914000, 993532182.165467
2.915000, 993588833.413019
2.916000, 993645236.263367
2.917000, 993701390.702411
2.918000, 993757296.716113
2.919000, 993812954.290496
2.920000, 993868363.411645
2.921000, 993923524.065709
2.922000, 993978436.238896
2.923000, 994033099.917480
2.924000, 994087515.087794
2.925000, 994141681.736235
2.926000, 994195599.849260
2.927000, 994249269.413391
2.928000, 994302690.415209
2.929000, 994355862.841360
2.930000, 994408786.678550
2.931000, 994461461.913549
2.932000, 994513888.533188
2.933000, 994566066.524359
2.934000, 994617995.874020
2.935000, 994669676.569186
2.936000, 994721108.596938
2.937000, 994772291.944419
2.938000, 994823226.598832
2.939000, 994873912.547443
2.940000, 994924349.777581
2.941000, 994974538.276637
2.942000, 995024478.032063
2.943000, 995074169.031376
2.944000, 995123611.262151
2.945000, 995172804.712028
2.946000, 995221749.368710
2.947000, 995270445.219959
2.948000, 995318892.253603
2.949000, 995367090.457528
2.950000, 995415039.819686
2.951000, 995462740.328089
2.952000, 995510191.970812
2.953000, 995557394.735993
2.954000, 995604348.611830
2.955000, 995651053.586585
2.956000, 995697509.648582
2.957000, 995743716.786206
2.958000, 995789674.987907
2.959000, 995835384.242194
2.960000, 995880844.537640
2.961000, 995926055.862880
2.962000, 995971018.206612
2.963000, 996015731.557594
2.964000, 996060195.904648
2.965000, 996104411.236659
2.966000, 996148377.542572
2.967000, 996192094.811395
2.968000, 996235563.032200
2.969000, 996278782.194120
2.970000, 996321752.286349
2.971000, 996364473.298146
2.972000, 996406945.218829
2.973000, 996449168.037781
2.974000, 996491141.744447
2.975000, 996532866.328332
2.976000, 996574341.779005
2.977000, 996615568.086099
2.978000, 996656545.239305
2.979000, 996697273.228381
2.980000, 996737752.043143
2.981000, 996777981.673473
2.982000, 996817962.109312
2.983000, 996857693.340666
2.984000, 996897175.357602
2.985000, 996936408.150249
2.986000, 996975391.708800
2.987000, 997014126.023507
2.988000, 997052611.084689
2.989000, 997090846.882722
2.990000, 997128833.408050
2.991000, 997166570.651174
2.992000, 997204058.602660
2.993000, 997241297.253137
2.994000, 997278286.593295
2.995000, 997315026.613887
2.996000, 997351517.305727
2.997000, 997387758.659693
2.998000, 997423750.666725
2.999000, 997459493.317824
3.000000, 997494986.604054
3.001000, 997530230.516544
3.002000, 997565225.046481
3.003000, 997599970.185117
3.004000, 997634465.923765
3.005000, 997668712.253803
3.006000, 997702709.166667
3.007000, 997736456.653859
3.008000, 997769954.706943
3.009000, 997803203.317543
3.010000, 997836202.477347
3.011000, 997868952.178106
3.012000, 997901452.411632
3.013000, 997933703.169800
3.014000, 997965704.444547
3.015000, 997997456.227874
3.016000, 998028958.511842
3.017000, 998060211.288575
3.018000, 998091214.550261
3.019000, 998121968.289148
3.020000, 998152472.497548
3.021000, 998182727.167835
3.022000, 998212732.292446
3.023000, 998242487.863879
3.024000, 998271993.874695
3.025000, 998301250.317518
3.026000, 998330257.185034
3.027000, 998359014.469990
3.028000, 998387522.165198
3.029000, 998415780.263531
3.030000, 998443788.757924
3.031000, 998471547.641375
3.032000, 998499056.906944
3.033000, 998526316.547754
3.034000, 998553326.556990
3.035000, 998580086.927900
3.036000, 998606597.653793
3.037000, 998632858.728042
3.038000, 998658870.144081
3.039000, 998684631.895409
3.040000, 998710143.975583
3.041000, 998735406.378227
3.042000, 998760419.097024
3.043000, 998785182.125721
3.044000, 998809695.458129
3.045000, 998833959.088117
3.046000, 998857973.009621
3.047000, 998881737.216637
3.048000, 998905251.703224
3.049000, 998928516.463504
3.050000, 998951531.491659
3.051000, 998974296.781936
3.052000, 998996812.328645
3.053000, 999019078.126156
3.054000, 999041094.168902
3.055000, 999062860.451380
3.056000, 999084376.968148
3.057000, 999105643.713827
3.058000, 999126660.683101
3.059000, 999147427.870714
3.060000, 999167945.271476
3.061000, 999188212.880257
3.062000, 999208230.691989
3.063000, 999227998.701669
3.064000, 999247516.904355
3.065000, 999266785.295166
3.066000, 999285803.869287
3.067000, 999304572.621961
3.068000, 999323091.548498
3.069000, 999341360.644267
3.070000, 999359379.904701
3.071000, 999377149.325296
3.072000, 999394668.901608
3.073000, 999411938.629258
3.074000, 999428958.503929
3.075000, 999445728.521365
3.076000, 999462248.677375
3.077000, 999478518.967827
3.078000, 999494539.388655
3.079000, 999510309.935853
3.080000, 999525830.605479
3.081000, 999541101.393653
3.082000, 999556122.296556
3.083000, 999570893.310434
3.084000, 999585414.431594
3.085000, 999599685.656405
3.086000, 999613706.981301
3.087000, 999627478.402774
3.088000, 999640999.917384
3.089000, 999654271.521748
3.090000, 999667293.212550
3.091000, 999680064.986534
3.092000, 999692586.840507
3.093000, 999704858.771338
3.094000, 999716880.775960
3.095000, 999728652.851367
3.096000, 999740174.994615
3.097000, 999751447.202826
3.098000, 999762469.473179
3.099000, 999773241.802921
3.100000, 999783764.189357
3.101000, 999794036.629857
3.102000, 999804059.121854
3.103000, 999813831.662841
3.104000, 999823354.250375
3.105000, 999832626.882076
3.106000, 999841649.555625
3.107000, 999850422.268767
3.108000, 999858945.019309
3.109000, 999867217.805120
3.110000, 999875240.624131
3.111000, 999883013.474338
3.112000, 999890536.353796
3.113000, 999897809.260625
3.114000, 999904832.193008
3.115000, 999911605.149187
3.116000, 999918128.127471
3.117000, 999924401.126227
3.118000, 999930424.143889
3.119000, 999936197.178950
3.120000, 999941720.229966
3.121000, 999946993.295558
3.122000, 999952016.374407
3.123000, 999956789.465257
3.124000, 999961312.566914
3.125000, 999965585.678249
3.126000, 999969608.798192
3.127000, 999973381.925739
3.128000, 999976905.059945
3.129000, 999980178.199930
3.130000, 999983201.344876
3.131000, 999985974.494027
3.132000, 999988497.646689
3.133000, 999990770.802232
3.134000, 999992793.960088
3.135000, 999994567.119750
3.136000, 999996090.280776
3.137000, 999997363.442784
3.138000, 999998386.605457
3.139000, 999999159.768538
3.140000, 999999682.931835
3.141000, 1000000000.000000
