0.000000, 0.000000
0.001000, 389400.375434
0.002000, 778800.653517
0.003000, 1168200.736901
0.004000, 1557600.528234
0.005000, 1946999.930168
0.006000, 2336398.845351
0.007000, 2725797.176435
0.008000, 3115194.826069
0.009000, 3504591.696905
0.010000, 3893987.691593
0.011000, 4283382.712784
0.012000, 4672776.663130
0.013000, 5062169.445282
0.014000, 5451560.961891
0.015000, 5840951.115610
0.016000, 6230339.809092
0.017000, 6619726.944989
0.018000, 7009112.425954
0.019000, 7398496.154642
0.020000, 7787878.033706
0.021000, 8177257.965800
0.022000, 8566635.853580
0.023000, 8956011.599702
0.024000, 9345385.106820
0.025000, 9734756.277593
0.026000, 10124125.014677
0.027000, 10513491.220730
0.028000, 10902854.798411
0.029000, 11292215.650378
0.030000, 11681573.679292
0.031000, 12070928.787812
0.032000, 12460280.878601
0.033000, 12849629.854320
0.034000, 13238975.617631
0.035000, 13628318.071199
0.036000, 14017657.117688
0.037000, 14406992.659764
0.038000, 14796324.600091
0.039000, 15185652.841338
0.040000, 15574977.286171
0.041000, 15964297.837262
0.042000, 16353614.397277
0.043000, 16742926.868891
0.044000, 17132235.154772
0.045000, 17521539.157596
0.046000, 17910838.780035
0.047000, 18300133.924765
0.048000, 18689424.494461
0.049000, 19078710.391803
0.050000, 19467991.519467
0.051000, 19857267.780134
0.052000, 20246539.076485
0.053000, 20635805.311201
0.054000, 21025066.386967
0.055000, 21414322.206467
0.056000, 21803572.672387
0.057000, 22192817.687414
0.058000, 22582057.154237
0.059000, 22971290.975547
0.060000, 23360519.054035
0.061000, 23749741.292394
0.062000, 24138957.593318
0.063000, 24528167.859503
0.064000, 24917371.993647
0.065000, 25306569.898449
0.066000, 25695761.476609
0.067000, 26084946.630830
0.068000, 26474125.263814
0.069000, 26863297.278268
0.070000, 27252462.576898
0.071000, 27641621.062414
0.072000, 28030772.637525
0.073000, 28419917.204944
0.074000, 28809054.667384
0.075000, 29198184.927562
0.076000, 29587307.888193
0.077000, 29976423.452000
0.078000, 30365531.521700
0.079000, 30754632.000019
0.080000, 31143724.789681
0.081000, 31532809.793413
0.082000, 31921886.913942
0.083000, 32310956.054002
0.084000, 32700017.116323
0.085000, 33089070.003641
0.086000, 33478114.618691
0.087000, 33867150.864215
0.088000, 34256178.642952
0.089000, 34645197.857645
0.090000, 35034208.411039
0.091000, 35423210.205883
0.092000, 35812203.144925
0.093000, 36201187.130918
0.094000, 36590162.066614
0.095000, 36979127.854771
0.096000, 37368084.398147
0.097000, 37757031.599503
0.098000, 38145969.361602
0.099000, 38534897.587211
0.100000, 38923816.179095
0.101000, 39312725.040028
0.102000, 39701624.072779
0.103000, 40090513.180126
0.104000, 40479392.264846
0.105000, 40868261.229719
0.106000, 41257119.977527
0.107000, 41645968.411057
0.108000, 42034806.433096
0.109000, 42423633.946435
0.110000, 42812450.853866
0.111000, 43201257.058186
0.112000, 43590052.462193
0.113000, 43978836.968688
0.114000, 44367610.480475
0.115000, 44756372.900361
0.116000, 45145124.131154
0.117000, 45533864.075669
0.118000, 45922592.636718
0.119000, 46311309.717120
0.120000, 46700015.219696
0.121000, 47088709.047271
0.122000, 47477391.102668
0.123000, 47866061.288720
0.124000, 48254719.508258
0.125000, 48643365.664117
0.126000, 49031999.659136
0.127000, 49420621.396157
0.128000, 49809230.778023
0.129000, 50197827.707584
0.130000, 50586412.087689
0.131000, 50974983.821193
0.132000, 51363542.810951
0.133000, 51752088.959827
0.134000, 52140622.170680
0.135000, 52529142.346381
0.136000, 52917649.389796
0.137000, 53306143.203802
0.138000, 53694623.691272
0.139000, 54083090.755089
0.140000, 54471544.298134
0.141000, 54859984.223295
0.142000, 55248410.433461
0.143000, 55636822.831527
0.144000, 56025221.320387
0.145000, 56413605.802945
0.146000, 56801976.182103
0.147000, 57190332.360768
0.148000, 57578674.241852
0.149000, 57967001.728269
0.150000, 58355314.722937
0.151000, 58743613.128778
0.152000, 59131896.848718
0.153000, 59520165.785685
0.154000, 59908419.842612
0.155000, 60296658.922437
0.156000, 60684882.928097
0.157000, 61073091.762540
0.158000, 61461285.328710
0.159000, 61849463.529562
0.160000, 62237626.268049
0.161000, 62625773.447132
0.162000, 63013904.969773
0.163000, 63402020.738940
0.164000, 63790120.657602
0.165000, 64178204.628738
0.166000, 64566272.555323
0.167000, 64954324.340343
0.168000, 65342359.886782
0.169000, 65730379.097635
0.170000, 66118381.875894
0.171000, 66506368.124560
0.172000, 66894337.746635
0.173000, 67282290.645128
0.174000, 67670226.723050
0.175000, 68058145.883418
0.176000, 68446048.029250
0.177000, 68833933.063574
0.178000, 69221800.889415
0.179000, 69609651.409809
0.180000, 69997484.527791
0.181000, 70385300.146405
0.182000, 70773098.168695
0.183000, 71160878.497714
0.184000, 71548641.036514
0.185000, 71936385.688156
0.186000, 72324112.355704
0.187000, 72711820.942226
0.188000, 73099511.350794
0.189000, 73487183.484488
0.190000, 73874837.246387
0.191000, 74262472.539579
0.192000, 74650089.267155
0.193000, 75037687.332212
0.194000, 75425266.637847
0.195000, 75812827.087170
0.196000, 76200368.583286
0.197000, 76587891.029314
0.198000, 76975394.328370
0.199000, 77362878.383581
0.200000, 77750343.098074
0.201000, 78137788.374984
0.202000, 78525214.117448
0.203000, 78912620.228612
0.204000, 79300006.611622
0.205000, 79687373.169634
0.206000, 80074719.805803
0.207000, 80462046.423296
0.208000, 80849352.925279
0.209000, 81236639.214927
0.210000, 81623905.195417
0.211000, 82011150.769933
0.212000, 82398375.841663
0.213000, 82785580.313803
0.214000, 83172764.089549
0.215000, 83559927.072107
0.216000, 83947069.164685
0.217000, 84334190.270499
0.218000, 84721290.292767
0.219000, 85108369.134716
0.220000, 85495426.699574
0.221000, 85882462.890579
0.222000, 86269477.610969
0.223000, 86656470.763994
0.224000, 87043442.252902
0.225000, 87430391.980954
0.226000, 87817319.851409
0.227000, 88204225.767537
0.228000, 88591109.632611
0.229000, 88977971.349911
0.230000, 89364810.822719
0.231000, 89751627.954329
0.232000, 90138422.648032
0.233000, 90525194.807134
0.234000, 90911944.334939
0.235000, 91298671.134762
0.236000, 91685375.109918
0.237000, 92072056.163734
0.238000, 92458714.199538
0.239000, 92845349.120666
0.240000, 93231960.830460
0.241000, 93618549.232266
0.242000, 94005114.229437
0.243000, 94391655.725334
0.244000, 94778173.623318
0.245000, 95164667.826762
0.246000, 95551138.239041
0.247000, 95937584.763540
0.248000, 96324007.303644
0.249000, 96710405.762750
0.250000, 97096780.044256
0.251000, 97483130.051571
0.252000, 97869455.688105
0.253000, 98255756.857280
0.254000, 98642033.462516
0.255000, 99028285.407249
0.256000, 99414512.594912
0.257000, 99800714.928951
0.258000, 100186892.312812
0.259000, 100573044.649955
0.260000, 100959171.843838
0.261000, 101345273.797932
0.262000, 101731350.415710
0.263000, 102117401.600654
0.264000, 102503427.256250
0.265000, 102889427.285993
0.266000, 103275401.593380
0.267000, 103661350.081922
0.268000, 104047272.655128
0.269000, 104433169.216520
0.270000, 104819039.669621
0.271000, 105204883.917967
0.272000, 105590701.865094
0.273000, 105976493.414549
0.274000, 106362258.469883
0.275000, 106747996.934657
0.276000, 107133708.712433
0.277000, 107519393.706786
0.278000, 107905051.821293
0.279000, 108290682.959541
0.280000, 108676287.025121
0.281000, 109061863.921633
0.282000, 109447413.552680
0.283000, 109832935.821879
0.284000, 110218430.632846
0.285000, 110603897.889210
0.286000, 110989337.494601
0.287000, 111374749.352662
0.288000, 111760133.367038
0.289000, 112145489.441385
0.290000, 112530817.479362
0.291000, 112916117.384639
0.292000, 113301389.060888
0.293000, 113686632.411795
0.294000, 114071847.341045
0.295000, 114457033.752339
0.296000, 114842191.549375
0.297000, 115227320.635869
0.298000, 115612420.915535
0.299000, 115997492.292100
0.300000, 116382534.669293
0.301000, 116767547.950858
0.302000, 117152532.040538
0.303000, 117537486.842090
0.304000, 117922412.259272
0.305000, 118307308.195856
0.306000, 118692174.555615
0.307000, 119077011.242335
0.308000, 119461818.159804
0.309000, 119846595.211823
0.310000, 120231342.302196
0.311000, 120616059.334738
0.312000, 121000746.213267
0.313000, 121385402.841615
0.314000, 121770029.123614
0.315000, 122154624.963110
0.316000, 122539190.263953
0.317000, 122923724.930003
0.318000, 123308228.865124
0.319000, 123692701.973192
0.320000, 124077144.158088
0.321000, 124461555.323702
0.322000, 124845935.373929
0.323000, 125230284.212678
0.324000, 125614601.743858
0.325000, 125998887.871393
0.326000, 126383142.499207
0.327000, 126767365.531242
0.328000, 127151556.871437
0.329000, 127535716.423748
0.330000, 127919844.092132
0.331000, 128303939.780560
0.332000, 128688003.393006
0.333000, 129072034.833455
0.334000, 129456034.005899
0.335000, 129840000.814339
0.336000, 130223935.162781
0.337000, 130607836.955245
0.338000, 130991706.095752
0.339000, 131375542.488337
0.340000, 131759346.037040
0.341000, 132143116.645910
0.342000, 132526854.219005
0.343000, 132910558.660390
0.344000, 133294229.874139
0.345000, 133677867.764335
0.346000, 134061472.235068
0.347000, 134445043.190437
0.348000, 134828580.534548
0.349000, 135212084.171518
0.350000, 135595554.005471
0.351000, 135978989.940540
0.352000, 136362391.880865
0.353000, 136745759.730596
0.354000, 137129093.393891
0.355000, 137512392.774917
0.356000, 137895657.777848
0.357000, 138278888.306870
0.358000, 138662084.266172
0.359000, 139045245.559958
0.360000, 139428372.092436
0.361000, 139811463.767826
0.362000, 140194520.490354
0.363000, 140577542.164255
0.364000, 140960528.693775
0.365000, 141343479.983168
0.366000, 141726395.936693
0.367000, 142109276.458625
0.368000, 142492121.453241
0.369000, 142874930.824831
0.370000, 143257704.477692
0.371000, 143640442.316132
0.372000, 144023144.244464
0.373000, 144405810.167016
0.374000, 144788439.988118
0.375000, 145171033.612115
0.376000, 145553590.943358
0.377000, 145936111.886207
0.378000, 146318596.345032
0.379000, 146701044.224213
0.380000, 147083455.428136
0.381000, 147465829.861201
0.382000, 147848167.427812
0.383000, 148230468.032386
0.384000, 148612731.579346
0.385000, 148994957.973128
0.386000, 149377147.118175
0.387000, 149759298.918940
0.388000, 150141413.279883
0.389000, 150523490.105479
0.390000, 150905529.300205
0.391000, 151287530.768555
0.392000, 151669494.415024
0.393000, 152051420.144127
0.394000, 152433307.860377
0.395000, 152815157.468306
0.396000, 153196968.872448
0.397000, 153578741.977354
0.398000, 153960476.687578
0.399000, 154342172.907689
0.400000, 154723830.542259
0.401000, 155105449.495877
0.402000, 155487029.673136
0.403000, 155868570.978644
0.404000, 156250073.317012
0.405000, 156631536.592868
0.406000, 157012960.710842
0.407000, 157394345.575583
0.408000, 157775691.091740
0.409000, 158156997.163981
0.410000, 158538263.696975
0.411000, 158919490.595409
0.412000, 159300677.763974
0.413000, 159681825.107375
0.414000, 160062932.530324
0.415000, 160443999.937545
0.416000, 160825027.233769
0.417000, 161206014.323743
0.418000, 161586961.112217
0.419000, 161967867.503956
0.420000, 162348733.403732
0.421000, 162729558.716330
0.422000, 163110343.346542
0.423000, 163491087.199175
0.424000, 163871790.179038
0.425000, 164252452.190961
0.426000, 164633073.139774
0.427000, 165013652.930325
0.428000, 165394191.467465
0.429000, 165774688.656065
0.430000, 166155144.400995
0.431000, 166535558.607146
0.432000, 166915931.179410
0.433000, 167296262.022698
0.434000, 167676551.041923
0.435000, 168056798.142017
0.436000, 168437003.227915
0.437000, 168817166.204569
0.438000, 169197286.976934
0.439000, 169577365.449985
0.440000, 169957401.528696
0.441000, 170337395.118065
0.442000, 170717346.123087
0.443000, 171097254.448780
0.444000, 171477120.000163
0.445000, 171856942.682272
0.446000, 172236722.400149
0.447000, 172616459.058852
0.448000, 172996152.563443
0.449000, 173375802.819003
0.450000, 173755409.730615
0.451000, 174134973.203382
0.452000, 174514493.142409
0.453000, 174893969.452820
0.454000, 175273402.039741
0.455000, 175652790.808319
0.456000, 176032135.663702
0.457000, 176411436.511058
0.458000, 176790693.255559
0.459000, 177169905.802393
0.460000, 177549074.056754
0.461000, 177928197.923853
0.462000, 178307277.308906
0.463000, 178686312.117147
0.464000, 179065302.253813
0.465000, 179444247.624161
0.466000, 179823148.133450
0.467000, 180202003.686960
0.468000, 180580814.189971
0.469000, 180959579.547786
0.470000, 181338299.665710
0.471000, 181716974.449066
0.472000, 182095603.803181
0.473000, 182474187.633403
0.474000, 182852725.845081
0.475000, 183231218.343586
0.476000, 183609665.034288
0.477000, 183988065.822582
0.478000, 184366420.613863
0.479000, 184744729.313546
0.480000, 185122991.827050
0.481000, 185501208.059813
0.482000, 185879377.917278
0.483000, 186257501.304906
0.484000, 186635578.128161
0.485000, 187013608.292530
0.486000, 187391591.703500
0.487000, 187769528.266580
0.488000, 188147417.887280
0.489000, 188525260.471134
0.490000, 188903055.923676
0.491000, 189280804.150462
0.492000, 189658505.057050
0.493000, 190036158.549020
0.494000, 190413764.531953
0.495000, 190791322.911453
0.496000, 191168833.593125
0.497000, 191546296.482596
0.498000, 191923711.485497
0.499000, 192301078.507478
0.500000, 192678397.454193
0.501000, 193055668.231316
0.502000, 193432890.744525
0.503000, 193810064.899519
0.504000, 194187190.602001
0.505000, 194564267.757693
0.506000, 194941296.272321
0.507000, 195318276.051633
0.508000, 195695207.001380
0.509000, 196072089.027332
0.510000, 196448922.035266
0.511000, 196825705.930977
0.512000, 197202440.620266
0.513000, 197579126.008952
0.514000, 197955762.002860
0.515000, 198332348.507835
0.516000, 198708885.429727
0.517000, 199085372.674406
0.518000, 199461810.147745
0.519000, 199838197.755639
0.520000, 200214535.403988
0.521000, 200590822.998710
0.522000, 200967060.445731
0.523000, 201343247.650994
0.524000, 201719384.520450
0.525000, 202095470.960067
0.526000, 202471506.875820
0.527000, 202847492.173704
0.528000, 203223426.759719
0.529000, 203599310.539886
0.530000, 203975143.420228
0.531000, 204350925.306793
0.532000, 204726656.105630
0.533000, 205102335.722812
0.534000, 205477964.064413
0.535000, 205853541.036531
0.536000, 206229066.545268
0.537000, 206604540.496746
0.538000, 206979962.797093
0.539000, 207355333.352458
0.540000, 207730652.068993
0.541000, 208105918.852873
0.542000, 208481133.610277
0.543000, 208856296.247406
0.544000, 209231406.670465
0.545000, 209606464.785681
0.546000, 209981470.499284
0.547000, 210356423.717528
0.548000, 210731324.346670
0.549000, 211106172.292989
0.550000, 211480967.462769
0.551000, 211855709.762315
0.552000, 212230399.097938
0.553000, 212605035.375970
0.554000, 212979618.502746
0.555000, 213354148.384627
0.556000, 213728624.927974
0.557000, 214103048.039174
0.558000, 214477417.624615
0.559000, 214851733.590711
0.560000, 215225995.843877
0.561000, 215600204.290552
0.562000, 215974358.837181
0.563000, 216348459.390228
0.564000, 216722505.856165
0.565000, 217096498.141483
0.566000, 217470436.152682
0.567000, 217844319.796279
0.568000, 218218148.978801
0.569000, 218591923.606794
0.570000, 218965643.586811
0.571000, 219339308.825425
0.572000, 219712919.229216
0.573000, 220086474.704785
0.574000, 220459975.158741
0.575000, 220833420.497711
0.576000, 221206810.628330
0.577000, 221580145.457255
0.578000, 221953424.891148
0.579000, 222326648.836693
0.580000, 222699817.200581
0.581000, 223072929.889523
0.582000, 223445986.810236
0.583000, 223818987.869462
0.584000, 224191932.973945
0.585000, 224564822.030453
0.586000, 224937654.945760
0.587000, 225310431.626663
0.588000, 225683151.979961
0.589000, 226055815.912481
0.590000, 226428423.331050
0.591000, 226800974.142523
0.592000, 227173468.253757
0.593000, 227545905.571632
0.594000, 227918286.003035
0.595000, 228290609.454876
0.596000, 228662875.834069
0.597000, 229035085.047551
0.598000, 229407237.002267
0.599000, 229779331.605182
0.600000, 230151368.763269
0.601000, 230523348.383523
0.602000, 230895270.372944
0.603000, 231267134.638557
0.604000, 231638941.087390
0.605000, 232010689.626497
0.606000, 232382380.162936
0.607000, 232754012.603789
0.608000, 233125586.856143
0.609000, 233497102.827109
0.610000, 233868560.423805
0.611000, 234239959.553369
0.612000, 234611300.122948
0.613000, 234982582.039711
0.614000, 235353805.210834
0.615000, 235724969.543513
0.616000, 236096074.944956
0.617000, 236467121.322388
0.618000, 236838108.583045
0.619000, 237209036.634184
0.620000, 237579905.383068
0.621000, 237950714.736985
0.622000, 238321464.603228
0.623000, 238692154.889114
0.624000, 239062785.501966
0.625000, 239433356.349131
0.626000, 239803867.337961
0.627000, 240174318.375834
0.628000, 240544709.370132
0.629000, 240915040.228262
0.630000, 241285310.857637
0.631000, 241655521.165693
0.632000, 242025671.059873
0.633000, 242395760.447646
0.634000, 242765789.236482
0.635000, 243135757.333881
0.636000, 243505664.647345
0.637000, 243875511.084403
0.638000, 244245296.552587
0.639000, 244615020.959457
0.640000, 244984684.212576
0.641000, 245354286.219534
0.642000, 245723826.887925
0.643000, 246093306.125369
0.644000, 246462723.839491
0.645000, 246832079.937941
0.646000, 247201374.328377
0.647000, 247570606.918478
0.648000, 247939777.615932
0.649000, 248308886.328452
0.650000, 248677932.963755
0.651000, 249046917.429584
0.652000, 249415839.633689
0.653000, 249784699.483843
0.654000, 250153496.887827
0.655000, 250522231.753447
0.656000, 250890903.988514
0.657000, 251259513.500865
0.658000, 251628060.198342
0.659000, 251996543.988813
0.660000, 252364964.780154
0.661000, 252733322.480263
0.662000, 253101616.997047
0.663000, 253469848.238436
0.664000, 253838016.112368
0.665000, 254206120.526805
0.666000, 254574161.389718
0.667000, 254942138.609100
0.668000, 255310052.092952
0.669000, 255677901.749301
0.670000, 256045687.486180
0.671000, 256413409.211647
0.672000, 256781066.833766
0.673000, 257148660.260629
0.674000, 257516189.400331
0.675000, 257883654.160997
0.676000, 258251054.450753
0.677000, 258618390.177757
0.678000, 258985661.250167
0.679000, 259352867.576172
0.680000, 259720009.063966
0.681000, 260087085.621767
0.682000, 260454097.157802
0.683000, 260821043.580323
0.684000, 261187924.797587
0.685000, 261554740.717881
0.686000, 261921491.249495
0.687000, 262288176.300746
0.688000, 262654795.779958
0.689000, 263021349.595481
0.690000, 263387837.655672
0.691000, 263754259.868914
0.692000, 264120616.143595
0.693000, 264486906.388134
0.694000, 264853130.510950
0.695000, 265219288.420494
0.696000, 265585380.025222
0.697000, 265951405.233614
0.698000, 266317363.954161
0.699000, 266683256.095377
0.700000, 267049081.565783
0.701000, 267414840.273930
0.702000, 267780532.128372
0.703000, 268146157.037692
0.704000, 268511714.910477
0.705000, 268877205.655344
0.706000, 269242629.180915
0.707000, 269607985.395839
0.708000, 269973274.208771
0.709000, 270338495.528396
0.710000, 270703649.263402
0.711000, 271068735.322507
0.712000, 271433753.614432
0.713000, 271798704.047930
0.714000, 272163586.531757
0.715000, 272528400.974698
0.716000, 272893147.285544
0.717000, 273257825.373114
0.718000, 273622435.146233
0.719000, 273986976.513754
0.720000, 274351449.384535
0.721000, 274715853.667466
0.722000, 275080189.271437
0.723000, 275444456.105373
0.724000, 275808654.078199
0.725000, 276172783.098873
0.726000, 276536843.076356
0.727000, 276900833.919640
0.728000, 277264755.537720
0.729000, 277628607.839623
0.730000, 277992390.734378
0.731000, 278356104.131047
0.732000, 278719747.938695
0.733000, 279083322.066417
0.734000, 279446826.423313
0.735000, 279810260.918515
0.736000, 280173625.461156
0.737000, 280536919.960402
0.738000, 280900144.325422
0.739000, 281263298.465419
0.740000, 281626382.289595
0.741000, 281989395.707188
0.742000, 282352338.627436
0.743000, 282715210.959611
0.744000, 283078012.612989
0.745000, 283440743.496875
0.746000, 283803403.520580
0.747000, 284165992.593445
0.748000, 284528510.624818
0.749000, 284890957.524074
0.750000, 285253333.200596
0.751000, 285615637.563797
0.752000, 285977870.523093
0.753000, 286340031.987932
0.754000, 286702121.867769
0.755000, 287064140.072088
0.756000, 287426086.510376
0.757000, 287787961.092154
0.758000, 288149763.726947
0.759000, 288511494.324311
0.760000, 288873152.793806
0.761000, 289234739.045025
0.762000, 289596252.987564
0.763000, 289957694.531052
0.764000, 290319063.585121
0.765000, 290680360.059436
0.766000, 291041583.863666
0.767000, 291402734.907512
0.768000, 291763813.100679
0.769000, 292124818.352905
0.770000, 292485750.573932
0.771000, 292846609.673533
0.772000, 293207395.561486
0.773000, 293568108.147603
0.774000, 293928747.341697
0.775000, 294289313.053617
0.776000, 294649805.193214
0.777000, 295010223.670371
0.778000, 295370568.394978
0.779000, 295730839.276954
0.780000, 296091036.226226
0.781000, 296451159.152751
0.782000, 296811207.966491
0.783000, 297171182.577442
0.784000, 297531082.895602
0.785000, 297890908.831003
0.786000, 298250660.293682
0.787000, 298610337.193709
0.788000, 298969939.441156
0.789000, 299329466.946131
0.790000, 299688919.618744
0.791000, 300048297.369140
0.792000, 300407600.107466
0.793000, 300766827.743905
0.794000, 301125980.188641
0.795000, 301485057.351896
0.796000, 301844059.143891
0.797000, 302202985.474883
0.798000, 302561836.255135
0.799000, 302920611.394940
0.800000, 303279310.804597
0.801000, 303637934.394439
0.802000, 303996482.074802
0.803000, 304354953.756058
0.804000, 304713349.348580
0.805000, 305071668.762778
0.806000, 305429911.909063
0.807000, 305788078.697883
0.808000, 306146169.039689
0.809000, 306504182.844965
0.810000, 306862120.024201
0.811000, 307219980.487919
0.812000, 307577764.146647
0.813000, 307935470.910947
0.814000, 308293100.691384
0.815000, 308650653.398559
0.816000, 309008128.943076
0.817000, 309365527.235574
0.818000, 309722848.186695
0.819000, 310080091.707116
0.820000, 310437257.707520
0.821000, 310794346.098622
0.822000, 311151356.791143
0.823000, 311508289.695838
0.824000, 311865144.723466
0.825000, 312221921.784820
0.826000, 312578620.790699
0.827000, 312935241.651936
0.828000, 313291784.279368
0.829000, 313648248.583866
0.830000, 314004634.476308
0.831000, 314360941.867604
0.832000, 314717170.668670
0.833000, 315073320.790457
0.834000, 315429392.143918
0.835000, 315785384.640045
0.836000, 316141298.189830
0.837000, 316497132.704304
0.838000, 316852888.094501
0.839000, 317208564.271488
0.840000, 317564161.146340
0.841000, 317919678.630165
0.842000, 318275116.634075
0.843000, 318630475.069219
0.844000, 318985753.846750
0.845000, 319340952.877856
0.846000, 319696072.073728
0.847000, 320051111.345597
0.848000, 320406070.604692
0.849000, 320760949.762284
0.850000, 321115748.729643
0.851000, 321470467.418078
0.852000, 321825105.738902
0.853000, 322179663.603463
0.854000, 322534140.923113
0.855000, 322888537.609241
0.856000, 323242853.573241
0.857000, 323597088.726540
0.858000, 323951242.980573
0.859000, 324305316.246809
0.860000, 324659308.436720
0.861000, 325013219.461819
0.862000, 325367049.233617
0.863000, 325720797.663667
0.864000, 326074464.663523
0.865000, 326428050.144777
0.866000, 326781554.019023
0.867000, 327134976.197894
0.868000, 327488316.593027
0.869000, 327841575.116094
0.870000, 328194751.678773
0.871000, 328547846.192778
0.872000, 328900858.569826
0.873000, 329253788.721674
0.874000, 329606636.560080
0.875000, 329959401.996841
0.876000, 330312084.943756
0.877000, 330664685.312664
0.878000, 331017203.015406
0.879000, 331369637.963862
0.880000, 331721990.069913
0.881000, 332074259.245481
0.882000, 332426445.402489
0.883000, 332778548.452900
0.884000, 333130568.308679
0.885000, 333482504.881830
0.886000, 333834358.084360
0.887000, 334186127.828315
0.888000, 334537814.025743
0.889000, 334889416.588732
0.890000, 335240935.429372
0.891000, 335592370.459793
0.892000, 335943721.592125
0.893000, 336294988.738543
0.894000, 336646171.811218
0.895000, 336997270.722365
0.896000, 337348285.384198
0.897000, 337699215.708976
0.898000, 338050061.608954
0.899000, 338400822.996432
0.900000, 338751499.783708
0.901000, 339102091.883125
0.902000, 339452599.207024
0.903000, 339803021.667788
0.904000, 340153359.177801
0.905000, 340503611.649489
0.906000, 340853778.995280
0.907000, 341203861.127640
0.908000, 341553857.959040
0.909000, 341903769.401991
0.910000, 342253595.369004
0.911000, 342603335.772634
0.912000, 342952990.525434
0.913000, 343302559.540002
0.914000, 343652042.728935
0.915000, 344001440.004873
0.916000, 344350751.280455
0.917000, 344699976.468364
0.918000, 345049115.481285
0.919000, 345398168.231942
0.920000, 345747134.633061
0.921000, 346096014.597412
0.922000, 346444808.037764
0.923000, 346793514.866930
0.924000, 347142134.997722
0.925000, 347490668.342996
0.926000, 347839114.815607
0.927000, 348187474.328455
0.928000, 348535746.794439
0.929000, 348883932.126502
0.930000, 349232030.237587
0.931000, 349580041.040680
0.932000, 349927964.448767
0.933000, 350275800.374879
0.934000, 350623548.732046
0.935000, 350971209.433341
0.936000, 351318782.391838
0.937000, 351666267.520656
0.938000, 352013664.732911
0.939000, 352360973.941766
0.940000, 352708195.060382
0.941000, 353055328.001966
0.942000, 353402372.679722
0.943000, 353749329.006901
0.944000, 354096196.896752
0.945000, 354442976.262570
0.946000, 354789667.017648
0.947000, 355136269.075326
0.948000, 355482782.348941
0.949000, 355829206.751877
0.950000, 356175542.197516
0.951000, 356521788.599285
0.952000, 356867945.870612
0.953000, 357214013.924968
0.954000, 357559992.675826
0.955000, 357905882.036701
0.956000, 358251681.921111
0.957000, 358597392.242616
0.958000, 358943012.914779
0.959000, 359288543.851204
0.960000, 359633984.965498
0.961000, 359979336.171311
0.962000, 360324597.382296
0.963000, 360669768.512147
0.964000, 361014849.474562
0.965000, 361359840.183280
0.966000, 361704740.552043
0.967000, 362049550.494636
0.968000, 362394269.924848
0.969000, 362738898.756507
0.970000, 363083436.903448
0.971000, 363427884.279545
0.972000, 363772240.798676
0.973000, 364116506.374763
0.974000, 364460680.921728
0.975000, 364804764.353539
0.976000, 365148756.584165
0.977000, 365492657.527617
0.978000, 365836467.097910
0.979000, 366180185.209103
0.980000, 366523811.775254
0.981000, 366867346.710469
0.982000, 367210789.928852
0.983000, 367554141.344554
0.984000, 367897400.871726
0.985000, 368240568.424564
0.986000, 368583643.917265
0.987000, 368926627.264071
0.988000, 369269518.379225
0.989000, 369612317.177017
0.990000, 369955023.571734
0.991000, 370297637.477712
0.992000, 370640158.809285
0.993000, 370982587.480836
0.994000, 371324923.406744
0.995000, 371667166.501438
0.996000, 372009316.679346
0.997000, 372351373.854941
0.998000, 372693337.942698
0.999000, 373035208.857137
1.000000, 373376986.512778
1.001000, 373718670.824190
1.002000, 374060261.705939
1.003000, 374401759.072640
1.004000, 374743162.838906
1.005000, 375084472.919398
1.006000, 375425689.228776
1.007000, 375766811.681750
1.008000, 376107840.193025
1.009000, 376448774.677357
1.010000, 376789615.049500
1.011000, 377130361.224257
1.012000, 377471013.116428
1.013000, 377811570.640864
1.014000, 378152033.712411
1.015000, 378492402.245967
1.016000, 378832676.156428
1.017000, 379172855.358736
1.018000, 379512939.767836
1.019000, 379852929.298718
1.020000, 380192823.866372
1.021000, 380532623.385838
1.022000, 380872327.772153
1.023000, 381211936.940403
1.024000, 381551450.805674
1.025000, 381890869.283100
1.026000, 382230192.287813
1.027000, 382569419.734995
1.028000, 382908551.539827
1.029000, 383247587.617540
1.030000, 383586527.883359
1.031000, 383925372.252565
1.032000, 384264120.640432
1.033000, 384602772.962287
1.034000, 384941329.133453
1.035000, 385279789.069304
1.036000, 385618152.685213
1.037000, 385956419.896602
1.038000, 386294590.618890
1.039000, 386632664.767549
1.040000, 386970642.258045
1.041000, 387308523.005900
1.042000, 387646306.926628
1.043000, 387983993.935797
1.044000, 388321583.948973
1.045000, 388659076.881771
1.046000, 388996472.649804
1.047000, 389333771.168736
1.048000, 389670972.354231
1.049000, 390008076.122001
1.050000, 390345082.387756
1.051000, 390681991.067259
1.052000, 391018802.076269
1.053000, 391355515.330596
1.054000, 391692130.746049
1.055000, 392028648.238487
1.056000, 392365067.723769
1.057000, 392701389.117801
1.058000, 393037612.336491
1.059000, 393373737.295796
1.060000, 393709763.911671
1.061000, 394045692.100124
1.062000, 394381521.777158
1.063000, 394717252.858830
1.064000, 395052885.261194
1.065000, 395388418.900354
1.066000, 395723853.692415
1.067000, 396059189.553530
1.068000, 396394426.399853
1.069000, 396729564.147588
1.070000, 397064602.712936
1.071000, 397399542.012152
1.072000, 397734381.961487
1.073000, 398069122.477245
1.074000, 398403763.475727
1.075000, 398738304.873287
1.076000, 399072746.586276
1.077000, 399407088.531096
1.078000, 399741330.624149
1.079000, 400075472.781888
1.080000, 400409514.920763
1.081000, 400743456.957278
1.082000, 401077298.807934
1.083000, 401411040.389283
1.084000, 401744681.617878
1.085000, 402078222.410320
1.086000, 402411662.683212
1.087000, 402745002.353206
1.088000, 403078241.336955
1.089000, 403411379.551162
1.090000, 403744416.912529
1.091000, 404077353.337811
1.092000, 404410188.743759
1.093000, 404742923.047179
1.094000, 405075556.164872
1.095000, 405408088.013696
1.096000, 405740518.510502
1.097000, 406072847.572197
1.098000, 406405075.115685
1.099000, 406737201.057924
1.100000, 407069225.315866
1.101000, 407401147.806522
1.102000, 407732968.446895
1.103000, 408064687.154046
1.104000, 408396303.845028
1.105000, 408727818.436955
1.106000, 409059230.846931
1.107000, 409390540.992119
1.108000, 409721748.789676
1.109000, 410052854.156815
1.110000, 410383857.010745
1.111000, 410714757.268731
1.112000, 411045554.848031
1.113000, 411376249.665963
1.114000, 411706841.639836
1.115000, 412037330.687018
1.116000, 412367716.724872
1.117000, 412697999.670817
1.118000, 413028179.442266
1.119000, 413358255.956690
1.120000, 413688229.131554
1.121000, 414018098.884381
1.122000, 414347865.132687
1.123000, 414677527.794047
1.124000, 415007086.786029
1.125000, 415336542.026259
1.126000, 415665893.432359
1.127000, 415995140.922004
1.128000, 416324284.412869
1.129000, 416653323.822682
1.130000, 416982259.069169
1.131000, 417311090.070111
1.132000, 417639816.743285
1.133000, 417968439.006525
1.134000, 418296956.777659
1.135000, 418625369.974574
1.136000, 418953678.515151
1.137000, 419281882.317329
1.138000, 419609981.299040
1.139000, 419937975.378275
1.140000, 420265864.473022
1.141000, 420593648.501322
1.142000, 420921327.381215
1.143000, 421248901.030795
1.144000, 421576369.368156
1.145000, 421903732.311443
1.146000, 422230989.778803
1.147000, 422558141.688434
1.148000, 422885187.958535
1.149000, 423212128.507359
1.150000, 423538963.253155
1.151000, 423865692.114231
1.152000, 424192315.008888
1.153000, 424518831.855486
1.154000, 424845242.572382
1.155000, 425171547.077986
1.156000, 425497745.290709
1.157000, 425823837.129015
1.158000, 426149822.511366
1.159000, 426475701.356282
1.160000, 426801473.582278
1.161000, 427127139.107925
1.162000, 427452697.851792
1.163000, 427778149.732505
1.164000, 428103494.668685
1.165000, 428428732.579011
1.166000, 428753863.382160
1.167000, 429078886.996862
1.168000, 429403803.341848
1.169000, 429728612.335902
1.170000, 430053313.897809
1.171000, 430377907.946407
1.172000, 430702394.400533
1.173000, 431026773.179081
1.174000, 431351044.200940
1.175000, 431675207.385059
1.176000, 431999262.650380
1.177000, 432323209.915906
1.178000, 432647049.100634
1.179000, 432970780.123621
1.180000, 433294402.903917
1.181000, 433617917.360633
1.182000, 433941323.412874
1.183000, 434264620.979805
1.184000, 434587809.980586
1.185000, 434910890.334434
1.186000, 435233861.960565
1.187000, 435556724.778251
1.188000, 435879478.706760
1.189000, 436202123.665420
1.190000, 436524659.573554
1.191000, 436847086.350544
1.192000, 437169403.915767
1.193000, 437491612.188659
1.194000, 437813711.088654
1.195000, 438135700.535240
1.196000, 438457580.447908
1.197000, 438779350.746200
1.198000, 439101011.349660
1.199000, 439422562.177886
1.200000, 439744003.150479
1.201000, 440065334.187090
1.202000, 440386555.207373
1.203000, 440707666.131037
1.204000, 441028666.877791
1.205000, 441349557.367398
1.206000, 441670337.519621
1.207000, 441991007.254279
1.208000, 442311566.491192
1.209000, 442632015.150233
1.210000, 442952353.151276
1.211000, 443272580.414250
1.212000, 443592696.859085
1.213000, 443912702.405767
1.214000, 444232596.974278
1.215000, 444552380.484660
1.216000, 444872052.856952
1.217000, 445191614.011252
1.218000, 445511063.867653
1.219000, 445830402.346309
1.220000, 446149629.367370
1.221000, 446468744.851044
1.222000, 446787748.717537
1.223000, 447106640.887114
1.224000, 447425421.280036
1.225000, 447744089.816623
1.226000, 448062646.417192
1.227000, 448381091.002121
1.228000, 448699423.491783
1.229000, 449017643.806609
1.230000, 449335751.867030
1.231000, 449653747.593534
1.232000, 449971630.906606
1.233000, 450289401.726791
1.234000, 450607059.974631
1.235000, 450924605.570726
1.236000, 451242038.435676
1.237000, 451559358.490137
1.238000, 451876565.654764
1.239000, 452193659.850270
1.240000, 452510640.997366
1.241000, 452827509.016823
1.242000, 453144263.829409
1.243000, 453460905.355949
1.244000, 453777433.517268
1.245000, 454093848.234250
1.246000, 454410149.427775
1.247000, 454726337.018784
1.248000, 455042410.928214
1.249000, 455358371.077062
1.250000, 455674217.386323
1.251000, 455989949.777050
1.252000, 456305568.170295
1.253000, 456621072.487170
1.254000, 456936462.648782
1.255000, 457251738.576299
1.256000, 457566900.190887
1.257000, 457881947.413771
1.258000, 458196880.166173
1.259000, 458511698.369377
1.260000, 458826401.944662
1.261000, 459140990.813367
1.262000, 459455464.896830
1.263000, 459769824.116448
1.264000, 460084068.393615
1.265000, 460398197.649786
1.266000, 460712211.806414
1.267000, 461026110.785010
1.268000, 461339894.507083
1.269000, 461653562.894204
1.270000, 461967115.867940
1.271000, 462280553.349919
1.272000, 462593875.261764
1.273000, 462907081.525162
1.274000, 463220172.061795
1.275000, 463533146.793406
1.276000, 463846005.641736
1.277000, 464158748.528586
1.278000, 464471375.375755
1.279000, 464783886.105101
1.280000, 465096280.638481
1.281000, 465408558.897812
1.282000, 465720720.805009
1.283000, 466032766.282048
1.284000, 466344695.250900
1.285000, 466656507.633600
1.286000, 466968203.352178
1.287000, 467279782.328728
1.288000, 467591244.485337
1.289000, 467902589.744156
1.290000, 468213818.027334
1.291000, 468524929.257079
1.292000, 468835923.355597
1.293000, 469146800.245156
1.294000, 469457559.848020
1.295000, 469768202.086516
1.296000, 470078726.882967
1.297000, 470389134.159758
1.298000, 470699423.839271
1.299000, 471009595.843950
1.300000, 471319650.096235
1.301000, 471629586.518629
1.302000, 471939405.033633
1.303000, 472249105.563807
1.304000, 472558688.031709
1.305000, 472868152.359962
1.306000, 473177498.471183
1.307000, 473486726.288050
1.308000, 473795835.733242
1.309000, 474104826.729496
1.310000, 474413699.199549
1.311000, 474722453.066200
1.312000, 475031088.252242
1.313000, 475339604.680535
1.314000, 475648002.273932
1.315000, 475956280.955350
1.316000, 476264440.647704
1.317000, 476572481.273969
1.318000, 476880402.757120
1.319000, 477188205.020192
1.320000, 477495887.986218
1.321000, 477803451.578294
1.322000, 478110895.719513
1.323000, 478418220.333031
1.324000, 478725425.341998
1.325000, 479032510.669632
1.326000, 479339476.239143
1.327000, 479646321.973807
1.328000, 479953047.796897
1.329000, 480259653.631747
1.330000, 480566139.401688
1.331000, 480872505.030118
1.332000, 481178750.440426
1.333000, 481484875.556069
1.334000, 481790880.300499
1.335000, 482096764.597231
1.336000, 482402528.369778
1.337000, 482708171.541714
1.338000, 483013694.036614
1.339000, 483319095.778112
1.340000, 483624376.689842
1.341000, 483929536.695500
1.342000, 484234575.718779
1.343000, 484539493.683437
1.344000, 484844290.513227
1.345000, 485148966.131967
1.346000, 485453520.463471
1.347000, 485757953.431617
1.348000, 486062264.960280
1.349000, 486366454.973400
1.350000, 486670523.394911
1.351000, 486974470.148814
1.352000, 487278295.159106
1.353000, 487581998.349846
1.354000, 487885579.645092
1.355000, 488189038.968965
1.356000, 488492376.245585
1.357000, 488795591.399133
1.358000, 489098684.353789
1.359000, 489401655.033796
1.360000, 489704503.363395
1.361000, 490007229.266891
1.362000, 490309832.668585
1.363000, 490612313.492844
1.364000, 490914671.664030
1.365000, 491216907.106570
1.366000, 491519019.744890
1.367000, 491821009.503477
1.368000, 492122876.306818
1.369000, 492424620.079462
1.370000, 492726240.745958
1.371000, 493027738.230915
1.372000, 493329112.458944
1.373000, 493630363.354717
1.374000, 493931490.842905
1.375000, 494232494.848243
1.376000, 494533375.295464
1.377000, 494834132.109362
1.378000, 495134765.214735
1.379000, 495435274.536437
1.380000, 495735659.999328
1.381000, 496035921.528326
1.382000, 496336059.048350
1.383000, 496636072.484382
1.384000, 496935961.761402
1.385000, 497235726.804453
1.386000, 497535367.538579
1.387000, 497834883.888885
1.388000, 498134275.780478
1.389000, 498433543.138523
1.390000, 498732685.888189
1.391000, 499031703.954706
1.392000, 499330597.263303
1.393000, 499629365.739273
1.394000, 499928009.307909
1.395000, 500226527.894564
1.396000, 500524921.424594
1.397000, 500823189.823415
1.398000, 501121333.016446
1.399000, 501419350.929166
1.400000, 501717243.487055
1.401000, 502015010.615655
1.402000, 502312652.240509
1.403000, 502610168.287222
1.404000, 502907558.681400
1.405000, 503204823.348710
1.406000, 503501962.214822
1.407000, 503798975.205465
1.408000, 504095862.246371
1.409000, 504392623.263333
1.410000, 504689258.182147
1.411000, 504985766.928668
1.412000, 505282149.428755
1.413000, 505578405.608326
1.414000, 505874535.393303
1.415000, 506170538.709667
1.416000, 506466415.483405
1.417000, 506762165.640560
1.418000, 507057789.107182
1.419000, 507353285.809377
1.420000, 507648655.673259
1.421000, 507943898.624999
1.422000, 508239014.590771
1.423000, 508534003.496812
1.424000, 508828865.269359
1.425000, 509123599.834711
1.426000, 509418207.119171
1.427000, 509712687.049102
1.428000, 510007039.550867
1.429000, 510301264.550895
1.430000, 510595361.975614
1.431000, 510889331.751515
1.432000, 511183173.805089
1.433000, 511476888.062893
1.434000, 511770474.451482
1.435000, 512063932.897474
1.436000, 512357263.327490
1.437000, 512650465.668213
1.438000, 512943539.846326
1.439000, 513236485.788577
1.440000, 513529303.421714
1.441000, 513821992.672547
1.442000, 514114553.467889
1.443000, 514406985.734614
1.444000, 514699289.399601
1.445000, 514991464.389788
1.446000, 515283510.632116
1.447000, 515575428.053588
1.448000, 515867216.581211
1.449000, 516158876.142051
1.450000, 516450406.663180
1.451000, 516741808.071730
1.452000, 517033080.294835
1.453000, 517324223.259693
1.454000, 517615236.893501
1.455000, 517906121.123523
1.456000, 518196875.877022
1.457000, 518487501.081325
1.458000, 518777996.663759
1.459000, 519068362.551717
1.460000, 519358598.672591
1.461000, 519648704.953839
1.462000, 519938681.322917
1.463000, 520228527.707347
1.464000, 520518244.034653
1.465000, 520807830.232420
1.466000, 521097286.228237
1.467000, 521386611.949755
1.468000, 521675807.324628
1.469000, 521964872.280571
1.470000, 522253806.745303
1.471000, 522542610.646606
1.472000, 522831283.912264
1.473000, 523119826.470124
1.474000, 523408238.248034
1.475000, 523696519.173908
1.476000, 523984669.175658
1.477000, 524272688.181265
1.478000, 524560576.118706
1.479000, 524848332.916026
1.480000, 525135958.501271
1.481000, 525423452.802548
1.482000, 525710815.747969
1.483000, 525998047.265710
1.484000, 526285147.283946
1.485000, 526572115.730917
1.486000, 526858952.534868
1.487000, 527145657.624102
1.488000, 527432230.926930
1.489000, 527718672.371723
1.490000, 528004981.886855
1.491000, 528291159.400765
1.492000, 528577204.841892
1.493000, 528863118.138740
1.494000, 529148899.219817
1.495000, 529434548.013692
1.496000, 529720064.448936
1.497000, 530005448.454188
1.498000, 530290699.958085
1.499000, 530575818.889330
1.500000, 530860805.176627
1.501000, 531145658.748747
1.502000, 531430379.534459
1.503000, 531714967.462599
1.504000, 531999422.462004
1.505000, 532283744.461577
1.506000, 532567933.390221
1.507000, 532851989.176905
1.508000, 533135911.750599
1.509000, 533419701.040338
1.510000, 533703356.975159
1.511000, 533986879.484164
1.512000, 534270268.496457
1.513000, 534553523.941205
1.514000, 534836645.747580
1.515000, 535119633.844817
1.516000, 535402488.162153
1.517000, 535685208.628889
1.518000, 535967795.174331
1.519000, 536250247.727847
1.520000, 536532566.218809
1.521000, 536814750.576653
1.522000, 537096800.730815
1.523000, 537378716.610802
1.524000, 537660498.146116
1.525000, 537942145.266329
1.526000, 538223657.901013
1.527000, 538505035.979807
1.528000, 538786279.432348
1.529000, 539067388.188343
1.530000, 539348362.177498
1.531000, 539629201.329586
1.532000, 539909905.574381
1.533000, 540190474.841723
1.534000, 540470909.061454
1.535000, 540751208.163481
1.536000, 541031372.077713
1.537000, 541311400.734126
1.538000, 541591294.062695
1.539000, 541871051.993465
1.540000, 542150674.456479
1.541000, 542430161.381848
1.542000, 542709512.699684
1.543000, 542988728.340166
1.544000, 543267808.233472
1.545000, 543546752.309851
1.546000, 543825560.499548
1.547000, 544104232.732879
1.548000, 544382768.940159
1.549000, 544661169.051770
1.550000, 544939432.998097
1.551000, 545217560.709589
1.552000, 545495552.116698
1.553000, 545773407.149943
1.554000, 546051125.739843
1.555000, 546328707.816985
1.556000, 546606153.311958
1.557000, 546883462.155416
1.558000, 547160634.278016
1.559000, 547437669.610482
1.560000, 547714568.083537
1.561000, 547991329.627974
1.562000, 548267954.174586
1.563000, 548544441.654233
1.564000, 548820791.997777
1.565000, 549097005.136147
1.566000, 549373081.000273
1.567000, 549649019.521153
1.568000, 549924820.629785
1.569000, 550200484.257236
1.570000, 550476010.334573
1.571000, 550751398.792931
1.572000, 551026649.563447
1.573000, 551301762.577325
1.574000, 551576737.765769
1.575000, 551851575.060053
1.576000, 552126274.391450
1.577000, 552400835.691303
1.578000, 552675258.890954
1.579000, 552949543.921814
1.580000, 553223690.715296
1.581000, 553497699.202879
1.582000, 553771569.316045
1.583000, 554045300.986342
1.584000, 554318894.145322
1.585000, 554592348.724602
1.586000, 554865664.655802
1.587000, 555138841.870610
1.588000, 555411880.300715
1.589000, 555684779.877874
1.590000, 555957540.533846
1.591000, 556230162.200456
1.592000, 556502644.809533
1.593000, 556774988.292974
1.594000, 557047192.582674
1.595000, 557319257.610600
1.596000, 557591183.308720
1.597000, 557862969.609068
1.598000, 558134616.443680
1.599000, 558406123.744663
1.600000, 558677491.444123
1.601000, 558948719.474233
1.602000, 559219807.767172
1.603000, 559490756.255182
1.604000, 559761564.870511
1.605000, 560032233.545473
1.606000, 560302762.212384
1.607000, 560573150.803628
1.608000, 560843399.251593
1.609000, 561113507.488731
1.610000, 561383475.447501
1.611000, 561653303.060426
1.612000, 561922990.260032
1.613000, 562192536.978915
1.614000, 562461943.149672
1.615000, 562731208.704966
1.616000, 563000333.577467
1.617000, 563269317.699908
1.618000, 563538161.005027
1.619000, 563806863.425630
1.620000, 564075424.894525
1.621000, 564343845.344588
1.622000, 564612124.708698
1.623000, 564880262.919800
1.624000, 565148259.910844
1.625000, 565416115.614847
1.626000, 565683829.964830
1.627000, 565951402.893879
1.628000, 566218834.335085
1.629000, 566486124.221606
1.630000, 566753272.486605
1.631000, 567020279.063309
1.632000, 567287143.884952
1.633000, 567553866.884832
1.634000, 567820447.996254
1.635000, 568086887.152588
1.636000, 568353184.287208
1.637000, 568619339.333556
1.638000, 568885352.225077
1.639000, 569151222.895284
1.640000, 569416951.277693
1.641000, 569682537.305889
1.642000, 569947980.913458
1.643000, 570213282.034056
1.644000, 570478440.601342
1.645000, 570743456.549042
1.646000, 571008329.810885
1.647000, 571273060.320670
1.648000, 571537648.012198
1.649000, 571802092.819339
1.650000, 572066394.675964
1.651000, 572330553.516014
1.652000, 572594569.273434
1.653000, 572858441.882236
1.654000, 573122171.276436
1.655000, 573385757.390117
1.656000, 573649200.157367
1.657000, 573912499.512340
1.658000, 574175655.389197
1.659000, 574438667.722164
1.660000, 574701536.445473
1.661000, 574964261.493421
1.662000, 575226842.800313
1.663000, 575489280.300517
1.664000, 575751573.928411
1.665000, 576013723.618434
1.666000, 576275729.305035
1.667000, 576537590.922727
1.668000, 576799308.406031
1.669000, 577060881.689530
1.670000, 577322310.707819
1.671000, 577583595.395553
1.672000, 577844735.687397
1.673000, 578105731.518081
1.674000, 578366582.822341
1.675000, 578627289.534978
1.676000, 578887851.590803
1.677000, 579148268.924687
1.678000, 579408541.471514
1.679000, 579668669.166228
1.680000, 579928651.943785
1.681000, 580188489.739202
1.682000, 580448182.487505
1.683000, 580707730.123786
1.684000, 580967132.583144
1.685000, 581226389.800742
1.686000, 581485501.711752
1.687000, 581744468.251410
1.688000, 582003289.354960
1.689000, 582261964.957711
1.690000, 582520494.994979
1.691000, 582778879.402148
1.692000, 583037118.114606
1.693000, 583295211.067808
1.694000, 583553158.197216
1.695000, 583810959.438358
1.696000, 584068614.726769
1.697000, 584326123.998051
1.698000, 584583487.187810
1.699000, 584840704.231721
1.700000, 585097775.065465
1.701000, 585354699.624790
1.702000, 585611477.845448
1.703000, 585868109.663260
1.704000, 586124595.014054
1.705000, 586380933.833723
1.706000, 586637126.058168
1.707000, 586893171.623355
1.708000, 587149070.465257
1.709000, 587404822.519917
1.710000, 587660427.723379
1.711000, 587915886.011758
1.712000, 588171197.321175
1.713000, 588426361.587817
1.714000, 588681378.747876
1.715000, 588936248.737616
1.716000, 589190971.493301
1.717000, 589445546.951268
1.718000, 589699975.047857
1.719000, 589954255.719476
1.720000, 590208388.902541
1.721000, 590462374.533532
1.722000, 590716212.548938
1.723000, 590969902.885315
1.724000, 591223445.479225
1.725000, 591476840.267299
1.726000, 591730087.186170
1.727000, 591983186.172544
1.728000, 592236137.163131
1.729000, 592488940.094707
1.730000, 592741594.904057
1.731000, 592994101.528033
1.732000, 593246459.903492
1.733000, 593498669.967360
1.734000, 593750731.656569
1.735000, 594002644.908120
1.736000, 594254409.659019
1.737000, 594506025.846339
1.738000, 594757493.407161
1.739000, 595008812.278635
1.740000, 595259982.397914
1.741000, 595511003.702222
1.742000, 595761876.128788
1.743000, 596012599.614909
1.744000, 596263174.097889
1.745000, 596513599.515100
1.746000, 596763875.803919
1.747000, 597014002.901794
1.748000, 597263980.746177
1.749000, 597513809.274589
1.750000, 597763488.424558
1.751000, 598013018.133679
1.752000, 598262398.339554
1.753000, 598511628.979854
1.754000, 598760709.992256
1.755000, 599009641.314505
1.756000, 599258422.884351
1.757000, 599507054.639617
1.758000, 599755536.518128
1.759000, 600003868.457779
1.760000, 600252050.396472
1.761000, 600500082.272177
1.762000, 600747964.022869
1.763000, 600995695.586596
1.764000, 601243276.901407
1.765000, 601490707.905424
1.766000, 601737988.536772
1.767000, 601985118.733648
1.768000, 602232098.434253
1.769000, 602478927.576858
1.770000, 602725606.099739
1.771000, 602972133.941245
1.772000, 603218511.039724
1.773000, 603464737.333601
1.774000, 603710812.761302
1.775000, 603956737.261325
1.776000, 604202510.772172
1.777000, 604448133.232417
1.778000, 604693604.580636
1.779000, 604938924.755480
1.780000, 605184093.695600
1.781000, 605429111.339722
1.782000, 605673977.626574
1.783000, 605918692.494958
1.784000, 606163255.883676
1.785000, 606407667.731606
1.786000, 606651927.977627
1.787000, 606896036.560692
1.788000, 607139993.419755
1.789000, 607383798.493845
1.790000, 607627451.721994
1.791000, 607870953.043306
1.792000, 608114302.396887
1.793000, 608357499.721918
1.794000, 608600544.957582
1.795000, 608843438.043135
1.796000, 609086178.917837
1.797000, 609328767.521020
1.798000, 609571203.792019
1.799000, 609813487.670242
1.800000, 610055619.095102
1.801000, 610297598.006083
1.802000, 610539424.342671
1.803000, 610781098.044430
1.804000, 611022619.050921
1.805000, 611263987.301784
1.806000, 611505202.736658
1.807000, 611746265.295257
1.808000, 611987174.917297
1.809000, 612227931.542570
1.810000, 612468535.110868
1.811000, 612708985.562057
1.812000, 612949282.836008
1.813000, 613189426.872664
1.814000, 613429417.611972
1.815000, 613669254.993950
1.816000, 613908938.958623
1.817000, 614148469.446087
1.818000, 614387846.396442
1.819000, 614627069.749860
1.820000, 614866139.446519
1.821000, 615105055.426669
1.822000, 615343817.630564
1.823000, 615582425.998529
1.824000, 615820880.470896
1.825000, 616059180.988069
1.826000, 616297327.490455
1.827000, 616535319.918534
1.828000, 616773158.212792
1.829000, 617010842.313785
1.830000, 617248372.162076
1.831000, 617485747.698300
1.832000, 617722968.863095
1.833000, 617960035.597174
1.834000, 618196947.841251
1.835000, 618433705.536118
1.836000, 618670308.622566
1.837000, 618906757.041463
1.838000, 619143050.733679
1.839000, 619379189.640158
1.840000, 619615173.701847
1.841000, 619851002.859769
1.842000, 620086677.054948
1.843000, 620322196.228484
1.844000, 620557560.321478
1.845000, 620792769.275109
1.846000, 621027823.030555
1.847000, 621262721.529072
1.848000, 621497464.711916
1.849000, 621732052.520419
1.850000, 621966484.895918
1.851000, 622200761.779821
1.852000, 622434883.113543
1.853000, 622668848.838569
1.854000, 622902658.896391
1.855000, 623136313.228574
1.856000, 623369811.776687
1.857000, 623603154.482373
1.858000, 623836341.287278
1.859000, 624069372.133124
1.860000, 624302246.961635
1.861000, 624534965.714610
1.862000, 624767528.333852
1.863000, 624999934.761238
1.864000, 625232184.938648
1.865000, 625464278.808038
1.866000, 625696216.311366
1.867000, 625927997.390666
1.868000, 626159621.987975
1.869000, 626391090.045405
1.870000, 626622401.505069
1.871000, 626853556.309160
1.872000, 627084554.399869
1.873000, 627315395.719467
1.874000, 627546080.210223
1.875000, 627776607.814485
1.876000, 628006978.474603
1.877000, 628237192.133003
1.878000, 628467248.732112
1.879000, 628697148.214436
1.880000, 628926890.522480
1.881000, 629156475.598829
1.882000, 629385903.386066
1.883000, 629615173.826854
1.884000, 629844286.863855
1.885000, 630073242.439812
1.886000, 630302040.497466
1.887000, 630530680.979636
1.888000, 630759163.829144
1.889000, 630987488.988887
1.890000, 631215656.401765
1.891000, 631443666.010756
1.892000, 631671517.758838
1.893000, 631899211.589067
1.894000, 632126747.444502
1.895000, 632354125.268275
1.896000, 632581345.003525
1.897000, 632808406.593466
1.898000, 633035309.981312
1.899000, 633262055.110358
1.900000, 633488641.923897
1.901000, 633715070.365303
1.902000, 633941340.377948
1.903000, 634167451.905285
1.904000, 634393404.890767
1.905000, 634619199.277924
1.906000, 634844835.010289
1.907000, 635070312.031472
1.908000, 635295630.285085
1.909000, 635520789.714816
1.910000, 635745790.264358
1.911000, 635970631.877479
1.912000, 636195314.497950
1.913000, 636419838.069619
1.914000, 636644202.536336
1.915000, 636868407.842028
1.916000, 637092453.930627
1.917000, 637316340.746139
1.918000, 637540068.232573
1.919000, 637763636.334017
1.920000, 637987044.994560
1.921000, 638210294.158368
1.922000, 638433383.769610
1.923000, 638656313.772533
1.924000, 638879084.111385
1.925000, 639101694.730493
1.926000, 639324145.574184
1.927000, 639546436.586867
1.928000, 639768567.712947
1.929000, 639990538.896913
1.930000, 640212350.083251
1.931000, 640434001.216529
1.932000, 640655492.241313
1.933000, 640876823.102253
1.934000, 641097993.743993
1.935000, 641319004.111262
1.936000, 641539854.148787
1.937000, 641760543.801377
1.938000, 641981073.013836
1.939000, 642201441.731056
1.940000, 642421649.897922
1.941000, 642641697.459403
1.942000, 642861584.360466
1.943000, 643081310.546162
1.944000, 643300875.961536
1.945000, 643520280.551719
1.946000, 643739524.261838
1.947000, 643958607.037105
1.948000, 644177528.822726
1.949000, 644396289.563993
1.950000, 644614889.206194
1.951000, 644833327.694701
1.952000, 645051604.974882
1.953000, 645269720.992190
1.954000, 645487675.692075
1.955000, 645705469.020068
1.956000, 645923100.921701
1.957000, 646140571.342587
1.958000, 646357880.228336
1.959000, 646575027.524643
1.960000, 646792013.177200
1.961000, 647008837.131782
1.962000, 647225499.334161
1.963000, 647441999.730193
1.964000, 647658338.265731
1.965000, 647874514.886713
1.966000, 648090529.539073
1.967000, 648306382.168829
1.968000, 648522072.721995
1.969000, 648737601.144672
1.970000, 648952967.382955
1.971000, 649168171.383023
1.972000, 649383213.091056
1.973000, 649598092.453313
1.974000, 649812809.416054
1.975000, 650027363.925621
1.976000, 650241755.928353
1.977000, 650455985.370674
1.978000, 650670052.199006
1.979000, 650883956.359852
1.980000, 651097697.799716
1.981000, 651311276.465183
1.982000, 651524692.302839
1.983000, 651737945.259348
1.984000, 651951035.281379
1.985000, 652163962.315678
1.986000, 652376726.308994
1.987000, 652589327.208156
1.988000, 652801764.959993
1.989000, 653014039.511416
1.990000, 653226150.809337
1.991000, 653438098.800747
1.992000, 653649883.432640
1.993000, 653861504.652089
1.994000, 654072962.406170
1.995000, 654284256.642038
1.996000, 654495387.306848
1.997000, 654706354.347839
1.998000, 654917157.712249
1.999000, 655127797.347397
2.000000, 655338273.200603
2.001000, 655548585.219267
2.002000, 655758733.350794
2.003000, 655968717.542663
2.004000, 656178537.742362
2.005000, 656388193.897452
2.006000, 656597685.955502
2.007000, 656807013.864157
2.008000, 657016177.571067
2.009000, 657225177.023959
2.010000, 657434012.170565
2.011000, 657642682.958695
2.012000, 657851189.336162
2.013000, 658059531.250858
2.014000, 658267708.650680
2.015000, 658475721.483600
2.016000, 658683569.697599
2.017000, 658891253.240732
2.018000, 659098772.061060
2.019000, 659306126.106721
2.020000, 659513315.325860
2.021000, 659720339.666695
2.022000, 659927199.077454
2.023000, 660133893.506440
2.024000, 660340422.901961
2.025000, 660546787.212402
2.026000, 660752986.386156
2.027000, 660959020.371688
2.028000, 661164889.117475
2.029000, 661370592.572065
2.030000, 661576130.684015
2.031000, 661781503.401959
2.032000, 661986710.674536
2.033000, 662191752.450462
2.034000, 662396628.678457
2.035000, 662601339.307323
2.036000, 662805884.285861
2.037000, 663010263.562955
2.038000, 663214477.087492
2.039000, 663418524.808435
2.040000, 663622406.674756
2.041000, 663826122.635502
2.042000, 664029672.639725
2.043000, 664233056.636556
2.044000, 664436274.575132
2.045000, 664639326.404666
2.046000, 664842212.074376
2.047000, 665044931.533560
2.048000, 665247484.731519
2.049000, 665449871.617634
2.050000, 665652092.141289
2.051000, 665854146.251947
2.052000, 666056033.899078
2.053000, 666257755.032226
2.054000, 666459309.600944
2.055000, 666660697.554861
2.056000, 666861918.843612
2.057000, 667062973.416910
2.058000, 667263861.224473
2.059000, 667464582.216096
2.060000, 667665136.341584
2.061000, 667865523.550812
2.062000, 668065743.793669
2.063000, 668265797.020116
2.064000, 668465683.180123
2.065000, 668665402.223735
2.066000, 668864954.101005
2.067000, 669064338.762062
2.068000, 669263556.157044
2.069000, 669462606.236163
2.070000, 669661488.949639
2.071000, 669860204.247769
2.072000, 670058752.080856
2.073000, 670257132.399282
2.074000, 670455345.153433
2.075000, 670653390.293775
2.076000, 670851267.770777
2.077000, 671048977.534989
2.078000, 671246519.536964
2.079000, 671443893.727337
2.080000, 671641100.056744
2.081000, 671838138.475903
2.082000, 672035008.935535
2.083000, 672231711.386442
2.084000, 672428245.779430
2.085000, 672624612.065382
2.086000, 672820810.195190
2.087000, 673016840.119822
2.088000, 673212701.790252
2.089000, 673408395.157533
2.090000, 673603920.172724
2.091000, 673799276.786962
2.092000, 673994464.951388
2.093000, 674189484.617225
2.094000, 674384335.735698
2.095000, 674579018.258116
2.096000, 674773532.135785
2.097000, 674967877.320100
2.098000, 675162053.762452
2.099000, 675356061.414319
2.100000, 675549900.227178
2.101000, 675743570.152589
2.102000, 675937071.142115
2.103000, 676130403.147400
2.104000, 676323566.120093
2.105000, 676516560.011921
2.106000, 676709384.774616
2.107000, 676902040.359993
2.108000, 677094526.719868
2.109000, 677286843.806138
2.110000, 677478991.570704
2.111000, 677670969.965551
2.112000, 677862778.942662
2.113000, 678054418.454106
2.114000, 678245888.451952
2.115000, 678437188.888355
2.116000, 678628319.715467
2.117000, 678819280.885527
2.118000, 679010072.350774
2.119000, 679200694.063530
2.120000, 679391145.976121
2.121000, 679581428.040952
2.122000, 679771540.210434
2.123000, 679961482.437058
2.124000, 680151254.673320
2.125000, 680340856.871795
2.126000, 680530288.985063
2.127000, 680719550.965786
2.128000, 680908642.766629
2.129000, 681097564.340339
2.130000, 681286315.639666
2.131000, 681474896.617441
2.132000, 681663307.226499
2.133000, 681851547.419758
2.134000, 682039617.150137
2.135000, 682227516.370640
2.136000, 682415245.034271
2.137000, 682602803.094118
2.138000, 682790190.503272
2.139000, 682977407.214905
2.140000, 683164453.182195
2.141000, 683351328.358398
2.142000, 683538032.696777
2.143000, 683724566.150676
2.144000, 683910928.673440
2.145000, 684097120.218499
2.146000, 684283140.739286
2.147000, 684468990.189315
2.148000, 684654668.522104
2.149000, 684840175.691253
2.150000, 685025511.650367
2.151000, 685210676.353129
2.152000, 685395669.753230
2.153000, 685580491.804441
2.154000, 685765142.460536
2.155000, 685949621.675373
2.156000, 686133929.402813
2.157000, 686318065.596797
2.158000, 686502030.211273
2.159000, 686685823.200268
2.160000, 686869444.517816
2.161000, 687052894.118029
2.162000, 687236171.955027
2.163000, 687419277.983008
2.164000, 687602212.156178
2.165000, 687784974.428822
2.166000, 687967564.755231
2.167000, 688149983.089774
2.168000, 688332229.386831
2.169000, 688514303.600856
2.170000, 688696205.686315
2.171000, 688877935.597748
2.172000, 689059493.289706
2.173000, 689240878.716817
2.174000, 689422091.833717
2.175000, 689603132.595120
2.176000, 689784000.955749
2.177000, 689964696.870403
2.178000, 690145220.293893
2.179000, 690325571.181102
2.180000, 690505749.486929
2.181000, 690685755.166343
2.182000, 690865588.174329
2.183000, 691045248.465943
2.184000, 691224735.996254
2.185000, 691404050.720406
2.186000, 691583192.593555
2.187000, 691762161.570932
2.188000, 691940957.607778
2.189000, 692119580.659409
2.190000, 692298030.681155
2.191000, 692476307.628419
2.192000, 692654411.456615
2.193000, 692832342.121234
2.194000, 693010099.577777
2.195000, 693187683.781821
2.196000, 693365094.688952
2.197000, 693542332.254836
2.198000, 693719396.435146
2.199000, 693896287.185632
2.200000, 694073004.462056
2.201000, 694249548.220255
2.202000, 694425918.416075
2.203000, 694602115.005442
2.204000, 694778137.944289
2.205000, 694953987.188628
2.206000, 695129662.694478
2.207000, 695305164.417939
2.208000, 695480492.315118
2.209000, 695655646.342199
2.210000, 695830626.455378
2.211000, 696005432.610926
2.212000, 696180064.765126
2.213000, 696354522.874334
2.214000, 696528806.894921
2.215000, 696702916.783332
2.216000, 696876852.496023
2.217000, 697050613.989526
2.218000, 697224201.220386
2.219000, 697397614.145220
2.220000, 697570852.720661
2.221000, 697743916.903413
2.222000, 697916806.650196
2.223000, 698089521.917802
2.224000, 698262062.663038
2.225000, 698434428.842783
2.226000, 698606620.413931
2.227000, 698778637.333448
2.228000, 698950479.558317
2.229000, 699122147.045590
2.230000, 699293639.752337
2.231000, 699464957.635697
2.232000, 699636100.652830
2.233000, 699807068.760961
2.234000, 699977861.917335
2.235000, 700148480.079269
2.236000, 700318923.204093
2.237000, 700489191.249210
2.238000, 700659284.172040
2.239000, 700829201.930074
2.240000, 700998944.480817
2.241000, 701168511.781849
2.242000, 701337903.790762
2.243000, 701507120.465225
2.244000, 701676161.762918
2.245000, 701845027.641595
2.246000, 702013718.059025
2.247000, 702182232.973050
2.248000, 702350572.341527
2.249000, 702518736.122386
2.250000, 702686724.273570
2.251000, 702854536.753099
2.252000, 703022173.519003
2.253000, 703189634.529389
2.254000, 703356919.742376
2.255000, 703524029.116158
2.256000, 703690962.608942
2.257000, 703857720.179012
2.258000, 704024301.784660
2.259000, 704190707.384258
2.260000, 704356936.936189
2.261000, 704522990.398911
2.262000, 704688867.730894
2.263000, 704854568.890687
2.264000, 705020093.836846
2.265000, 705185442.528007
2.266000, 705350614.922817
2.267000, 705515610.979999
2.268000, 705680430.658287
2.269000, 705845073.916493
2.270000, 706009540.713440
2.271000, 706173831.008027
2.272000, 706337944.759165
2.273000, 706501881.925843
2.274000, 706665642.467060
2.275000, 706829226.341891
2.276000, 706992633.509425
2.277000, 707155863.928826
2.278000, 707318917.559270
2.279000, 707481794.360011
2.280000, 707644494.290312
2.281000, 707807017.309515
2.282000, 707969363.376973
2.283000, 708131532.452116
2.284000, 708293524.494384
2.285000, 708455339.463297
2.286000, 708616977.318384
2.287000, 708778438.019253
2.288000, 708939721.525521
2.289000, 709100827.796884
2.290000, 709261756.793050
2.291000, 709422508.473801
2.292000, 709583082.798935
2.293000, 709743479.728324
2.294000, 709903699.221851
2.295000, 710063741.239480
2.296000, 710223605.741182
2.297000, 710383292.687009
2.298000, 710542802.037021
2.299000, 710702133.751358
2.300000, 710861287.790171
2.301000, 711020264.113688
2.302000, 711179062.682147
2.303000, 711337683.455867
2.304000, 711496126.395174
2.305000, 711654391.460476
2.306000, 711812478.612189
2.307000, 711970387.810807
2.308000, 712128119.016838
2.309000, 712285672.190865
2.310000, 712443047.293482
2.311000, 712600244.285363
2.312000, 712757263.127193
2.313000, 712914103.779732
2.314000, 713070766.203754
2.315000, 713227250.360110
2.316000, 713383556.209662
2.317000, 713539683.713351
2.318000, 713695632.832128
2.319000, 713851403.527023
2.320000, 714006995.759075
2.321000, 714162409.489404
2.322000, 714317644.679140
2.323000, 714472701.289490
2.324000, 714627579.281674
2.325000, 714782278.616988
2.326000, 714936799.256742
2.327000, 715091141.162321
2.328000, 715245304.295124
2.329000, 715399288.616627
2.330000, 715553094.088316
2.331000, 715706720.671757
2.332000, 715860168.328528
2.333000, 716013437.020281
2.334000, 716166526.708685
2.335000, 716319437.355482
2.336000, 716472168.922428
2.337000, 716624721.371359
2.338000, 716777094.664117
2.339000, 716929288.762628
2.340000, 717081303.628825
2.341000, 717233139.224722
2.342000, 717384795.512343
2.343000, 717536272.453791
2.344000, 717687570.011179
2.345000, 717838688.146700
2.346000, 717989626.822558
2.347000, 718140386.001036
2.348000, 718290965.644425
2.349000, 718441365.715099
2.350000, 718591586.175440
2.351000, 718741626.987910
2.352000, 718891488.114982
2.353000, 719041169.519207
2.354000, 719190671.163149
2.355000, 719339993.009449
2.356000, 719489135.020759
2.357000, 719638097.159811
2.358000, 719786879.389348
2.359000, 719935481.672191
2.360000, 720083903.971171
2.361000, 720232146.249202
2.362000, 720380208.469204
2.363000, 720528090.594180
2.364000, 720675792.587142
2.365000, 720823314.411181
2.366000, 720970656.029401
2.367000, 721117817.404982
2.368000, 721264798.501117
2.369000, 721411599.281079
2.370000, 721558219.708149
2.371000, 721704659.745690
2.372000, 721850919.357075
2.373000, 721996998.505756
2.374000, 722142897.155195
2.375000, 722288615.268936
2.376000, 722434152.810532
2.377000, 722579509.743615
2.378000, 722724686.031830
2.379000, 722869681.638898
2.380000, 723014496.528555
2.381000, 723159130.664612
2.382000, 723303584.010897
2.383000, 723447856.531310
2.384000, 723591948.189769
2.385000, 723735858.950265
2.386000, 723879588.776806
2.387000, 724023137.633474
2.388000, 724166505.484368
2.389000, 724309692.293659
2.390000, 724452698.025538
2.391000, 724595522.644266
2.392000, 724738166.114124
2.393000, 724880628.399464
2.394000, 725022909.464657
2.395000, 725165009.274147
2.396000, 725306927.792394
2.397000, 725448664.983934
2.398000, 725590220.813318
2.399000, 725731595.245170
2.400000, 725872788.244134
2.401000, 726013799.774924
2.402000, 726154629.802275
2.403000, 726295278.290992
2.404000, 726435745.205900
2.405000, 726576030.511895
2.406000, 726716134.173893
2.407000, 726856056.156881
2.408000, 726995796.425866
2.409000, 727135354.945925
2.410000, 727274731.682156
2.411000, 727413926.599727
2.412000, 727552939.663828
2.413000, 727691770.839716
2.414000, 727830420.092673
2.415000, 727968887.388048
2.416000, 728107172.691212
2.417000, 728245275.967606
2.418000, 728383197.182692
2.419000, 728520936.302001
2.420000, 728658493.291088
2.421000, 728795868.115574
2.422000, 728933060.741105
2.423000, 729070071.133392
2.424000, 729206899.258174
2.425000, 729343545.081253
2.426000, 729480008.568457
2.427000, 729616289.685681
2.428000, 729752388.398845
2.429000, 729888304.673934
2.430000, 730024038.476958
2.431000, 730159589.773995
2.432000, 730294958.531146
2.433000, 730430144.714580
2.434000, 730565148.290489
2.435000, 730699969.225134
2.436000, 730834607.484797
2.437000, 730969063.035832
2.438000, 731103335.844611
2.439000, 731237425.877580
2.440000, 731371333.101203
2.441000, 731505057.482015
2.442000, 731638598.986575
2.443000, 731771957.581507
2.444000, 731905133.233461
2.445000, 732038125.909154
2.446000, 732170935.575327
2.447000, 732303562.198789
2.448000, 732436005.746372
2.449000, 732568266.184975
2.450000, 732700343.481523
2.451000, 732832237.603008
2.452000, 732963948.516445
2.453000, 733095476.188917
2.454000, 733226820.587531
2.455000, 733357981.679463
2.456000, 733488959.431910
2.457000, 733619753.812141
2.458000, 733750364.787443
2.459000, 733880792.325178
2.460000, 734011036.392724
2.461000, 734141096.957535
2.462000, 734270973.987082
2.463000, 734400667.448910
2.464000, 734530177.310580
2.465000, 734659503.539729
2.466000, 734788646.104013
2.467000, 734917604.971159
2.468000, 735046380.108914
2.469000, 735174971.485097
2.470000, 735303379.067547
2.471000, 735431602.824176
2.472000, 735559642.722915
2.473000, 735687498.731766
2.474000, 735815170.818753
2.475000, 735942658.951971
2.476000, 736069963.099533
2.477000, 736197083.229629
2.478000, 736324019.310464
2.479000, 736450771.310318
2.480000, 736577339.197488
2.481000, 736703722.940348
2.482000, 736829922.507286
2.483000, 736955937.866768
2.484000, 737081768.987275
2.485000, 737207415.837363
2.486000, 737332878.385607
2.487000, 737458156.600656
2.488000, 737583250.451175
2.489000, 737708159.905905
2.490000, 737832884.933605
2.491000, 737957425.503107
2.492000, 738081781.583263
2.493000, 738205953.142997
2.494000, 738329940.151252
2.495000, 738453742.577046
2.496000, 738577360.389414
2.497000, 738700793.557466
2.498000, 738824042.050329
2.499000, 738947105.837206
2.500000, 739069984.887315
2.501000, 739192679.169952
2.502000, 739315188.654428
2.503000, 739437513.310132
2.504000, 739559653.106467
2.505000, 739681608.012912
2.506000, 739803377.998964
2.507000, 739924963.034196
2.508000, 740046363.088197
2.509000, 740167578.130631
2.510000, 740288608.131179
2.511000, 740409453.059600
2.512000, 740530112.885666
2.513000, 740650587.579229
2.514000, 740770877.110153
2.515000, 740890981.448383
2.516000, 741010900.563876
2.517000, 741130634.426668
2.518000, 741250183.006811
2.519000, 741369546.274432
2.520000, 741488724.199676
2.521000, 741607716.752762
2.522000, 741726523.903929
2.523000, 741845145.623488
2.524000, 741963581.881771
2.525000, 742081832.649181
2.526000, 742199897.896143
2.527000, 742317777.593155
2.528000, 742435471.710731
2.529000, 742552980.219463
2.530000, 742670303.089959
2.531000, 742787440.292903
2.532000, 742904391.798997
2.533000, 743021157.579016
2.534000, 743137737.603756
2.535000, 743254131.844085
2.536000, 743370340.270889
2.537000, 743486362.855133
2.538000, 743602199.567795
2.539000, 743717850.379931
2.540000, 743833315.262614
2.541000, 743948594.186992
2.542000, 744063687.124231
2.543000, 744178594.045571
2.544000, 744293314.922272
2.545000, 744407849.725668
2.546000, 744522198.427111
2.547000, 744636360.998028
2.548000, 744750337.409864
2.549000, 744864127.634139
2.550000, 744977731.642392
2.551000, 745091149.406235
2.552000, 745204380.897301
2.553000, 745317426.087295
2.554000, 745430284.947941
2.555000, 745542957.451040
2.556000, 745655443.568409
2.557000, 745767743.271940
2.558000, 745879856.533545
2.559000, 745991783.325209
2.560000, 746103523.618937
2.561000, 746215077.386807
2.562000, 746326444.600918
2.563000, 746437625.233440
2.564000, 746548619.256566
2.565000, 746659426.642560
2.566000, 746770047.363708
2.567000, 746880481.392366
2.568000, 746990728.700914
2.569000, 747100789.261802
2.570000, 747210663.047503
2.571000, 747320350.030561
2.572000, 747429850.183542
2.573000, 747539163.479082
2.574000, 747648289.889843
2.575000, 747757229.388552
2.576000, 747865981.947965
2.577000, 747974547.540905
2.578000, 748082926.140218
2.579000, 748191117.718822
2.580000, 748299122.249657
2.581000, 748406939.705733
2.582000, 748514570.060086
2.583000, 748622013.285817
2.584000, 748729269.356056
2.585000, 748836338.243999
2.586000, 748943219.922869
2.587000, 749049914.365955
2.588000, 749156421.546574
2.589000, 749262741.438109
2.590000, 749368874.013969
2.591000, 749474819.247633
2.592000, 749580577.112602
2.593000, 749686147.582449
2.594000, 749791530.630770
2.595000, 749896726.231230
2.596000, 750001734.357519
2.597000, 750106554.983396
2.598000, 750211188.082646
2.599000, 750315633.629119
2.600000, 750419891.596696
2.601000, 750523961.959320
2.602000, 750627844.690966
2.603000, 750731539.765671
2.604000, 750835047.157503
2.605000, 750938366.840594
2.606000, 751041498.789105
2.607000, 751144442.977262
2.608000, 751247199.379320
2.609000, 751349767.969598
2.610000, 751452148.722447
2.611000, 751554341.612278
2.612000, 751656346.613536
2.613000, 751758163.700728
2.614000, 751859792.848391
2.615000, 751961234.031126
2.616000, 752062487.223564
2.617000, 752163552.400401
2.618000, 752264429.536361
2.619000, 752365118.606235
2.620000, 752465619.584841
2.621000, 752565932.447062
2.622000, 752666057.167812
2.623000, 752765993.722068
2.624000, 752865742.084837
2.625000, 752965302.231191
2.626000, 753064674.136232
2.627000, 753163857.775124
2.628000, 753262853.123063
2.629000, 753361660.155310
2.630000, 753460278.847153
2.631000, 753558709.173948
2.632000, 753656951.111076
2.633000, 753755004.633987
2.634000, 753852869.718158
2.635000, 753950546.339133
2.636000, 754048034.472482
2.637000, 754145334.093844
2.638000, 754242445.178883
2.639000, 754339367.703331
2.640000, 754436101.642949
2.641000, 754532646.973563
2.642000, 754629003.671025
2.643000, 754725171.711258
2.644000, 754821151.070209
2.645000, 754916941.723893
2.646000, 755012543.648352
2.647000, 755107956.819697
2.648000, 755203181.214063
2.649000, 755298216.807655
2.650000, 755393063.576703
2.651000, 755487721.497507
2.652000, 755582190.546391
2.653000, 755676470.699749
2.654000, 755770561.933999
2.655000, 755864464.225630
2.656000, 755958177.551156
2.657000, 756051701.887159
2.658000, 756145037.210246
2.659000, 756238183.497096
2.660000, 756331140.724410
2.661000, 756423908.868960
2.662000, 756516487.907544
2.663000, 756608877.817027
2.664000, 756701078.574301
2.665000, 756793090.156326
2.666000, 756884912.540089
2.667000, 756976545.702646
2.668000, 757067989.621076
2.669000, 757159244.272530
2.670000, 757250309.634184
2.671000, 757341185.683281
2.672000, 757431872.397093
2.673000, 757522369.752957
2.674000, 757612677.728240
2.675000, 757702796.300374
2.676000, 757792725.446819
2.677000, 757882465.145104
2.678000, 757972015.372784
2.679000, 758061376.107480
2.680000, 758150547.326844
2.681000, 758239529.008591
2.682000, 758328321.130466
2.683000, 758416923.670282
2.684000, 758505336.605878
2.685000, 758593559.915161
2.686000, 758681593.576063
2.687000, 758769437.566589
2.688000, 758857091.864766
2.689000, 758944556.448691
2.690000, 759031831.296486
2.691000, 759118916.386346
2.692000, 759205811.696486
2.693000, 759292517.205194
2.694000, 759379032.890784
2.695000, 759465358.731636
2.696000, 759551494.706159
2.697000, 759637440.792829
2.698000, 759723196.970150
2.699000, 759808763.216692
2.700000, 759894139.511054
2.701000, 759979325.831901
2.702000, 760064322.157928
2.703000, 760149128.467894
2.704000, 760233744.740590
2.705000, 760318170.954869
2.706000, 760402407.089617
2.707000, 760486453.123783
2.708000, 760570309.036347
2.709000, 760653974.806353
2.710000, 760737450.412877
2.711000, 760820735.835059
2.712000, 760903831.052067
2.713000, 760986736.043138
2.714000, 761069450.787536
2.715000, 761151975.264591
2.716000, 761234309.453663
2.717000, 761316453.334179
2.718000, 761398406.885591
2.719000, 761480170.087423
2.720000, 761561742.919222
2.721000, 761643125.360606
2.722000, 761724317.391219
2.723000, 761805318.990773
2.724000, 761886130.139009
2.725000, 761966750.815731
2.726000, 762047181.000777
2.727000, 762127420.674048
2.728000, 762207469.815475
2.729000, 762287328.405054
2.730000, 762366996.422811
2.731000, 762446473.848840
2.732000, 762525760.663261
2.733000, 762604856.846262
2.734000, 762683762.378060
2.735000, 762762477.238937
2.736000, 762841001.409205
2.737000, 762919334.869243
2.738000, 762997477.599458
2.739000, 763075429.580324
2.740000, 763153190.792343
2.741000, 763230761.216085
2.742000, 763308140.832147
2.743000, 763385329.621193
2.744000, 763462327.563918
2.745000, 763539134.641081
2.746000, 763615750.833471
2.747000, 763692176.121944
2.748000, 763768410.487383
2.749000, 763844453.910739
2.750000, 763920306.372992
2.751000, 763995967.855189
2.752000, 764071438.338405
2.753000, 764146717.803781
2.754000, 764221806.232487
2.755000, 764296703.605763
2.756000, 764371409.904873
2.757000, 764445925.111151
2.758000, 764520249.205957
2.759000, 764594382.170722
2.760000, 764668323.986902
2.761000, 764742074.636020
2.762000, 764815634.099630
2.763000, 764889002.359352
2.764000, 764962179.396834
2.765000, 765035165.193791
2.766000, 765107959.731966
2.767000, 765180562.993172
2.768000, 765252974.959248
2.769000, 765325195.612100
2.770000, 765397224.933663
2.771000, 765469062.905940
2.772000, 765540709.510961
2.773000, 765612164.730826
2.774000, 765683428.547659
2.775000, 765754500.943655
2.776000, 765825381.901036
2.777000, 765896071.402092
2.778000, 765966569.429140
2.779000, 766036875.964566
2.780000, 766106990.990783
2.781000, 766176914.490272
2.782000, 766246646.445543
2.783000, 766316186.839172
2.784000, 766385535.653764
2.785000, 766454692.871993
2.786000, 766523658.476559
2.787000, 766592432.450230
2.788000, 766661014.775803
2.789000, 766729405.436142
2.790000, 766797604.414140
2.791000, 766865611.692757
2.792000, 766933427.254981
2.793000, 767001051.083868
2.794000, 767068483.162503
2.795000, 767135723.474036
2.796000, 767202772.001649
2.797000, 767269628.728589
2.798000, 767336293.638132
2.799000, 767402766.713621
2.800000, 767469047.938428
2.801000, 767535137.295993
2.802000, 767601034.769784
2.803000, 767666740.343337
2.804000, 767732254.000214
2.805000, 767797575.724047
2.806000, 767862705.498497
2.807000, 767927643.307290
2.808000, 767992389.134182
2.809000, 768056942.962996
2.810000, 768121304.777586
2.811000, 768185474.561868
2.812000, 768249452.299792
2.813000, 768313237.975372
2.814000, 768376831.572654
2.815000, 768440233.075746
2.816000, 768503442.468791
2.817000, 768566459.735995
2.818000, 768629284.861593
2.819000, 768691917.829890
2.820000, 768754358.625218
2.821000, 768816607.231976
2.822000, 768878663.634592
2.823000, 768940527.817561
2.824000, 769002199.765409
2.825000, 769063679.462726
2.826000, 769124966.894134
2.827000, 769186062.044319
2.828000, 769246964.897998
2.829000, 769307675.439956
2.830000, 769368193.655006
2.831000, 769428519.528026
2.832000, 769488653.043926
2.833000, 769548594.187682
2.834000, 769608342.944301
2.835000, 769667899.298852
2.836000, 769727263.236439
2.837000, 769786434.742229
2.838000, 769845413.801421
2.839000, 769904200.399278
2.840000, 769962794.521096
2.841000, 770021196.152234
2.842000, 770079405.278084
2.843000, 770137421.884100
2.844000, 770195245.955772
2.845000, 770252877.478651
2.846000, 770310316.438322
2.847000, 770367562.820432
2.848000, 770424616.610662
2.849000, 770481477.794756
2.850000, 770538146.358492
2.851000, 770594622.287709
2.852000, 770650905.568281
2.853000, 770706996.186146
2.854000, 770762894.127272
2.855000, 770818599.377693
2.856000, 770874111.923475
2.857000, 770929431.750747
2.858000, 770984558.845673
2.859000, 771039493.194476
2.860000, 771094234.783418
2.861000, 771148783.598818
2.862000, 771203139.627034
2.863000, 771257302.854483
2.864000, 771311273.267617
2.865000, 771365050.852951
2.866000, 771418635.597033
2.867000, 771472027.486474
2.868000, 771525226.507919
2.869000, 771578232.648076
2.870000, 771631045.893685
2.871000, 771683666.231551
2.872000, 771736093.648511
2.873000, 771788328.131466
2.874000, 771840369.667350
2.875000, 771892218.243159
2.876000, 771943873.845924
2.877000, 771995336.462739
2.878000, 772046606.080731
2.879000, 772097682.687088
2.880000, 772148566.269037
2.881000, 772199256.813861
2.882000, 772249754.308882
2.883000, 772300058.741483
2.884000, 772350170.099079
2.885000, 772400088.369151
2.886000, 772449813.539212
2.887000, 772499345.596837
2.888000, 772548684.529636
2.889000, 772597830.325282
2.890000, 772646782.971482
2.891000, 772695542.456003
2.892000, 772744108.766650
2.893000, 772792481.891287
2.894000, 772840661.817814
2.895000, 772888648.534194
2.896000, 772936442.028422
2.897000, 772984042.288558
2.898000, 773031449.302693
2.899000, 773078663.058985
2.900000, 773125683.545621
2.901000, 773172510.750854
2.902000, 773219144.662969
2.903000, 773265585.270317
2.904000, 773311832.561279
2.905000, 773357886.524300
2.906000, 773403747.147861
2.907000, 773449414.420502
2.908000, 773494888.330800
2.909000, 773540168.867394
2.910000, 773585256.018956
2.911000, 773630149.774222
2.912000, 773674850.121961
2.913000, 773719357.051005
2.914000, 773763670.550221
2.915000, 773807790.608536
2.916000, 773851717.214915
2.917000, 773895450.358382
2.918000, 773938990.027997
2.919000, 773982336.212881
2.920000, 774025488.902193
2.921000, 774068448.085149
2.922000, 774111213.751004
2.923000, 774153785.889074
2.924000, 774196164.488707
2.925000, 774238349.539317
2.926000, 774280341.030350
2.927000, 774322138.951315
2.928000, 774363743.291756
2.929000, 774405154.041278
2.930000, 774446371.189523
2.931000, 774487394.726192
2.932000, 774528224.641023
2.933000, 774568860.923815
2.934000, 774609303.564403
2.935000, 774649552.552681
2.936000, 774689607.878583
2.937000, 774729469.532099
2.938000, 774769137.503259
2.939000, 774808611.782152
2.940000, 774847892.358902
2.941000, 774886979.223697
2.942000, 774925872.366757
2.943000, 774964571.778366
2.944000, 775003077.448843
2.945000, 775041389.368568
2.946000, 775079507.527956
2.947000, 775117431.917484
2.948000, 775155162.527665
2.949000, 775192699.349072
2.950000, 775230042.372315
2.951000, 775267191.588064
2.952000, 775304146.987027
2.953000, 775340908.559969
2.954000, 775377476.297695
2.955000, 775413850.191068
2.956000, 775450030.230990
2.957000, 775486016.408421
2.958000, 775521808.714359
2.959000, 775557407.139861
2.960000, 775592811.676023
2.961000, 775628022.313997
2.962000, 775663039.044978
2.963000, 775697861.860214
2.964000, 775732490.750997
2.965000, 775766925.708673
2.966000, 775801166.724629
2.967000, 775835213.790309
2.968000, 775869066.897197
2.969000, 775902726.036835
2.970000, 775936191.200802
2.971000, 775969462.380738
2.972000, 776002539.568319
2.973000, 776035422.755281
2.974000, 776068111.933398
2.975000, 776100607.094504
2.976000, 776132908.230469
2.977000, 776165015.333224
2.978000, 776196928.394735
2.979000, 776228647.407031
2.980000, 776260172.362175
2.981000, 776291503.252293
2.982000, 776322640.069546
2.983000, 776353582.806155
2.984000, 776384331.454379
2.985000, 776414886.006536
2.986000, 776445246.454983
2.987000, 776475412.792135
2.988000, 776505385.010444
2.989000, 776535163.102423
2.990000, 776564747.060622
2.991000, 776594136.877650
2.992000, 776623332.546155
2.993000, 776652334.058843
2.994000, 776681141.408458
2.995000, 776709754.587804
2.996000, 776738173.589722
2.997000, 776766398.407113
2.998000, 776794429.032915
2.999000, 776822265.460126
3.000000, 776849907.681782
3.001000, 776877355.690976
3.002000, 776904609.480842
3.003000, 776931669.044572
3.004000, 776958534.375395
3.005000, 776985205.466601
3.006000, 777011682.311516
3.007000, 777037964.903526
3.008000, 777064053.236056
3.009000, 777089947.302589
3.010000, 777115647.096645
3.011000, 777141152.611806
3.012000, 777166463.841689
3.013000, 777191580.779972
3.014000, 777216503.420371
3.015000, 777241231.756659
3.016000, 777265765.782651
3.017000, 777290105.492216
3.018000, 777314250.879267
3.019000, 777338201.937769
3.020000, 777361958.661733
3.021000, 777385521.045222
3.022000, 777408889.082343
3.023000, 777432062.767256
3.024000, 777455042.094164
3.025000, 777477827.057327
3.026000, 777500417.651045
3.027000, 777522813.869673
3.028000, 777545015.707610
3.029000, 777567023.159307
3.030000, 777588836.219260
3.031000, 777610454.882019
3.032000, 777631879.142175
3.033000, 777653108.994377
3.034000, 777674144.433313
3.035000, 777694985.453727
3.036000, 777715632.050406
3.037000, 777736084.218192
3.038000, 777756341.951969
3.039000, 777776405.246674
3.040000, 777796274.097291
3.041000, 777815948.498852
3.042000, 777835428.446439
3.043000, 777854713.935182
3.044000, 777873804.960260
3.045000, 777892701.516899
3.046000, 777911403.600376
3.047000, 777929911.206016
3.048000, 777948224.329190
3.049000, 777966342.965321
3.050000, 777984267.109880
3.051000, 778001996.758384
3.052000, 778019531.906403
3.053000, 778036872.549551
3.054000, 778054018.683495
3.055000, 778070970.303946
3.056000, 778087727.406668
3.057000, 778104289.987471
3.058000, 778120658.042214
3.059000, 778136831.566806
3.060000, 778152810.557203
3.061000, 778168595.009410
3.062000, 778184184.919481
3.063000, 778199580.283519
3.064000, 778214781.097674
3.065000, 778229787.358148
3.066000, 778244599.061187
3.067000, 778259216.203089
3.068000, 778273638.780200
3.069000, 778287866.788914
3.070000, 778301900.225674
3.071000, 778315739.086972
3.072000, 778329383.369348
3.073000, 778342833.069391
3.074000, 778356088.183738
3.075000, 778369148.709077
3.076000, 778382014.642140
3.077000, 778394685.979713
3.078000, 778407162.718627
3.079000, 778419444.855763
3.080000, 778431532.388050
3.081000, 778443425.312467
3.082000, 778455123.626041
3.083000, 778466627.325846
3.084000, 778477936.409007
3.085000, 778489050.872697
3.086000, 778499970.714137
3.087000, 778510695.930596
3.088000, 778521226.519395
3.089000, 778531562.477899
3.090000, 778541703.803525
3.091000, 778551650.493738
3.092000, 778561402.546051
3.093000, 778570959.958026
3.094000, 778580322.727274
3.095000, 778589490.851453
3.096000, 778598464.328272
3.097000, 778607243.155488
3.098000, 778615827.330906
3.099000, 778624216.852379
3.100000, 778632411.717811
3.101000, 778640411.925152
3.102000, 778648217.472403
3.103000, 778655828.357612
3.104000, 778663244.578876
3.105000, 778670466.134342
3.106000, 778677493.022203
3.107000, 778684325.240704
3.108000, 778690962.788136
3.109000, 778697405.662840
3.110000, 778703653.863205
3.111000, 778709707.387668
3.112000, 778715566.234718
3.113000, 778721230.402888
3.114000, 778726699.890763
3.115000, 778731974.696976
3.116000, 778737054.820207
3.117000, 778741940.259187
3.118000, 778746631.012694
3.119000, 778751127.079556
3.120000, 778755428.458648
3.121000, 778759535.148896
3.122000, 778763447.149272
3.123000, 778767164.458799
3.124000, 778770687.076547
3.125000, 778774015.001635
3.126000, 778777148.233233
3.127000, 778780086.770555
3.128000, 778782830.612868
3.129000, 778785379.759485
3.130000, 778787734.209770
3.131000, 778789893.963134
3.132000, 778791859.019037
3.133000, 778793629.376986
3.134000, 778795205.036541
3.135000, 778796585.997307
3.136000, 778797772.258938
3.137000, 778798763.821139
3.138000, 778799560.683661
3.139000, 778800162.846305
3.140000, 778800570.308920
3.141000, 778800783.071405
