0.000000, 0.000000
0.001000, 0.206889
0.002000, 0.413775
0.003000, 0.620660
0.004000, 0.827533
0.005000, 1.034406
0.006000, 1.241259
0.007000, 1.448111
0.008000, 1.654935
0.009000, 1.861759
0.010000, 2.068547
0.011000, 2.275334
0.012000, 2.482076
0.013000, 2.688819
0.014000, 2.895508
0.015000, 3.102197
0.016000, 3.308826
0.017000, 3.515454
0.018000, 3.722012
0.019000, 3.928571
0.020000, 4.135052
0.021000, 4.341533
0.022000, 4.547929
0.023000, 4.754324
0.024000, 4.960626
0.025000, 5.166927
0.026000, 5.373127
0.027000, 5.579327
0.028000, 5.785416
0.029000, 5.991505
0.030000, 6.197477
0.031000, 6.403448
0.032000, 6.609293
0.033000, 6.815137
0.034000, 7.020848
0.035000, 7.226558
0.036000, 7.432126
0.037000, 7.637693
0.038000, 7.843110
0.039000, 8.048527
0.040000, 8.253785
0.041000, 8.459043
0.042000, 8.664134
0.043000, 8.869225
0.044000, 9.074141
0.045000, 9.279057
0.046000, 9.483790
0.047000, 9.688523
0.048000, 9.893064
0.049000, 10.097606
0.050000, 10.301948
0.051000, 10.506290
0.052000, 10.710425
0.053000, 10.914560
0.054000, 11.118479
0.055000, 11.322399
0.056000, 11.526095
0.057000, 11.729790
0.058000, 11.933255
0.059000, 12.136719
0.060000, 12.339944
0.061000, 12.543169
0.062000, 12.746146
0.063000, 12.949123
0.064000, 13.151845
0.065000, 13.354567
0.066000, 13.557025
0.067000, 13.759483
0.068000, 13.961669
0.069000, 14.163855
0.070000, 14.365762
0.071000, 14.567669
0.072000, 14.769288
0.073000, 14.970907
0.074000, 15.172231
0.075000, 15.373555
0.076000, 15.574575
0.077000, 15.775596
0.078000, 15.976304
0.079000, 16.177013
0.080000, 16.377403
0.081000, 16.577793
0.082000, 16.777855
0.083000, 16.977917
0.084000, 17.177644
0.085000, 17.377372
0.086000, 17.576756
0.087000, 17.776140
0.088000, 17.975173
0.089000, 18.174207
0.090000, 18.372881
0.091000, 18.571556
0.092000, 18.769864
0.093000, 18.968172
0.094000, 19.166105
0.095000, 19.364039
0.096000, 19.561590
0.097000, 19.759142
0.098000, 19.956303
0.099000, 20.153464
0.100000, 20.350228
0.101000, 20.546991
0.102000, 20.743349
0.103000, 20.939707
0.104000, 21.135652
0.105000, 21.331596
0.106000, 21.527120
0.107000, 21.722643
0.108000, 21.917738
0.109000, 22.112833
0.110000, 22.307491
0.111000, 22.502149
0.112000, 22.696363
0.113000, 22.890577
0.114000, 23.084340
0.115000, 23.278102
0.116000, 23.471405
0.117000, 23.664707
0.118000, 23.857543
0.119000, 24.050379
0.120000, 24.242739
0.121000, 24.435100
0.122000, 24.626979
0.123000, 24.818857
0.124000, 25.010246
0.125000, 25.201635
0.126000, 25.392526
0.127000, 25.583417
0.128000, 25.773803
0.129000, 25.964190
0.130000, 26.154063
0.131000, 26.343937
0.132000, 26.533291
0.133000, 26.722644
0.134000, 26.911470
0.135000, 27.100297
0.136000, 27.288588
0.137000, 27.476879
0.138000, 27.664628
0.139000, 27.852377
0.140000, 28.039576
0.141000, 28.226775
0.142000, 28.413417
0.143000, 28.600059
0.144000, 28.786137
0.145000, 28.972214
0.146000, 29.157719
0.147000, 29.343225
0.148000, 29.528151
0.149000, 29.713078
0.150000, 29.897417
0.151000, 30.081757
0.152000, 30.265503
0.153000, 30.449249
0.154000, 30.632394
0.155000, 30.815539
0.156000, 30.998076
0.157000, 31.180612
0.158000, 31.362534
0.159000, 31.544455
0.160000, 31.725753
0.161000, 31.907052
0.162000, 32.087721
0.163000, 32.268389
0.164000, 32.448421
0.165000, 32.628453
0.166000, 32.807841
0.167000, 32.987228
0.168000, 33.165965
0.169000, 33.344702
0.170000, 33.522780
0.171000, 33.700858
0.172000, 33.878272
0.173000, 34.055685
0.174000, 34.232426
0.175000, 34.409167
0.176000, 34.585228
0.177000, 34.761290
0.178000, 34.936666
0.179000, 35.112041
0.180000, 35.286724
0.181000, 35.461406
0.182000, 35.635389
0.183000, 35.809371
0.184000, 35.982647
0.185000, 36.155923
0.186000, 36.328484
0.187000, 36.501046
0.188000, 36.672888
0.189000, 36.844729
0.190000, 37.015844
0.191000, 37.186958
0.192000, 37.357338
0.193000, 37.527718
0.194000, 37.697357
0.195000, 37.866997
0.196000, 38.035889
0.197000, 38.204781
0.198000, 38.372919
0.199000, 38.541056
0.200000, 38.708433
0.201000, 38.875810
0.202000, 39.042420
0.203000, 39.209030
0.204000, 39.374865
0.205000, 39.540701
0.206000, 39.705756
0.207000, 39.870811
0.208000, 40.035080
0.209000, 40.199348
0.210000, 40.362823
0.211000, 40.526297
0.212000, 40.688972
0.213000, 40.851647
0.214000, 41.013515
0.215000, 41.175383
0.216000, 41.336439
0.217000, 41.497495
0.218000, 41.657731
0.219000, 41.817968
0.220000, 41.977379
0.221000, 42.136790
0.222000, 42.295369
0.223000, 42.453948
0.224000, 42.611689
0.225000, 42.769431
0.226000, 42.926328
0.227000, 43.083225
0.228000, 43.239271
0.229000, 43.395318
0.230000, 43.550508
0.231000, 43.705698
0.232000, 43.860025
0.233000, 44.014353
0.234000, 44.167811
0.235000, 44.321270
0.236000, 44.473853
0.237000, 44.626437
0.238000, 44.778140
0.239000, 44.929842
0.240000, 45.080658
0.241000, 45.231474
0.242000, 45.381397
0.243000, 45.531320
0.244000, 45.680344
0.245000, 45.829369
0.246000, 45.977488
0.247000, 46.125608
0.248000, 46.272817
0.249000, 46.420026
0.250000, 46.566319
0.251000, 46.712612
0.252000, 46.857983
0.253000, 47.003354
0.254000, 47.147797
0.255000, 47.292240
0.256000, 47.435749
0.257000, 47.579259
0.258000, 47.721829
0.259000, 47.864399
0.260000, 48.006025
0.261000, 48.147651
0.262000, 48.288326
0.263000, 48.429001
0.264000, 48.568720
0.265000, 48.708439
0.266000, 48.847197
0.267000, 48.985955
0.268000, 49.123745
0.269000, 49.261536
0.270000, 49.398355
0.271000, 49.535173
0.272000, 49.671014
0.273000, 49.806854
0.274000, 49.941712
0.275000, 50.076569
0.276000, 50.210438
0.277000, 50.344307
0.278000, 50.477183
0.279000, 50.610058
0.280000, 50.741934
0.281000, 50.873810
0.282000, 51.004682
0.283000, 51.135554
0.284000, 51.265417
0.285000, 51.395280
0.286000, 51.524128
0.287000, 51.652976
0.288000, 51.780805
0.289000, 51.908633
0.290000, 52.035437
0.291000, 52.162241
0.292000, 52.288016
0.293000, 52.413790
0.294000, 52.538530
0.295000, 52.663269
0.296000, 52.786970
0.297000, 52.910670
0.298000, 53.033326
0.299000, 53.155981
0.300000, 53.277588
0.301000, 53.399194
0.302000, 53.519747
0.303000, 53.640299
0.304000, 53.759793
0.305000, 53.879287
0.306000, 53.997717
0.307000, 54.116147
0.308000, 54.233509
0.309000, 54.350871
0.310000, 54.467160
0.311000, 54.583449
0.312000, 54.698661
0.313000, 54.813872
0.314000, 54.928002
0.315000, 55.042132
0.316000, 55.155175
0.317000, 55.268218
0.318000, 55.380170
0.319000, 55.492122
0.320000, 55.602979
0.321000, 55.713836
0.322000, 55.823593
0.323000, 55.933350
0.324000, 56.042004
0.325000, 56.150657
0.326000, 56.258201
0.327000, 56.365746
0.328000, 56.472178
0.329000, 56.578610
0.330000, 56.683925
0.331000, 56.789241
0.332000, 56.893435
0.333000, 56.997629
0.334000, 57.100698
0.335000, 57.203768
0.336000, 57.305708
0.337000, 57.407648
0.338000, 57.508455
0.339000, 57.609262
0.340000, 57.708931
0.341000, 57.808601
0.342000, 57.907130
0.343000, 58.005658
0.344000, 58.103042
0.345000, 58.200426
0.346000, 58.296660
0.347000, 58.392895
0.348000, 58.487977
0.349000, 58.583060
0.350000, 58.676985
0.351000, 58.770911
0.352000, 58.863677
0.353000, 58.956443
0.354000, 59.048045
0.355000, 59.139647
0.356000, 59.230081
0.357000, 59.320516
0.358000, 59.409780
0.359000, 59.499043
0.360000, 59.587132
0.361000, 59.675222
0.362000, 59.762133
0.363000, 59.849044
0.364000, 59.934774
0.365000, 60.020504
0.366000, 60.105049
0.367000, 60.189594
0.368000, 60.272951
0.369000, 60.356308
0.370000, 60.438474
0.371000, 60.520640
0.372000, 60.601611
0.373000, 60.682582
0.374000, 60.762355
0.375000, 60.842128
0.376000, 60.920701
0.377000, 60.999273
0.378000, 61.076641
0.379000, 61.154009
0.380000, 61.230170
0.381000, 61.306331
0.382000, 61.381282
0.383000, 61.456233
0.384000, 61.529971
0.385000, 61.603709
0.386000, 61.676231
0.387000, 61.748753
0.388000, 61.820056
0.389000, 61.891359
0.390000, 61.961440
0.391000, 62.031521
0.392000, 62.100378
0.393000, 62.169235
0.394000, 62.236864
0.395000, 62.304494
0.396000, 62.370894
0.397000, 62.437294
0.398000, 62.502461
0.399000, 62.567628
0.400000, 62.631561
0.401000, 62.695493
0.402000, 62.758188
0.403000, 62.820883
0.404000, 62.882337
0.405000, 62.943792
0.406000, 63.004005
0.407000, 63.064217
0.408000, 63.123184
0.409000, 63.182152
0.410000, 63.239872
0.411000, 63.297592
0.412000, 63.354063
0.413000, 63.410534
0.414000, 63.465753
0.415000, 63.520972
0.416000, 63.574938
0.417000, 63.628903
0.418000, 63.681612
0.419000, 63.734322
0.420000, 63.785773
0.421000, 63.837224
0.422000, 63.887416
0.423000, 63.937607
0.424000, 63.986536
0.425000, 64.035465
0.426000, 64.083130
0.427000, 64.130795
0.428000, 64.177195
0.429000, 64.223594
0.430000, 64.268725
0.431000, 64.313857
0.432000, 64.357719
0.433000, 64.401581
0.434000, 64.444172
0.435000, 64.486762
0.436000, 64.528080
0.437000, 64.569398
0.438000, 64.609442
0.439000, 64.649485
0.440000, 64.688252
0.441000, 64.727019
0.442000, 64.764509
0.443000, 64.801998
0.444000, 64.838209
0.445000, 64.874419
0.446000, 64.909349
0.447000, 64.944279
0.448000, 64.977927
0.449000, 65.011575
0.450000, 65.043939
0.451000, 65.076304
0.452000, 65.107384
0.453000, 65.138464
0.454000, 65.168258
0.455000, 65.198053
0.456000, 65.226560
0.457000, 65.255067
0.458000, 65.282287
0.459000, 65.309506
0.460000, 65.335436
0.461000, 65.361366
0.462000, 65.386006
0.463000, 65.410646
0.464000, 65.433995
0.465000, 65.457344
0.466000, 65.479400
0.467000, 65.501457
0.468000, 65.522221
0.469000, 65.542985
0.470000, 65.562455
0.471000, 65.581925
0.472000, 65.600100
0.473000, 65.618276
0.474000, 65.635156
0.475000, 65.652036
0.476000, 65.667620
0.477000, 65.683205
0.478000, 65.697493
0.479000, 65.711780
0.480000, 65.724771
0.481000, 65.737762
0.482000, 65.749455
0.483000, 65.761148
0.484000, 65.771543
0.485000, 65.781938
0.486000, 65.791034
0.487000, 65.800131
0.488000, 65.807929
0.489000, 65.815726
0.490000, 65.822225
0.491000, 65.828723
0.492000, 65.833923
0.493000, 65.839122
0.494000, 65.843021
0.495000, 65.846921
0.496000, 65.849521
0.497000, 65.852120
0.498000, 65.853420
0.499000, 65.854720
0.500000, 65.854720
0.501000, 65.854720
0.502000, 65.853420
0.503000, 65.852120
0.504000, 65.849521
0.505000, 65.846921
0.506000, 65.843021
0.507000, 65.839122
0.508000, 65.833923
0.509000, 65.828723
0.510000, 65.822225
0.511000, 65.815726
0.512000, 65.807929
0.513000, 65.800131
0.514000, 65.791034
0.515000, 65.781938
0.516000, 65.771543
0.517000, 65.761148
0.518000, 65.749455
0.519000, 65.737762
0.520000, 65.724771
0.521000, 65.711780
0.522000, 65.697493
0.523000, 65.683205
0.524000, 65.667620
0.525000, 65.652036
0.526000, 65.635156
0.527000, 65.618276
0.528000, 65.600100
0.529000, 65.581925
0.530000, 65.562455
0.531000, 65.542985
0.532000, 65.522221
0.533000, 65.501457
0.534000, 65.479400
0.535000, 65.457344
0.536000, 65.433995
0.537000, 65.410646
0.538000, 65.386006
0.539000, 65.361366
0.540000, 65.335436
0.541000, 65.309506
0.542000, 65.282287
0.543000, 65.255067
0.544000, 65.226560
0.545000, 65.198053
0.546000, 65.168258
0.547000, 65.138464
0.548000, 65.107384
0.549000, 65.076304
0.550000, 65.043939
0.551000, 65.011575
0.552000, 64.977927
0.553000, 64.944279
0.554000, 64.909349
0.555000, 64.874419
0.556000, 64.838209
0.557000, 64.801998
0.558000, 64.764509
0.559000, 64.727019
0.560000, 64.688252
0.561000, 64.649485
0.562000, 64.609442
0.563000, 64.569398
0.564000, 64.528080
0.565000, 64.486762
0.566000, 64.444172
0.567000, 64.401581
0.568000, 64.357719
0.569000, 64.313857
0.570000, 64.268725
0.571000, 64.223594
0.572000, 64.177195
0.573000, 64.130795
0.574000, 64.083130
0.575000, 64.035465
0.576000, 63.986536
0.577000, 63.937607
0.578000, 63.887416
0.579000, 63.837224
0.580000, 63.785773
0.581000, 63.734322
0.582000, 63.681612
0.583000, 63.628903
0.584000, 63.574938
0.585000, 63.520972
0.586000, 63.465753
0.587000, 63.410534
0.588000, 63.354063
0.589000, 63.297592
0.590000, 63.239872
0.591000, 63.182152
0.592000, 63.123184
0.593000, 63.064217
0.594000, 63.004005
0.595000, 62.943792
0.596000, 62.882337
0.597000, 62.820883
0.598000, 62.758188
0.599000, 62.695493
0.600000, 62.631561
0.601000, 62.567628
0.602000, 62.502461
0.603000, 62.437294
0.604000, 62.370894
0.605000, 62.304494
0.606000, 62.236864
0.607000, 62.169235
0.608000, 62.100378
0.609000, 62.031521
0.610000, 61.961440
0.611000, 61.891359
0.612000, 61.820056
0.613000, 61.748753
0.614000, 61.676231
0.615000, 61.603709
0.616000, 61.529971
0.617000, 61.456233
0.618000, 61.381282
0.619000, 61.306331
0.620000, 61.230170
0.621000, 61.154009
0.622000, 61.076641
0.623000, 60.999273
0.624000, 60.920701
0.625000, 60.842128
0.626000, 60.762355
0.627000, 60.682582
0.628000, 60.601611
0.629000, 60.520640
0.630000, 60.438474
0.631000, 60.356308
0.632000, 60.272951
0.633000, 60.189594
0.634000, 60.105049
0.635000, 60.020504
0.636000, 59.934774
0.637000, 59.849044
0.638000, 59.762133
0.639000, 59.675222
0.640000, 59.587132
0.641000, 59.499043
0.642000, 59.409780
0.643000, 59.320516
0.644000, 59.230081
0.645000, 59.139647
0.646000, 59.048045
0.647000, 58.956443
0.648000, 58.863677
0.649000, 58.770911
0.650000, 58.676985
0.651000, 58.583060
0.652000, 58.487977
0.653000, 58.392895
0.654000, 58.296660
0.655000, 58.200426
0.656000, 58.103042
0.657000, 58.005658
0.658000, 57.907130
0.659000, 57.808601
0.660000, 57.708931
0.661000, 57.609262
0.662000, 57.508455
0.663000, 57.407648
0.664000, 57.305708
0.665000, 57.203768
0.666000, 57.100698
0.667000, 56.997629
0.668000, 56.893435
0.669000, 56.789241
0.670000, 56.683925
0.671000, 56.578610
0.672000, 56.472178
0.673000, 56.365746
0.674000, 56.258201
0.675000, 56.150657
0.676000, 56.042004
0.677000, 55.933350
0.678000, 55.823593
0.679000, 55.713836
0.680000, 55.602979
0.681000, 55.492122
0.682000, 55.380170
0.683000, 55.268218
0.684000, 55.155175
0.685000, 55.042132
0.686000, 54.928002
0.687000, 54.813872
0.688000, 54.698661
0.689000, 54.583449
0.690000, 54.467160
0.691000, 54.350871
0.692000, 54.233509
0.693000, 54.116147
0.694000, 53.997717
0.695000, 53.879287
0.696000, 53.759793
0.697000, 53.640299
0.698000, 53.519747
0.699000, 53.399194
0.700000, 53.277588
0.701000, 53.155981
0.702000, 53.033326
0.703000, 52.910670
0.704000, 52.786970
0.705000, 52.663269
0.706000, 52.538530
0.707000, 52.413790
0.708000, 52.288016
0.709000, 52.162241
0.710000, 52.035437
0.711000, 51.908633
0.712000, 51.780805
0.713000, 51.652976
0.714000, 51.524128
0.715000, 51.395280
0.716000, 51.265417
0.717000, 51.135554
0.718000, 51.004682
0.719000, 50.873810
0.720000, 50.741934
0.721000, 50.610058
0.722000, 50.477183
0.723000, 50.344307
0.724000, 50.210438
0.725000, 50.076569
0.726000, 49.941712
0.727000, 49.806854
0.728000, 49.671014
0.729000, 49.535173
0.730000, 49.398355
0.731000, 49.261536
0.732000, 49.123745
0.733000, 48.985955
0.734000, 48.847197
0.735000, 48.708439
0.736000, 48.568720
0.737000, 48.429001
0.738000, 48.288326
0.739000, 48.147651
0.740000, 48.006025
0.741000, 47.864399
0.742000, 47.721829
0.743000, 47.579259
0.744000, 47.435749
0.745000, 47.292240
0.746000, 47.147797
0.747000, 47.003354
0.748000, 46.857983
0.749000, 46.712612
0.750000, 46.566319
0.751000, 46.420026
0.752000, 46.272817
0.753000, 46.125608
0.754000, 45.977488
0.755000, 45.829369
0.756000, 45.680344
0.757000, 45.531320
0.758000, 45.381397
0.759000, 45.231474
0.760000, 45.080658
0.761000, 44.929842
0.762000, 44.778140
0.763000, 44.626437
0.764000, 44.473853
0.765000, 44.321270
0.766000, 44.167811
0.767000, 44.014353
0.768000, 43.860025
0.769000, 43.705698
0.770000, 43.550508
0.771000, 43.395318
0.772000, 43.239271
0.773000, 43.083225
0.774000, 42.926328
0.775000, 42.769431
0.776000, 42.611689
0.777000, 42.453948
0.778000, 42.295369
0.779000, 42.136790
0.780000, 41.977379
0.781000, 41.817968
0.782000, 41.657731
0.783000, 41.497495
0.784000, 41.336439
0.785000, 41.175383
0.786000, 41.013515
0.787000, 40.851647
0.788000, 40.688972
0.789000, 40.526297
0.790000, 40.362823
0.791000, 40.199348
0.792000, 40.035080
0.793000, 39.870811
0.794000, 39.705756
0.795000, 39.540701
0.796000, 39.374865
0.797000, 39.209030
0.798000, 39.042420
0.799000, 38.875810
0.800000, 38.708433
0.801000, 38.541056
0.802000, 38.372919
0.803000, 38.204781
0.804000, 38.035889
0.805000, 37.866997
0.806000, 37.697357
0.807000, 37.527718
0.808000, 37.357338
0.809000, 37.186958
0.810000, 37.015844
0.811000, 36.844729
0.812000, 36.672888
0.813000, 36.501046
0.814000, 36.328484
0.815000, 36.155923
0.816000, 35.982647
0.817000, 35.809371
0.818000, 35.635389
0.819000, 35.461406
0.820000, 35.286724
0.821000, 35.112041
0.822000, 34.936666
0.823000, 34.761290
0.824000, 34.585228
0.825000, 34.409167
0.826000, 34.232426
0.827000, 34.055685
0.828000, 33.878272
0.829000, 33.700858
0.830000, 33.522780
0.831000, 33.344702
0.832000, 33.165965
0.833000, 32.987228
0.834000, 32.807841
0.835000, 32.628453
0.836000, 32.448421
0.837000, 32.268389
0.838000, 32.087721
0.839000, 31.907052
0.840000, 31.725753
0.841000, 31.544455
0.842000, 31.362534
0.843000, 31.180612
0.844000, 30.998076
0.845000, 30.815539
0.846000, 30.632394
0.847000, 30.449249
0.848000, 30.265503
0.849000, 30.081757
0.850000, 29.897417
0.851000, 29.713078
0.852000, 29.528151
0.853000, 29.343225
0.854000, 29.157719
0.855000, 28.972214
0.856000, 28.786137
0.857000, 28.600059
0.858000, 28.413417
0.859000, 28.226775
0.860000, 28.039576
0.861000, 27.852377
0.862000, 27.664628
0.863000, 27.476879
0.864000, 27.288588
0.865000, 27.100297
0.866000, 26.911470
0.867000, 26.722644
0.868000, 26.533291
0.869000, 26.343937
0.870000, 26.154063
0.871000, 25.964190
0.872000, 25.773803
0.873000, 25.583417
0.874000, 25.392526
0.875000, 25.201635
0.876000, 25.010246
0.877000, 24.818857
0.878000, 24.626979
0.879000, 24.435100
0.880000, 24.242739
0.881000, 24.050379
0.882000, 23.857543
0.883000, 23.664707
0.884000, 23.471405
0.885000, 23.278102
0.886000, 23.084340
0.887000, 22.890577
0.888000, 22.696363
0.889000, 22.502149
0.890000, 22.307491
0.891000, 22.112833
0.892000, 21.917738
0.893000, 21.722643
0.894000, 21.527120
0.895000, 21.331596
0.896000, 21.135652
0.897000, 20.939707
0.898000, 20.743349
0.899000, 20.546991
0.900000, 20.350228
0.901000, 20.153464
0.902000, 19.956303
0.903000, 19.759142
0.904000, 19.561590
0.905000, 19.364039
0.906000, 19.166105
0.907000, 18.968172
0.908000, 18.769864
0.909000, 18.571556
0.910000, 18.372881
0.911000, 18.174207
0.912000, 17.975173
0.913000, 17.776140
0.914000, 17.576756
0.915000, 17.377372
0.916000, 17.177644
0.917000, 16.977917
0.918000, 16.777855
0.919000, 16.577793
0.920000, 16.377403
0.921000, 16.177013
0.922000, 15.976304
0.923000, 15.775596
0.924000, 15.574575
0.925000, 15.373555
0.926000, 15.172231
0.927000, 14.970907
0.928000, 14.769288
0.929000, 14.567669
0.930000, 14.365762
0.931000, 14.163855
0.932000, 13.961669
0.933000, 13.759483
0.934000, 13.557025
0.935000, 13.354567
0.936000, 13.151845
0.937000, 12.949123
0.938000, 12.746146
0.939000, 12.543169
0.940000, 12.339944
0.941000, 12.136719
0.942000, 11.933255
0.943000, 11.729790
0.944000, 11.526095
0.945000, 11.322399
0.946000, 11.118479
0.947000, 10.914560
0.948000, 10.710425
0.949000, 10.506290
0.950000, 10.301948
0.951000, 10.097606
0.952000, 9.893064
0.953000, 9.688523
0.954000, 9.483790
0.955000, 9.279057
0.956000, 9.074141
0.957000, 8.869225
0.958000, 8.664134
0.959000, 8.459043
0.960000, 8.253785
0.961000, 8.048527
0.962000, 7.843110
0.963000, 7.637693
0.964000, 7.432126
0.965000, 7.226558
0.966000, 7.020848
0.967000, 6.815137
0.968000, 6.609293
0.969000, 6.403448
0.970000, 6.197477
0.971000, 5.991505
0.972000, 5.785416
0.973000, 5.579327
0.974000, 5.373127
0.975000, 5.166927
0.976000, 4.960626
0.977000, 4.754324
0.978000, 4.547929
0.979000, 4.341533
0.980000, 4.135052
0.981000, 3.928571
0.982000, 3.722012
0.983000, 3.515454
0.984000, 3.308826
0.985000, 3.102197
0.986000, 2.895508
0.987000, 2.688819
0.988000, 2.482076
0.989000, 2.275334
0.990000, 2.068547
0.991000, 1.861759
0.992000, 1.654935
0.993000, 1.448111
0.994000, 1.241259
0.995000, 1.034406
0.996000, 0.827533
0.997000, 0.620660
0.998000, 0.413775
0.999000, 0.206889
1.000000, 0.000000
