0.000000, 0.000000
0.001000, 2.439600
0.002000, 4.879152
0.003000, 7.318704
0.004000, 9.758112
0.005000, 12.197519
0.006000, 14.636686
0.007000, 17.075853
0.008000, 19.514683
0.009000, 21.953512
0.010000, 24.391909
0.011000, 26.830305
0.012000, 29.268172
0.013000, 31.706039
0.014000, 34.143280
0.015000, 36.580520
0.016000, 39.017039
0.017000, 41.453558
0.018000, 43.889259
0.019000, 46.324959
0.020000, 48.759746
0.021000, 51.194532
0.022000, 53.628307
0.023000, 56.062083
0.024000, 58.494752
0.025000, 60.927421
0.026000, 63.358887
0.027000, 65.790354
0.028000, 68.220522
0.029000, 70.650689
0.030000, 73.079462
0.031000, 75.508236
0.032000, 77.935518
0.033000, 80.362801
0.034000, 82.788497
0.035000, 85.214194
0.036000, 87.638208
0.037000, 90.062222
0.038000, 92.484459
0.039000, 94.906695
0.040000, 97.327059
0.041000, 99.747422
0.042000, 102.165816
0.043000, 104.584210
0.044000, 107.000540
0.045000, 109.416870
0.046000, 111.831040
0.047000, 114.245210
0.048000, 116.657125
0.049000, 119.069040
0.050000, 121.478605
0.051000, 123.888170
0.052000, 126.295289
0.053000, 128.702408
0.054000, 131.106987
0.055000, 133.511565
0.056000, 135.913509
0.057000, 138.315452
0.058000, 140.714665
0.059000, 143.113878
0.060000, 145.510266
0.061000, 147.906655
0.062000, 150.300123
0.063000, 152.693592
0.064000, 155.084046
0.065000, 157.474501
0.066000, 159.861847
0.067000, 162.249193
0.068000, 164.633337
0.069000, 167.017480
0.070000, 169.398327
0.071000, 171.779174
0.072000, 174.156629
0.073000, 176.534085
0.074000, 178.908057
0.075000, 181.282028
0.076000, 183.652421
0.077000, 186.022814
0.078000, 188.389535
0.079000, 190.756256
0.080000, 193.119212
0.081000, 195.482167
0.082000, 197.841264
0.083000, 200.200361
0.084000, 202.555506
0.085000, 204.910652
0.086000, 207.261752
0.087000, 209.612853
0.088000, 211.959815
0.089000, 214.306778
0.090000, 216.649511
0.091000, 218.992244
0.092000, 221.330653
0.093000, 223.669063
0.094000, 226.003058
0.095000, 228.337053
0.096000, 230.666541
0.097000, 232.996029
0.098000, 235.320917
0.099000, 237.645806
0.100000, 239.966003
0.101000, 242.286201
0.102000, 244.601616
0.103000, 246.917031
0.104000, 249.227572
0.105000, 251.538114
0.106000, 253.843690
0.107000, 256.149266
0.108000, 258.449786
0.109000, 260.750305
0.110000, 263.045678
0.111000, 265.341051
0.112000, 267.631187
0.113000, 269.921322
0.114000, 272.206129
0.115000, 274.490936
0.116000, 276.770325
0.117000, 279.049714
0.118000, 281.323595
0.119000, 283.597476
0.120000, 285.865759
0.121000, 288.134042
0.122000, 290.396637
0.123000, 292.659233
0.124000, 294.916051
0.125000, 297.172870
0.126000, 299.423822
0.127000, 301.674775
0.128000, 303.919773
0.129000, 306.164770
0.130000, 308.403725
0.131000, 310.642679
0.132000, 312.875502
0.133000, 315.108324
0.134000, 317.334927
0.135000, 319.561529
0.136000, 321.781824
0.137000, 324.002119
0.138000, 326.216018
0.139000, 328.429917
0.140000, 330.637333
0.141000, 332.844749
0.142000, 335.045596
0.143000, 337.246442
0.144000, 339.440631
0.145000, 341.634820
0.146000, 343.822266
0.147000, 346.009711
0.148000, 348.190327
0.149000, 350.370943
0.150000, 352.544642
0.151000, 354.718342
0.152000, 356.885040
0.153000, 359.051738
0.154000, 361.211348
0.155000, 363.370959
0.156000, 365.523397
0.157000, 367.675834
0.158000, 369.821015
0.159000, 371.966195
0.160000, 374.104033
0.161000, 376.241871
0.162000, 378.372282
0.163000, 380.502693
0.164000, 382.625594
0.165000, 384.748494
0.166000, 386.863800
0.167000, 388.979106
0.168000, 391.086733
0.169000, 393.194361
0.170000, 395.294228
0.171000, 397.394094
0.172000, 399.486116
0.173000, 401.578138
0.174000, 403.662234
0.175000, 405.746329
0.176000, 407.822415
0.177000, 409.898502
0.178000, 411.966497
0.179000, 414.034492
0.180000, 416.094315
0.181000, 418.154137
0.182000, 420.205706
0.183000, 422.257274
0.184000, 424.300508
0.185000, 426.343741
0.186000, 428.378559
0.187000, 430.413377
0.188000, 432.439699
0.189000, 434.466021
0.190000, 436.483767
0.191000, 438.501513
0.192000, 440.510603
0.193000, 442.519693
0.194000, 444.520049
0.195000, 446.520404
0.196000, 448.511945
0.197000, 450.503487
0.198000, 452.486136
0.199000, 454.468784
0.200000, 456.442462
0.201000, 458.416140
0.202000, 460.380770
0.203000, 462.345399
0.204000, 464.300902
0.205000, 466.256405
0.206000, 468.202704
0.207000, 470.149004
0.208000, 472.086023
0.209000, 474.023042
0.210000, 475.950704
0.211000, 477.878367
0.212000, 479.796596
0.213000, 481.714825
0.214000, 483.623546
0.215000, 485.532267
0.216000, 487.431404
0.217000, 489.330540
0.218000, 491.220018
0.219000, 493.109496
0.220000, 494.989240
0.221000, 496.868985
0.222000, 498.738921
0.223000, 500.608857
0.224000, 502.468912
0.225000, 504.328967
0.226000, 506.179067
0.227000, 508.029167
0.228000, 509.869239
0.229000, 511.709311
0.230000, 513.539282
0.231000, 515.369253
0.232000, 517.189051
0.233000, 519.008849
0.234000, 520.818402
0.235000, 522.627956
0.236000, 524.427193
0.237000, 526.226430
0.238000, 528.015280
0.239000, 529.804130
0.240000, 531.582522
0.241000, 533.360914
0.242000, 535.128778
0.243000, 536.896642
0.244000, 538.653908
0.245000, 540.411174
0.246000, 542.157772
0.247000, 543.904371
0.248000, 545.640234
0.249000, 547.376096
0.250000, 549.101154
0.251000, 550.826212
0.252000, 552.540397
0.253000, 554.254582
0.254000, 555.957826
0.255000, 557.661071
0.256000, 559.353308
0.257000, 561.045544
0.258000, 562.726706
0.259000, 564.407869
0.260000, 566.077890
0.261000, 567.747911
0.262000, 569.406726
0.263000, 571.065540
0.264000, 572.713082
0.265000, 574.360624
0.266000, 575.996829
0.267000, 577.633033
0.268000, 579.257836
0.269000, 580.882639
0.270000, 582.495975
0.271000, 584.109312
0.272000, 585.711118
0.273000, 587.312925
0.274000, 588.903139
0.275000, 590.493352
0.276000, 592.071910
0.277000, 593.650468
0.278000, 595.217308
0.279000, 596.784148
0.280000, 598.339207
0.281000, 599.894267
0.282000, 601.437485
0.283000, 602.980703
0.284000, 604.512019
0.285000, 606.043335
0.286000, 607.562689
0.287000, 609.082042
0.288000, 610.589372
0.289000, 612.096703
0.290000, 613.591951
0.291000, 615.087199
0.292000, 616.570306
0.293000, 618.053413
0.294000, 619.524320
0.295000, 620.995227
0.296000, 622.453876
0.297000, 623.912525
0.298000, 625.358858
0.299000, 626.805192
0.300000, 628.239153
0.301000, 629.673114
0.302000, 631.094646
0.303000, 632.516178
0.304000, 633.925224
0.305000, 635.334271
0.306000, 636.730776
0.307000, 638.127282
0.308000, 639.511191
0.309000, 640.895100
0.310000, 642.266359
0.311000, 643.637618
0.312000, 644.996172
0.313000, 646.354726
0.314000, 647.700521
0.315000, 649.046316
0.316000, 650.379300
0.317000, 651.712284
0.318000, 653.032403
0.319000, 654.352523
0.320000, 655.659726
0.321000, 656.966929
0.322000, 658.261164
0.323000, 659.555399
0.324000, 660.836616
0.325000, 662.117832
0.326000, 663.385978
0.327000, 664.654125
0.328000, 665.909151
0.329000, 667.164178
0.330000, 668.406036
0.331000, 669.647893
0.332000, 670.876532
0.333000, 672.105172
0.334000, 673.320544
0.335000, 674.535917
0.336000, 675.737974
0.337000, 676.940032
0.338000, 678.128728
0.339000, 679.317423
0.340000, 680.492709
0.341000, 681.667996
0.342000, 682.829827
0.343000, 683.991657
0.344000, 685.139987
0.345000, 686.288316
0.346000, 687.423099
0.347000, 688.557881
0.348000, 689.679073
0.349000, 690.800264
0.350000, 691.907819
0.351000, 693.015374
0.352000, 694.109250
0.353000, 695.203126
0.354000, 696.283279
0.355000, 697.363432
0.356000, 698.429820
0.357000, 699.496207
0.358000, 700.548788
0.359000, 701.601368
0.360000, 702.640099
0.361000, 703.678830
0.362000, 704.703672
0.363000, 705.728513
0.364000, 706.739423
0.365000, 707.750334
0.366000, 708.747275
0.367000, 709.744215
0.368000, 710.727146
0.369000, 711.710076
0.370000, 712.678958
0.371000, 713.647840
0.372000, 714.602636
0.373000, 715.557431
0.374000, 716.498102
0.375000, 717.438772
0.376000, 718.365281
0.377000, 719.291791
0.378000, 720.204102
0.379000, 721.116413
0.380000, 722.014489
0.381000, 722.912566
0.382000, 723.796373
0.383000, 724.680180
0.384000, 725.549683
0.385000, 726.419185
0.386000, 727.274349
0.387000, 728.129512
0.388000, 728.970303
0.389000, 729.811094
0.390000, 730.637479
0.391000, 731.463864
0.392000, 732.275811
0.393000, 733.087757
0.394000, 733.885234
0.395000, 734.682710
0.396000, 735.465684
0.397000, 736.248658
0.398000, 737.017099
0.399000, 737.785540
0.400000, 738.539418
0.401000, 739.293296
0.402000, 740.032581
0.403000, 740.771866
0.404000, 741.496529
0.405000, 742.221191
0.406000, 742.931203
0.407000, 743.641215
0.408000, 744.336548
0.409000, 745.031881
0.410000, 745.712508
0.411000, 746.393135
0.412000, 747.059028
0.413000, 747.724922
0.414000, 748.376056
0.415000, 749.027190
0.416000, 749.663539
0.417000, 750.299888
0.418000, 750.921427
0.419000, 751.542965
0.420000, 752.149669
0.421000, 752.756373
0.422000, 753.348218
0.423000, 753.940063
0.424000, 754.517026
0.425000, 755.093989
0.426000, 755.656048
0.427000, 756.218106
0.428000, 756.765237
0.429000, 757.312368
0.430000, 757.844550
0.431000, 758.376732
0.432000, 758.893945
0.433000, 759.411157
0.434000, 759.913380
0.435000, 760.415602
0.436000, 760.902815
0.437000, 761.390027
0.438000, 761.862211
0.439000, 762.334394
0.440000, 762.791529
0.441000, 763.248665
0.442000, 763.690734
0.443000, 764.132804
0.444000, 764.559790
0.445000, 764.986777
0.446000, 765.398663
0.447000, 765.810549
0.448000, 766.207318
0.449000, 766.604088
0.450000, 766.985726
0.451000, 767.367363
0.452000, 767.733854
0.453000, 768.100344
0.454000, 768.451673
0.455000, 768.803001
0.456000, 769.139155
0.457000, 769.475308
0.458000, 769.796272
0.459000, 770.117237
0.460000, 770.423000
0.461000, 770.728763
0.462000, 771.019312
0.463000, 771.309862
0.464000, 771.585186
0.465000, 771.860511
0.466000, 772.120599
0.467000, 772.380688
0.468000, 772.625530
0.469000, 772.870373
0.470000, 773.099959
0.471000, 773.329546
0.472000, 773.543868
0.473000, 773.758190
0.474000, 773.957238
0.475000, 774.156286
0.476000, 774.340054
0.477000, 774.523821
0.478000, 774.692300
0.479000, 774.860779
0.480000, 775.013963
0.481000, 775.167146
0.482000, 775.305029
0.483000, 775.442912
0.484000, 775.565488
0.485000, 775.688064
0.486000, 775.795328
0.487000, 775.902593
0.488000, 775.994542
0.489000, 776.086491
0.490000, 776.163121
0.491000, 776.239750
0.492000, 776.301058
0.493000, 776.362365
0.494000, 776.408348
0.495000, 776.454330
0.496000, 776.484986
0.497000, 776.515643
0.498000, 776.530971
0.499000, 776.546299
0.500000, 776.546299
0.501000, 776.546299
0.502000, 776.530971
0.503000, 776.515643
0.504000, 776.484986
0.505000, 776.454330
0.506000, 776.408348
0.507000, 776.362365
0.508000, 776.301058
0.509000, 776.239750
0.510000, 776.163121
0.511000, 776.086491
0.512000, 775.994542
0.513000, 775.902593
0.514000, 775.795328
0.515000, 775.688064
0.516000, 775.565488
0.517000, 775.442912
0.518000, 775.305029
0.519000, 775.167146
0.520000, 775.013963
0.521000, 774.860779
0.522000, 774.692300
0.523000, 774.523821
0.524000, 774.340054
0.525000, 774.156286
0.526000, 773.957238
0.527000, 773.758190
0.528000, 773.543868
0.529000, 773.329546
0.530000, 773.099959
0.531000, 772.870373
0.532000, 772.625530
0.533000, 772.380688
0.534000, 772.120599
0.535000, 771.860511
0.536000, 771.585186
0.537000, 771.309862
0.538000, 771.019312
0.539000, 770.728763
0.540000, 770.423000
0.541000, 770.117237
0.542000, 769.796272
0.543000, 769.475308
0.544000, 769.139155
0.545000, 768.803001
0.546000, 768.451673
0.547000, 768.100344
0.548000, 767.733854
0.549000, 767.367363
0.550000, 766.985726
0.551000, 766.604088
0.552000, 766.207318
0.553000, 765.810549
0.554000, 765.398663
0.555000, 764.986777
0.556000, 764.559790
0.557000, 764.132804
0.558000, 763.690734
0.559000, 763.248665
0.560000, 762.791529
0.561000, 762.334394
0.562000, 761.862211
0.563000, 761.390027
0.564000, 760.902815
0.565000, 760.415602
0.566000, 759.913380
0.567000, 759.411157
0.568000, 758.893945
0.569000, 758.376732
0.570000, 757.844550
0.571000, 757.312368
0.572000, 756.765237
0.573000, 756.218106
0.574000, 755.656048
0.575000, 755.093989
0.576000, 754.517026
0.577000, 753.940063
0.578000, 753.348218
0.579000, 752.756373
0.580000, 752.149669
0.581000, 751.542965
0.582000, 750.921427
0.583000, 750.299888
0.584000, 749.663539
0.585000, 749.027190
0.586000, 748.376056
0.587000, 747.724922
0.588000, 747.059028
0.589000, 746.393135
0.590000, 745.712508
0.591000, 745.031881
0.592000, 744.336548
0.593000, 743.641215
0.594000, 742.931203
0.595000, 742.221191
0.596000, 741.496529
0.597000, 740.771866
0.598000, 740.032581
0.599000, 739.293296
0.600000, 738.539418
0.601000, 737.785540
0.602000, 737.017099
0.603000, 736.248658
0.604000, 735.465684
0.605000, 734.682710
0.606000, 733.885234
0.607000, 733.087757
0.608000, 732.275811
0.609000, 731.463864
0.610000, 730.637479
0.611000, 729.811094
0.612000, 728.970303
0.613000, 728.129512
0.614000, 727.274349
0.615000, 726.419185
0.616000, 725.549683
0.617000, 724.680180
0.618000, 723.796373
0.619000, 722.912566
0.620000, 722.014489
0.621000, 721.116413
0.622000, 720.204102
0.623000, 719.291791
0.624000, 718.365281
0.625000, 717.438772
0.626000, 716.498102
0.627000, 715.557431
0.628000, 714.602636
0.629000, 713.647840
0.630000, 712.678958
0.631000, 711.710076
0.632000, 710.727146
0.633000, 709.744215
0.634000, 708.747275
0.635000, 707.750334
0.636000, 706.739423
0.637000, 705.728513
0.638000, 704.703672
0.639000, 703.678830
0.640000, 702.640099
0.641000, 701.601368
0.642000, 700.548788
0.643000, 699.496207
0.644000, 698.429820
0.645000, 697.363432
0.646000, 696.283279
0.647000, 695.203126
0.648000, 694.109250
0.649000, 693.015374
0.650000, 691.907819
0.651000, 690.800264
0.652000, 689.679073
0.653000, 688.557881
0.654000, 687.423099
0.655000, 686.288316
0.656000, 685.139987
0.657000, 683.991657
0.658000, 682.829827
0.659000, 681.667996
0.660000, 680.492709
0.661000, 679.317423
0.662000, 678.128728
0.663000, 676.940032
0.664000, 675.737974
0.665000, 674.535917
0.666000, 673.320544
0.667000, 672.105172
0.668000, 670.876532
0.669000, 669.647893
0.670000, 668.406036
0.671000, 667.164178
0.672000, 665.909151
0.673000, 664.654125
0.674000, 663.385978
0.675000, 662.117832
0.676000, 660.836616
0.677000, 659.555399
0.678000, 658.261164
0.679000, 656.966929
0.680000, 655.659726
0.681000, 654.352523
0.682000, 653.032403
0.683000, 651.712284
0.684000, 650.379300
0.685000, 649.046316
0.686000, 647.700521
0.687000, 646.354726
0.688000, 644.996172
0.689000, 643.637618
0.690000, 642.266359
0.691000, 640.895100
0.692000, 639.511191
0.693000, 638.127282
0.694000, 636.730776
0.695000, 635.334271
0.696000, 633.925224
0.697000, 632.516178
0.698000, 631.094646
0.699000, 629.673114
0.700000, 628.239153
0.701000, 626.805192
0.702000, 625.358858
0.703000, 623.912525
0.704000, 622.453876
0.705000, 620.995227
0.706000, 619.524320
0.707000, 618.053413
0.708000, 616.570306
0.709000, 615.087199
0.710000, 613.591951
0.711000, 612.096703
0.712000, 610.589372
0.713000, 609.082042
0.714000, 607.562689
0.715000, 606.043335
0.716000, 604.512019
0.717000, 602.980703
0.718000, 601.437485
0.719000, 599.894267
0.720000, 598.339207
0.721000, 596.784148
0.722000, 595.217308
0.723000, 593.650468
0.724000, 592.071910
0.725000, 590.493352
0.726000, 588.903139
0.727000, 587.312925
0.728000, 585.711118
0.729000, 584.109312
0.730000, 582.495975
0.731000, 580.882639
0.732000, 579.257836
0.733000, 577.633033
0.734000, 575.996829
0.735000, 574.360624
0.736000, 572.713082
0.737000, 571.065540
0.738000, 569.406726
0.739000, 567.747911
0.740000, 566.077890
0.741000, 564.407869
0.742000, 562.726706
0.743000, 561.045544
0.744000, 559.353308
0.745000, 557.661071
0.746000, 555.957826
0.747000, 554.254582
0.748000, 552.540397
0.749000, 550.826212
0.750000, 549.101154
0.751000, 547.376096
0.752000, 545.640234
0.753000, 543.904371
0.754000, 542.157772
0.755000, 540.411174
0.756000, 538.653908
0.757000, 536.896642
0.758000, 535.128778
0.759000, 533.360914
0.760000, 531.582522
0.761000, 529.804130
0.762000, 528.015280
0.763000, 526.226430
0.764000, 524.427193
0.765000, 522.627956
0.766000, 520.818402
0.767000, 519.008849
0.768000, 517.189051
0.769000, 515.369253
0.770000, 513.539282
0.771000, 511.709311
0.772000, 509.869239
0.773000, 508.029167
0.774000, 506.179067
0.775000, 504.328967
0.776000, 502.468912
0.777000, 500.608857
0.778000, 498.738921
0.779000, 496.868985
0.780000, 494.989240
0.781000, 493.109496
0.782000, 491.220018
0.783000, 489.330540
0.784000, 487.431404
0.785000, 485.532267
0.786000, 483.623546
0.787000, 481.714825
0.788000, 479.796596
0.789000, 477.878367
0.790000, 475.950704
0.791000, 474.023042
0.792000, 472.086023
0.793000, 470.149004
0.794000, 468.202704
0.795000, 466.256405
0.796000, 464.300902
0.797000, 462.345399
0.798000, 460.380770
0.799000, 458.416140
0.800000, 456.442462
0.801000, 454.468784
0.802000, 452.486136
0.803000, 450.503487
0.804000, 448.511945
0.805000, 446.520404
0.806000, 444.520049
0.807000, 442.519693
0.808000, 440.510603
0.809000, 438.501513
0.810000, 436.483767
0.811000, 434.466021
0.812000, 432.439699
0.813000, 430.413377
0.814000, 428.378559
0.815000, 426.343741
0.816000, 424.300508
0.817000, 422.257274
0.818000, 420.205706
0.819000, 418.154137
0.820000, 416.094315
0.821000, 414.034492
0.822000, 411.966497
0.823000, 409.898502
0.824000, 407.822415
0.825000, 405.746329
0.826000, 403.662234
0.827000, 401.578138
0.828000, 399.486116
0.829000, 397.394094
0.830000, 395.294228
0.831000, 393.194361
0.832000, 391.086733
0.833000, 388.979106
0.834000, 386.863800
0.835000, 384.748494
0.836000, 382.625594
0.837000, 380.502693
0.838000, 378.372282
0.839000, 376.241871
0.840000, 374.104033
0.841000, 371.966195
0.842000, 369.821015
0.843000, 367.675834
0.844000, 365.523397
0.845000, 363.370959
0.846000, 361.211348
0.847000, 359.051738
0.848000, 356.885040
0.849000, 354.718342
0.850000, 352.544642
0.851000, 350.370943
0.852000, 348.190327
0.853000, 346.009711
0.854000, 343.822266
0.855000, 341.634820
0.856000, 339.440631
0.857000, 337.246442
0.858000, 335.045596
0.859000, 332.844749
0.860000, 330.637333
0.861000, 328.429917
0.862000, 326.216018
0.863000, 324.002119
0.864000, 321.781824
0.865000, 319.561529
0.866000, 317.334927
0.867000, 315.108324
0.868000, 312.875502
0.869000, 310.642679
0.870000, 308.403725
0.871000, 306.164770
0.872000, 303.919773
0.873000, 301.674775
0.874000, 299.423822
0.875000, 297.172870
0.876000, 294.916051
0.877000, 292.659233
0.878000, 290.396637
0.879000, 288.134042
0.880000, 285.865759
0.881000, 283.597476
0.882000, 281.323595
0.883000, 279.049714
0.884000, 276.770325
0.885000, 274.490936
0.886000, 272.206129
0.887000, 269.921322
0.888000, 267.631187
0.889000, 265.341051
0.890000, 263.045678
0.891000, 260.750305
0.892000, 258.449786
0.893000, 256.149266
0.894000, 253.843690
0.895000, 251.538114
0.896000, 249.227572
0.897000, 246.917031
0.898000, 244.601616
0.899000, 242.286201
0.900000, 239.966003
0.901000, 237.645806
0.902000, 235.320917
0.903000, 232.996029
0.904000, 230.666541
0.905000, 228.337053
0.906000, 226.003058
0.907000, 223.669063
0.908000, 221.330653
0.909000, 218.992244
0.910000, 216.649511
0.911000, 214.306778
0.912000, 211.959815
0.913000, 209.612853
0.914000, 207.261752
0.915000, 204.910652
0.916000, 202.555506
0.917000, 200.200361
0.918000, 197.841264
0.919000, 195.482167
0.920000, 193.119212
0.921000, 190.756256
0.922000, 188.389535
0.923000, 186.022814
0.924000, 183.652421
0.925000, 181.282028
0.926000, 178.908057
0.927000, 176.534085
0.928000, 174.156629
0.929000, 171.779174
0.930000, 169.398327
0.931000, 167.017480
0.932000, 164.633337
0.933000, 162.249193
0.934000, 159.861847
0.935000, 157.474501
0.936000, 155.084046
0.937000, 152.693592
0.938000, 150.300123
0.939000, 147.906655
0.940000, 145.510266
0.941000, 143.113878
0.942000, 140.714665
0.943000, 138.315452
0.944000, 135.913509
0.945000, 133.511565
0.946000, 131.106987
0.947000, 128.702408
0.948000, 126.295289
0.949000, 123.888170
0.950000, 121.478605
0.951000, 119.069040
0.952000, 116.657125
0.953000, 114.245210
0.954000, 111.831040
0.955000, 109.416870
0.956000, 107.000540
0.957000, 104.584210
0.958000, 102.165816
0.959000, 99.747422
0.960000, 97.327059
0.961000, 94.906695
0.962000, 92.484459
0.963000, 90.062222
0.964000, 87.638208
0.965000, 85.214194
0.966000, 82.788497
0.967000, 80.362801
0.968000, 77.935518
0.969000, 75.508236
0.970000, 73.079462
0.971000, 70.650689
0.972000, 68.220522
0.973000, 65.790354
0.974000, 63.358887
0.975000, 60.927421
0.976000, 58.494752
0.977000, 56.062083
0.978000, 53.628307
0.979000, 51.194532
0.980000, 48.759746
0.981000, 46.324959
0.982000, 43.889259
0.983000, 41.453558
0.984000, 39.017039
0.985000, 36.580520
0.986000, 34.143280
0.987000, 31.706039
0.988000, 29.268172
0.989000, 26.830305
0.990000, 24.391909
0.991000, 21.953512
0.992000, 19.514683
0.993000, 17.075853
0.994000, 14.636686
0.995000, 12.197519
0.996000, 9.758112
0.997000, 7.318704
0.998000, 4.879152
0.999000, 2.439600
1.000000, 0.000000
