0.000000, 0.000000
0.001000, 0.017545
0.002000, 0.035090
0.003000, 0.052635
0.004000, 0.070179
0.005000, 0.087722
0.006000, 0.105264
0.007000, 0.122807
0.008000, 0.140346
0.009000, 0.157886
0.010000, 0.175422
0.011000, 0.192959
0.012000, 0.210492
0.013000, 0.228024
0.014000, 0.245552
0.015000, 0.263081
0.016000, 0.280604
0.017000, 0.298127
0.018000, 0.315644
0.019000, 0.333161
0.020000, 0.350672
0.021000, 0.368182
0.022000, 0.385685
0.023000, 0.403189
0.024000, 0.420684
0.025000, 0.438179
0.026000, 0.455666
0.027000, 0.473153
0.028000, 0.490630
0.029000, 0.508107
0.030000, 0.525575
0.031000, 0.543042
0.032000, 0.560499
0.033000, 0.577955
0.034000, 0.595400
0.035000, 0.612846
0.036000, 0.630279
0.037000, 0.647712
0.038000, 0.665132
0.039000, 0.682552
0.040000, 0.699959
0.041000, 0.717366
0.042000, 0.734759
0.043000, 0.752151
0.044000, 0.769529
0.045000, 0.786907
0.046000, 0.804269
0.047000, 0.821632
0.048000, 0.838978
0.049000, 0.856324
0.050000, 0.873653
0.051000, 0.890982
0.052000, 0.908294
0.053000, 0.925605
0.054000, 0.942899
0.055000, 0.960192
0.056000, 0.977466
0.057000, 0.994741
0.058000, 1.011995
0.059000, 1.029250
0.060000, 1.046484
0.061000, 1.063719
0.062000, 1.080932
0.063000, 1.098146
0.064000, 1.115337
0.065000, 1.132529
0.066000, 1.149698
0.067000, 1.166868
0.068000, 1.184014
0.069000, 1.201160
0.070000, 1.218283
0.071000, 1.235406
0.072000, 1.252504
0.073000, 1.269602
0.074000, 1.286675
0.075000, 1.303749
0.076000, 1.320796
0.077000, 1.337844
0.078000, 1.354865
0.079000, 1.371886
0.080000, 1.388880
0.081000, 1.405874
0.082000, 1.422840
0.083000, 1.439806
0.084000, 1.456744
0.085000, 1.473682
0.086000, 1.490590
0.087000, 1.507499
0.088000, 1.524378
0.089000, 1.541257
0.090000, 1.558105
0.091000, 1.574954
0.092000, 1.591771
0.093000, 1.608589
0.094000, 1.625374
0.095000, 1.642160
0.096000, 1.658913
0.097000, 1.675667
0.098000, 1.692387
0.099000, 1.709107
0.100000, 1.725793
0.101000, 1.742480
0.102000, 1.759132
0.103000, 1.775784
0.104000, 1.792401
0.105000, 1.809018
0.106000, 1.825599
0.107000, 1.842181
0.108000, 1.858726
0.109000, 1.875271
0.110000, 1.891778
0.111000, 1.908286
0.112000, 1.924757
0.113000, 1.941227
0.114000, 1.957659
0.115000, 1.974091
0.116000, 1.990484
0.117000, 2.006877
0.118000, 2.023230
0.119000, 2.039583
0.120000, 2.055897
0.121000, 2.072210
0.122000, 2.088482
0.123000, 2.104754
0.124000, 2.120985
0.125000, 2.137215
0.126000, 2.153404
0.127000, 2.169592
0.128000, 2.185738
0.129000, 2.201883
0.130000, 2.217986
0.131000, 2.234088
0.132000, 2.250146
0.133000, 2.266204
0.134000, 2.282217
0.135000, 2.298231
0.136000, 2.314199
0.137000, 2.330167
0.138000, 2.346089
0.139000, 2.362010
0.140000, 2.377886
0.141000, 2.393761
0.142000, 2.409589
0.143000, 2.425417
0.144000, 2.441198
0.145000, 2.456978
0.146000, 2.472710
0.147000, 2.488441
0.148000, 2.504124
0.149000, 2.519806
0.150000, 2.535439
0.151000, 2.551072
0.152000, 2.566655
0.153000, 2.582237
0.154000, 2.597769
0.155000, 2.613300
0.156000, 2.628780
0.157000, 2.644260
0.158000, 2.659688
0.159000, 2.675116
0.160000, 2.690491
0.161000, 2.705866
0.162000, 2.721187
0.163000, 2.736509
0.164000, 2.751776
0.165000, 2.767044
0.166000, 2.782257
0.167000, 2.797470
0.168000, 2.812627
0.169000, 2.827785
0.170000, 2.842887
0.171000, 2.857989
0.172000, 2.873034
0.173000, 2.888080
0.174000, 2.903068
0.175000, 2.918057
0.176000, 2.932987
0.177000, 2.947918
0.178000, 2.962791
0.179000, 2.977664
0.180000, 2.992477
0.181000, 3.007291
0.182000, 3.022046
0.183000, 3.036800
0.184000, 3.051495
0.185000, 3.066190
0.186000, 3.080824
0.187000, 3.095458
0.188000, 3.110031
0.189000, 3.124604
0.190000, 3.139115
0.191000, 3.153626
0.192000, 3.168075
0.193000, 3.182524
0.194000, 3.196910
0.195000, 3.211297
0.196000, 3.225619
0.197000, 3.239942
0.198000, 3.254201
0.199000, 3.268460
0.200000, 3.282654
0.201000, 3.296849
0.202000, 3.310978
0.203000, 3.325107
0.204000, 3.339171
0.205000, 3.353234
0.206000, 3.367232
0.207000, 3.381229
0.208000, 3.395160
0.209000, 3.409091
0.210000, 3.422954
0.211000, 3.436818
0.212000, 3.450613
0.213000, 3.464409
0.214000, 3.478136
0.215000, 3.491863
0.216000, 3.505521
0.217000, 3.519180
0.218000, 3.532768
0.219000, 3.546357
0.220000, 3.559876
0.221000, 3.573395
0.222000, 3.586843
0.223000, 3.600291
0.224000, 3.613668
0.225000, 3.627046
0.226000, 3.640351
0.227000, 3.653657
0.228000, 3.666890
0.229000, 3.680124
0.230000, 3.693285
0.231000, 3.706445
0.232000, 3.719533
0.233000, 3.732621
0.234000, 3.745635
0.235000, 3.758649
0.236000, 3.771589
0.237000, 3.784528
0.238000, 3.797393
0.239000, 3.810259
0.240000, 3.823048
0.241000, 3.835838
0.242000, 3.848553
0.243000, 3.861267
0.244000, 3.873905
0.245000, 3.886543
0.246000, 3.899104
0.247000, 3.911665
0.248000, 3.924149
0.249000, 3.936633
0.250000, 3.949039
0.251000, 3.961446
0.252000, 3.973774
0.253000, 3.986102
0.254000, 3.998351
0.255000, 4.010601
0.256000, 4.022771
0.257000, 4.034941
0.258000, 4.047032
0.259000, 4.059123
0.260000, 4.071133
0.261000, 4.083144
0.262000, 4.095074
0.263000, 4.107003
0.264000, 4.118852
0.265000, 4.130701
0.266000, 4.142468
0.267000, 4.154236
0.268000, 4.165921
0.269000, 4.177606
0.270000, 4.189209
0.271000, 4.200812
0.272000, 4.212332
0.273000, 4.223852
0.274000, 4.235288
0.275000, 4.246725
0.276000, 4.258078
0.277000, 4.269430
0.278000, 4.280699
0.279000, 4.291967
0.280000, 4.303151
0.281000, 4.314335
0.282000, 4.325433
0.283000, 4.336532
0.284000, 4.347545
0.285000, 4.358558
0.286000, 4.369485
0.287000, 4.380411
0.288000, 4.391252
0.289000, 4.402092
0.290000, 4.412846
0.291000, 4.423599
0.292000, 4.434266
0.293000, 4.444932
0.294000, 4.455510
0.295000, 4.466089
0.296000, 4.476579
0.297000, 4.487070
0.298000, 4.497471
0.299000, 4.507873
0.300000, 4.518186
0.301000, 4.528499
0.302000, 4.538722
0.303000, 4.548946
0.304000, 4.559079
0.305000, 4.569213
0.306000, 4.579256
0.307000, 4.589300
0.308000, 4.599253
0.309000, 4.609205
0.310000, 4.619067
0.311000, 4.628929
0.312000, 4.638700
0.313000, 4.648470
0.314000, 4.658149
0.315000, 4.667828
0.316000, 4.677414
0.317000, 4.687001
0.318000, 4.696495
0.319000, 4.705989
0.320000, 4.715390
0.321000, 4.724791
0.322000, 4.734099
0.323000, 4.743407
0.324000, 4.752621
0.325000, 4.761836
0.326000, 4.770956
0.327000, 4.780076
0.328000, 4.789102
0.329000, 4.798128
0.330000, 4.807059
0.331000, 4.815990
0.332000, 4.824827
0.333000, 4.833663
0.334000, 4.842404
0.335000, 4.851144
0.336000, 4.859789
0.337000, 4.868434
0.338000, 4.876983
0.339000, 4.885532
0.340000, 4.893984
0.341000, 4.902437
0.342000, 4.910793
0.343000, 4.919148
0.344000, 4.927407
0.345000, 4.935665
0.346000, 4.943827
0.347000, 4.951988
0.348000, 4.960051
0.349000, 4.968115
0.350000, 4.976080
0.351000, 4.984045
0.352000, 4.991912
0.353000, 4.999779
0.354000, 5.007547
0.355000, 5.015316
0.356000, 5.022985
0.357000, 5.030654
0.358000, 5.038224
0.359000, 5.045794
0.360000, 5.053265
0.361000, 5.060735
0.362000, 5.068105
0.363000, 5.075476
0.364000, 5.082746
0.365000, 5.090017
0.366000, 5.097186
0.367000, 5.104356
0.368000, 5.111425
0.369000, 5.118494
0.370000, 5.125462
0.371000, 5.132430
0.372000, 5.139297
0.373000, 5.146164
0.374000, 5.152929
0.375000, 5.159694
0.376000, 5.166357
0.377000, 5.173021
0.378000, 5.179582
0.379000, 5.186143
0.380000, 5.192602
0.381000, 5.199061
0.382000, 5.205417
0.383000, 5.211773
0.384000, 5.218026
0.385000, 5.224280
0.386000, 5.230430
0.387000, 5.236580
0.388000, 5.242627
0.389000, 5.248674
0.390000, 5.254617
0.391000, 5.260560
0.392000, 5.266399
0.393000, 5.272239
0.394000, 5.277974
0.395000, 5.283709
0.396000, 5.289340
0.397000, 5.294971
0.398000, 5.300498
0.399000, 5.306024
0.400000, 5.311446
0.401000, 5.316868
0.402000, 5.322185
0.403000, 5.327502
0.404000, 5.332713
0.405000, 5.337925
0.406000, 5.343031
0.407000, 5.348137
0.408000, 5.353138
0.409000, 5.358139
0.410000, 5.363034
0.411000, 5.367929
0.412000, 5.372718
0.413000, 5.377507
0.414000, 5.382190
0.415000, 5.386872
0.416000, 5.391449
0.417000, 5.396025
0.418000, 5.400495
0.419000, 5.404965
0.420000, 5.409329
0.421000, 5.413692
0.422000, 5.417949
0.423000, 5.422205
0.424000, 5.426354
0.425000, 5.430504
0.426000, 5.434546
0.427000, 5.438588
0.428000, 5.442523
0.429000, 5.446458
0.430000, 5.450285
0.431000, 5.454113
0.432000, 5.457832
0.433000, 5.461552
0.434000, 5.465164
0.435000, 5.468776
0.436000, 5.472280
0.437000, 5.475784
0.438000, 5.479180
0.439000, 5.482576
0.440000, 5.485863
0.441000, 5.489151
0.442000, 5.492330
0.443000, 5.495509
0.444000, 5.498580
0.445000, 5.501651
0.446000, 5.504613
0.447000, 5.507575
0.448000, 5.510429
0.449000, 5.513282
0.450000, 5.516027
0.451000, 5.518772
0.452000, 5.521408
0.453000, 5.524043
0.454000, 5.526570
0.455000, 5.529097
0.456000, 5.531514
0.457000, 5.533932
0.458000, 5.536240
0.459000, 5.538548
0.460000, 5.540747
0.461000, 5.542946
0.462000, 5.545036
0.463000, 5.547126
0.464000, 5.549106
0.465000, 5.551086
0.466000, 5.552956
0.467000, 5.554827
0.468000, 5.556588
0.469000, 5.558348
0.470000, 5.560000
0.471000, 5.561651
0.472000, 5.563192
0.473000, 5.564733
0.474000, 5.566165
0.475000, 5.567597
0.476000, 5.568918
0.477000, 5.570240
0.478000, 5.571451
0.479000, 5.572663
0.480000, 5.573765
0.481000, 5.574866
0.482000, 5.575858
0.483000, 5.576850
0.484000, 5.577731
0.485000, 5.578613
0.486000, 5.579384
0.487000, 5.580156
0.488000, 5.580817
0.489000, 5.581478
0.490000, 5.582029
0.491000, 5.582580
0.492000, 5.583021
0.493000, 5.583462
0.494000, 5.583793
0.495000, 5.584124
0.496000, 5.584344
0.497000, 5.584565
0.498000, 5.584675
0.499000, 5.584785
0.500000, 5.584785
0.501000, 5.584785
0.502000, 5.584675
0.503000, 5.584565
0.504000, 5.584344
0.505000, 5.584124
0.506000, 5.583793
0.507000, 5.583462
0.508000, 5.583021
0.509000, 5.582580
0.510000, 5.582029
0.511000, 5.581478
0.512000, 5.580817
0.513000, 5.580156
0.514000, 5.579384
0.515000, 5.578613
0.516000, 5.577731
0.517000, 5.576850
0.518000, 5.575858
0.519000, 5.574866
0.520000, 5.573765
0.521000, 5.572663
0.522000, 5.571451
0.523000, 5.570240
0.524000, 5.568918
0.525000, 5.567597
0.526000, 5.566165
0.527000, 5.564733
0.528000, 5.563192
0.529000, 5.561651
0.530000, 5.560000
0.531000, 5.558348
0.532000, 5.556588
0.533000, 5.554827
0.534000, 5.552956
0.535000, 5.551086
0.536000, 5.549106
0.537000, 5.547126
0.538000, 5.545036
0.539000, 5.542946
0.540000, 5.540747
0.541000, 5.538548
0.542000, 5.536240
0.543000, 5.533932
0.544000, 5.531514
0.545000, 5.529097
0.546000, 5.526570
0.547000, 5.524043
0.548000, 5.521408
0.549000, 5.518772
0.550000, 5.516027
0.551000, 5.513282
0.552000, 5.510429
0.553000, 5.507575
0.554000, 5.504613
0.555000, 5.501651
0.556000, 5.498580
0.557000, 5.495509
0.558000, 5.492330
0.559000, 5.489151
0.560000, 5.485863
0.561000, 5.482576
0.562000, 5.479180
0.563000, 5.475784
0.564000, 5.472280
0.565000, 5.468776
0.566000, 5.465164
0.567000, 5.461552
0.568000, 5.457832
0.569000, 5.454113
0.570000, 5.450285
0.571000, 5.446458
0.572000, 5.442523
0.573000, 5.438588
0.574000, 5.434546
0.575000, 5.430504
0.576000, 5.426354
0.577000, 5.422205
0.578000, 5.417949
0.579000, 5.413692
0.580000, 5.409329
0.581000, 5.404965
0.582000, 5.400495
0.583000, 5.396025
0.584000, 5.391449
0.585000, 5.386872
0.586000, 5.382190
0.587000, 5.377507
0.588000, 5.372718
0.589000, 5.367929
0.590000, 5.363034
0.591000, 5.358139
0.592000, 5.353138
0.593000, 5.348137
0.594000, 5.343031
0.595000, 5.337925
0.596000, 5.332713
0.597000, 5.327502
0.598000, 5.322185
0.599000, 5.316868
0.600000, 5.311446
0.601000, 5.306024
0.602000, 5.300498
0.603000, 5.294971
0.604000, 5.289340
0.605000, 5.283709
0.606000, 5.277974
0.607000, 5.272239
0.608000, 5.266399
0.609000, 5.260560
0.610000, 5.254617
0.611000, 5.248674
0.612000, 5.242627
0.613000, 5.236580
0.614000, 5.230430
0.615000, 5.224280
0.616000, 5.218026
0.617000, 5.211773
0.618000, 5.205417
0.619000, 5.199061
0.620000, 5.192602
0.621000, 5.186143
0.622000, 5.179582
0.623000, 5.173021
0.624000, 5.166357
0.625000, 5.159694
0.626000, 5.152929
0.627000, 5.146164
0.628000, 5.139297
0.629000, 5.132430
0.630000, 5.125462
0.631000, 5.118494
0.632000, 5.111425
0.633000, 5.104356
0.634000, 5.097186
0.635000, 5.090017
0.636000, 5.082746
0.637000, 5.075476
0.638000, 5.068105
0.639000, 5.060735
0.640000, 5.053265
0.641000, 5.045794
0.642000, 5.038224
0.643000, 5.030654
0.644000, 5.022985
0.645000, 5.015316
0.646000, 5.007547
0.647000, 4.999779
0.648000, 4.991912
0.649000, 4.984045
0.650000, 4.976080
0.651000, 4.968115
0.652000, 4.960051
0.653000, 4.951988
0.654000, 4.943827
0.655000, 4.935665
0.656000, 4.927407
0.657000, 4.919148
0.658000, 4.910793
0.659000, 4.902437
0.660000, 4.893984
0.661000, 4.885532
0.662000, 4.876983
0.663000, 4.868434
0.664000, 4.859789
0.665000, 4.851144
0.666000, 4.842404
0.667000, 4.833663
0.668000, 4.824827
0.669000, 4.815990
0.670000, 4.807059
0.671000, 4.798128
0.672000, 4.789102
0.673000, 4.780076
0.674000, 4.770956
0.675000, 4.761836
0.676000, 4.752621
0.677000, 4.743407
0.678000, 4.734099
0.679000, 4.724791
0.680000, 4.715390
0.681000, 4.705989
0.682000, 4.696495
0.683000, 4.687001
0.684000, 4.677414
0.685000, 4.667828
0.686000, 4.658149
0.687000, 4.648470
0.688000, 4.638700
0.689000, 4.628929
0.690000, 4.619067
0.691000, 4.609205
0.692000, 4.599253
0.693000, 4.589300
0.694000, 4.579256
0.695000, 4.569213
0.696000, 4.559079
0.697000, 4.548946
0.698000, 4.538722
0.699000, 4.528499
0.700000, 4.518186
0.701000, 4.507873
0.702000, 4.497471
0.703000, 4.487070
0.704000, 4.476579
0.705000, 4.466089
0.706000, 4.455510
0.707000, 4.444932
0.708000, 4.434266
0.709000, 4.423599
0.710000, 4.412846
0.711000, 4.402092
0.712000, 4.391252
0.713000, 4.380411
0.714000, 4.369485
0.715000, 4.358558
0.716000, 4.347545
0.717000, 4.336532
0.718000, 4.325433
0.719000, 4.314335
0.720000, 4.303151
0.721000, 4.291967
0.722000, 4.280699
0.723000, 4.269430
0.724000, 4.258078
0.725000, 4.246725
0.726000, 4.235288
0.727000, 4.223852
0.728000, 4.212332
0.729000, 4.200812
0.730000, 4.189209
0.731000, 4.177606
0.732000, 4.165921
0.733000, 4.154236
0.734000, 4.142468
0.735000, 4.130701
0.736000, 4.118852
0.737000, 4.107003
0.738000, 4.095074
0.739000, 4.083144
0.740000, 4.071133
0.741000, 4.059123
0.742000, 4.047032
0.743000, 4.034941
0.744000, 4.022771
0.745000, 4.010601
0.746000, 3.998351
0.747000, 3.986102
0.748000, 3.973774
0.749000, 3.961446
0.750000, 3.949039
0.751000, 3.936633
0.752000, 3.924149
0.753000, 3.911665
0.754000, 3.899104
0.755000, 3.886543
0.756000, 3.873905
0.757000, 3.861267
0.758000, 3.848553
0.759000, 3.835838
0.760000, 3.823048
0.761000, 3.810259
0.762000, 3.797393
0.763000, 3.784528
0.764000, 3.771589
0.765000, 3.758649
0.766000, 3.745635
0.767000, 3.732621
0.768000, 3.719533
0.769000, 3.706445
0.770000, 3.693285
0.771000, 3.680124
0.772000, 3.666890
0.773000, 3.653657
0.774000, 3.640351
0.775000, 3.627046
0.776000, 3.613668
0.777000, 3.600291
0.778000, 3.586843
0.779000, 3.573395
0.780000, 3.559876
0.781000, 3.546357
0.782000, 3.532768
0.783000, 3.519180
0.784000, 3.505521
0.785000, 3.491863
0.786000, 3.478136
0.787000, 3.464409
0.788000, 3.450613
0.789000, 3.436818
0.790000, 3.422954
0.791000, 3.409091
0.792000, 3.395160
0.793000, 3.381229
0.794000, 3.367232
0.795000, 3.353234
0.796000, 3.339171
0.797000, 3.325107
0.798000, 3.310978
0.799000, 3.296849
0.800000, 3.282654
0.801000, 3.268460
0.802000, 3.254201
0.803000, 3.239942
0.804000, 3.225619
0.805000, 3.211297
0.806000, 3.196910
0.807000, 3.182524
0.808000, 3.168075
0.809000, 3.153626
0.810000, 3.139115
0.811000, 3.124604
0.812000, 3.110031
0.813000, 3.095458
0.814000, 3.080824
0.815000, 3.066190
0.816000, 3.051495
0.817000, 3.036800
0.818000, 3.022046
0.819000, 3.007291
0.820000, 2.992477
0.821000, 2.977664
0.822000, 2.962791
0.823000, 2.947918
0.824000, 2.932987
0.825000, 2.918057
0.826000, 2.903068
0.827000, 2.888080
0.828000, 2.873034
0.829000, 2.857989
0.830000, 2.842887
0.831000, 2.827785
0.832000, 2.812627
0.833000, 2.797470
0.834000, 2.782257
0.835000, 2.767044
0.836000, 2.751776
0.837000, 2.736509
0.838000, 2.721187
0.839000, 2.705866
0.840000, 2.690491
0.841000, 2.675116
0.842000, 2.659688
0.843000, 2.644260
0.844000, 2.628780
0.845000, 2.613300
0.846000, 2.597769
0.847000, 2.582237
0.848000, 2.566655
0.849000, 2.551072
0.850000, 2.535439
0.851000, 2.519806
0.852000, 2.504124
0.853000, 2.488441
0.854000, 2.472710
0.855000, 2.456978
0.856000, 2.441198
0.857000, 2.425417
0.858000, 2.409589
0.859000, 2.393761
0.860000, 2.377886
0.861000, 2.362010
0.862000, 2.346089
0.863000, 2.330167
0.864000, 2.314199
0.865000, 2.298231
0.866000, 2.282217
0.867000, 2.266204
0.868000, 2.250146
0.869000, 2.234088
0.870000, 2.217986
0.871000, 2.201883
0.872000, 2.185738
0.873000, 2.169592
0.874000, 2.153404
0.875000, 2.137215
0.876000, 2.120985
0.877000, 2.104754
0.878000, 2.088482
0.879000, 2.072210
0.880000, 2.055897
0.881000, 2.039583
0.882000, 2.023230
0.883000, 2.006877
0.884000, 1.990484
0.885000, 1.974091
0.886000, 1.957659
0.887000, 1.941227
0.888000, 1.924757
0.889000, 1.908286
0.890000, 1.891778
0.891000, 1.875271
0.892000, 1.858726
0.893000, 1.842181
0.894000, 1.825599
0.895000, 1.809018
0.896000, 1.792401
0.897000, 1.775784
0.898000, 1.759132
0.899000, 1.742480
0.900000, 1.725793
0.901000, 1.709107
0.902000, 1.692387
0.903000, 1.675667
0.904000, 1.658913
0.905000, 1.642160
0.906000, 1.625374
0.907000, 1.608589
0.908000, 1.591771
0.909000, 1.574954
0.910000, 1.558105
0.911000, 1.541257
0.912000, 1.524378
0.913000, 1.507499
0.914000, 1.490590
0.915000, 1.473682
0.916000, 1.456744
0.917000, 1.439806
0.918000, 1.422840
0.919000, 1.405874
0.920000, 1.388880
0.921000, 1.371886
0.922000, 1.354865
0.923000, 1.337844
0.924000, 1.320796
0.925000, 1.303749
0.926000, 1.286675
0.927000, 1.269602
0.928000, 1.252504
0.929000, 1.235406
0.930000, 1.218283
0.931000, 1.201160
0.932000, 1.184014
0.933000, 1.166868
0.934000, 1.149698
0.935000, 1.132529
0.936000, 1.115337
0.937000, 1.098146
0.938000, 1.080932
0.939000, 1.063719
0.940000, 1.046484
0.941000, 1.029250
0.942000, 1.011995
0.943000, 0.994741
0.944000, 0.977466
0.945000, 0.960192
0.946000, 0.942899
0.947000, 0.925605
0.948000, 0.908294
0.949000, 0.890982
0.950000, 0.873653
0.951000, 0.856324
0.952000, 0.838978
0.953000, 0.821632
0.954000, 0.804269
0.955000, 0.786907
0.956000, 0.769529
0.957000, 0.752151
0.958000, 0.734759
0.959000, 0.717366
0.960000, 0.699959
0.961000, 0.682552
0.962000, 0.665132
0.963000, 0.647712
0.964000, 0.630279
0.965000, 0.612846
0.966000, 0.595400
0.967000, 0.577955
0.968000, 0.560499
0.969000, 0.543042
0.970000, 0.525575
0.971000, 0.508107
0.972000, 0.490630
0.973000, 0.473153
0.974000, 0.455666
0.975000, 0.438179
0.976000, 0.420684
0.977000, 0.403189
0.978000, 0.385685
0.979000, 0.368182
0.980000, 0.350672
0.981000, 0.333161
0.982000, 0.315644
0.983000, 0.298127
0.984000, 0.280604
0.985000, 0.263081
0.986000, 0.245552
0.987000, 0.228024
0.988000, 0.210492
0.989000, 0.192959
0.990000, 0.175422
0.991000, 0.157886
0.992000, 0.140346
0.993000, 0.122807
0.994000, 0.105264
0.995000, 0.087722
0.996000, 0.070179
0.997000, 0.052635
0.998000, 0.035090
0.999000, 0.017545
1.000000, 0.000000
