0.000000, 0.000000
0.001000, 0.000011
0.002000, 0.000021
0.003000, 0.000032
0.004000, 0.000043
0.005000, 0.000054
0.006000, 0.000064
0.007000, 0.000075
0.008000, 0.000086
0.009000, 0.000096
0.010000, 0.000107
0.011000, 0.000118
0.012000, 0.000128
0.013000, 0.000139
0.014000, 0.000150
0.015000, 0.000160
0.016000, 0.000171
0.017000, 0.000182
0.018000, 0.000193
0.019000, 0.000203
0.020000, 0.000214
0.021000, 0.000225
0.022000, 0.000235
0.023000, 0.000246
0.024000, 0.000257
0.025000, 0.000267
0.026000, 0.000278
0.027000, 0.000289
0.028000, 0.000299
0.029000, 0.000310
0.030000, 0.000321
0.031000, 0.000331
0.032000, 0.000342
0.033000, 0.000352
0.034000, 0.000363
0.035000, 0.000374
0.036000, 0.000384
0.037000, 0.000395
0.038000, 0.000406
0.039000, 0.000416
0.040000, 0.000427
0.041000, 0.000438
0.042000, 0.000448
0.043000, 0.000459
0.044000, 0.000469
0.045000, 0.000480
0.046000, 0.000491
0.047000, 0.000501
0.048000, 0.000512
0.049000, 0.000522
0.050000, 0.000533
0.051000, 0.000543
0.052000, 0.000554
0.053000, 0.000565
0.054000, 0.000575
0.055000, 0.000586
0.056000, 0.000596
0.057000, 0.000607
0.058000, 0.000617
0.059000, 0.000628
0.060000, 0.000638
0.061000, 0.000649
0.062000, 0.000659
0.063000, 0.000670
0.064000, 0.000680
0.065000, 0.000691
0.066000, 0.000701
0.067000, 0.000712
0.068000, 0.000722
0.069000, 0.000733
0.070000, 0.000743
0.071000, 0.000753
0.072000, 0.000764
0.073000, 0.000774
0.074000, 0.000785
0.075000, 0.000795
0.076000, 0.000806
0.077000, 0.000816
0.078000, 0.000826
0.079000, 0.000837
0.080000, 0.000847
0.081000, 0.000857
0.082000, 0.000868
0.083000, 0.000878
0.084000, 0.000888
0.085000, 0.000899
0.086000, 0.000909
0.087000, 0.000919
0.088000, 0.000930
0.089000, 0.000940
0.090000, 0.000950
0.091000, 0.000961
0.092000, 0.000971
0.093000, 0.000981
0.094000, 0.000991
0.095000, 0.001002
0.096000, 0.001012
0.097000, 0.001022
0.098000, 0.001032
0.099000, 0.001042
0.100000, 0.001053
0.101000, 0.001063
0.102000, 0.001073
0.103000, 0.001083
0.104000, 0.001093
0.105000, 0.001103
0.106000, 0.001113
0.107000, 0.001124
0.108000, 0.001134
0.109000, 0.001144
0.110000, 0.001154
0.111000, 0.001164
0.112000, 0.001174
0.113000, 0.001184
0.114000, 0.001194
0.115000, 0.001204
0.116000, 0.001214
0.117000, 0.001224
0.118000, 0.001234
0.119000, 0.001244
0.120000, 0.001254
0.121000, 0.001264
0.122000, 0.001274
0.123000, 0.001284
0.124000, 0.001294
0.125000, 0.001303
0.126000, 0.001313
0.127000, 0.001323
0.128000, 0.001333
0.129000, 0.001343
0.130000, 0.001353
0.131000, 0.001363
0.132000, 0.001372
0.133000, 0.001382
0.134000, 0.001392
0.135000, 0.001402
0.136000, 0.001411
0.137000, 0.001421
0.138000, 0.001431
0.139000, 0.001441
0.140000, 0.001450
0.141000, 0.001460
0.142000, 0.001470
0.143000, 0.001479
0.144000, 0.001489
0.145000, 0.001499
0.146000, 0.001508
0.147000, 0.001518
0.148000, 0.001527
0.149000, 0.001537
0.150000, 0.001546
0.151000, 0.001556
0.152000, 0.001565
0.153000, 0.001575
0.154000, 0.001584
0.155000, 0.001594
0.156000, 0.001603
0.157000, 0.001613
0.158000, 0.001622
0.159000, 0.001632
0.160000, 0.001641
0.161000, 0.001650
0.162000, 0.001660
0.163000, 0.001669
0.164000, 0.001678
0.165000, 0.001688
0.166000, 0.001697
0.167000, 0.001706
0.168000, 0.001715
0.169000, 0.001725
0.170000, 0.001734
0.171000, 0.001743
0.172000, 0.001752
0.173000, 0.001761
0.174000, 0.001771
0.175000, 0.001780
0.176000, 0.001789
0.177000, 0.001798
0.178000, 0.001807
0.179000, 0.001816
0.180000, 0.001825
0.181000, 0.001834
0.182000, 0.001843
0.183000, 0.001852
0.184000, 0.001861
0.185000, 0.001870
0.186000, 0.001879
0.187000, 0.001888
0.188000, 0.001897
0.189000, 0.001906
0.190000, 0.001915
0.191000, 0.001923
0.192000, 0.001932
0.193000, 0.001941
0.194000, 0.001950
0.195000, 0.001959
0.196000, 0.001967
0.197000, 0.001976
0.198000, 0.001985
0.199000, 0.001993
0.200000, 0.002002
0.201000, 0.002011
0.202000, 0.002019
0.203000, 0.002028
0.204000, 0.002037
0.205000, 0.002045
0.206000, 0.002054
0.207000, 0.002062
0.208000, 0.002071
0.209000, 0.002079
0.210000, 0.002088
0.211000, 0.002096
0.212000, 0.002105
0.213000, 0.002113
0.214000, 0.002121
0.215000, 0.002130
0.216000, 0.002138
0.217000, 0.002146
0.218000, 0.002155
0.219000, 0.002163
0.220000, 0.002171
0.221000, 0.002179
0.222000, 0.002188
0.223000, 0.002196
0.224000, 0.002204
0.225000, 0.002212
0.226000, 0.002220
0.227000, 0.002228
0.228000, 0.002236
0.229000, 0.002245
0.230000, 0.002253
0.231000, 0.002261
0.232000, 0.002269
0.233000, 0.002277
0.234000, 0.002284
0.235000, 0.002292
0.236000, 0.002300
0.237000, 0.002308
0.238000, 0.002316
0.239000, 0.002324
0.240000, 0.002332
0.241000, 0.002339
0.242000, 0.002347
0.243000, 0.002355
0.244000, 0.002363
0.245000, 0.002370
0.246000, 0.002378
0.247000, 0.002386
0.248000, 0.002393
0.249000, 0.002401
0.250000, 0.002409
0.251000, 0.002416
0.252000, 0.002424
0.253000, 0.002431
0.254000, 0.002439
0.255000, 0.002446
0.256000, 0.002453
0.257000, 0.002461
0.258000, 0.002468
0.259000, 0.002476
0.260000, 0.002483
0.261000, 0.002490
0.262000, 0.002498
0.263000, 0.002505
0.264000, 0.002512
0.265000, 0.002519
0.266000, 0.002526
0.267000, 0.002534
0.268000, 0.002541
0.269000, 0.002548
0.270000, 0.002555
0.271000, 0.002562
0.272000, 0.002569
0.273000, 0.002576
0.274000, 0.002583
0.275000, 0.002590
0.276000, 0.002597
0.277000, 0.002604
0.278000, 0.002611
0.279000, 0.002618
0.280000, 0.002624
0.281000, 0.002631
0.282000, 0.002638
0.283000, 0.002645
0.284000, 0.002652
0.285000, 0.002658
0.286000, 0.002665
0.287000, 0.002672
0.288000, 0.002678
0.289000, 0.002685
0.290000, 0.002691
0.291000, 0.002698
0.292000, 0.002704
0.293000, 0.002711
0.294000, 0.002717
0.295000, 0.002724
0.296000, 0.002730
0.297000, 0.002737
0.298000, 0.002743
0.299000, 0.002749
0.300000, 0.002756
0.301000, 0.002762
0.302000, 0.002768
0.303000, 0.002774
0.304000, 0.002781
0.305000, 0.002787
0.306000, 0.002793
0.307000, 0.002799
0.308000, 0.002805
0.309000, 0.002811
0.310000, 0.002817
0.311000, 0.002823
0.312000, 0.002829
0.313000, 0.002835
0.314000, 0.002841
0.315000, 0.002847
0.316000, 0.002853
0.317000, 0.002859
0.318000, 0.002864
0.319000, 0.002870
0.320000, 0.002876
0.321000, 0.002882
0.322000, 0.002887
0.323000, 0.002893
0.324000, 0.002899
0.325000, 0.002904
0.326000, 0.002910
0.327000, 0.002915
0.328000, 0.002921
0.329000, 0.002926
0.330000, 0.002932
0.331000, 0.002937
0.332000, 0.002943
0.333000, 0.002948
0.334000, 0.002953
0.335000, 0.002959
0.336000, 0.002964
0.337000, 0.002969
0.338000, 0.002974
0.339000, 0.002980
0.340000, 0.002985
0.341000, 0.002990
0.342000, 0.002995
0.343000, 0.003000
0.344000, 0.003005
0.345000, 0.003010
0.346000, 0.003015
0.347000, 0.003020
0.348000, 0.003025
0.349000, 0.003030
0.350000, 0.003035
0.351000, 0.003040
0.352000, 0.003045
0.353000, 0.003049
0.354000, 0.003054
0.355000, 0.003059
0.356000, 0.003064
0.357000, 0.003068
0.358000, 0.003073
0.359000, 0.003077
0.360000, 0.003082
0.361000, 0.003087
0.362000, 0.003091
0.363000, 0.003096
0.364000, 0.003100
0.365000, 0.003104
0.366000, 0.003109
0.367000, 0.003113
0.368000, 0.003117
0.369000, 0.003122
0.370000, 0.003126
0.371000, 0.003130
0.372000, 0.003134
0.373000, 0.003139
0.374000, 0.003143
0.375000, 0.003147
0.376000, 0.003151
0.377000, 0.003155
0.378000, 0.003159
0.379000, 0.003163
0.380000, 0.003167
0.381000, 0.003171
0.382000, 0.003175
0.383000, 0.003179
0.384000, 0.003182
0.385000, 0.003186
0.386000, 0.003190
0.387000, 0.003194
0.388000, 0.003197
0.389000, 0.003201
0.390000, 0.003205
0.391000, 0.003208
0.392000, 0.003212
0.393000, 0.003216
0.394000, 0.003219
0.395000, 0.003223
0.396000, 0.003226
0.397000, 0.003229
0.398000, 0.003233
0.399000, 0.003236
0.400000, 0.003239
0.401000, 0.003243
0.402000, 0.003246
0.403000, 0.003249
0.404000, 0.003252
0.405000, 0.003256
0.406000, 0.003259
0.407000, 0.003262
0.408000, 0.003265
0.409000, 0.003268
0.410000, 0.003271
0.411000, 0.003274
0.412000, 0.003277
0.413000, 0.003280
0.414000, 0.003283
0.415000, 0.003285
0.416000, 0.003288
0.417000, 0.003291
0.418000, 0.003294
0.419000, 0.003296
0.420000, 0.003299
0.421000, 0.003302
0.422000, 0.003304
0.423000, 0.003307
0.424000, 0.003310
0.425000, 0.003312
0.426000, 0.003315
0.427000, 0.003317
0.428000, 0.003319
0.429000, 0.003322
0.430000, 0.003324
0.431000, 0.003326
0.432000, 0.003329
0.433000, 0.003331
0.434000, 0.003333
0.435000, 0.003335
0.436000, 0.003338
0.437000, 0.003340
0.438000, 0.003342
0.439000, 0.003344
0.440000, 0.003346
0.441000, 0.003348
0.442000, 0.003350
0.443000, 0.003352
0.444000, 0.003354
0.445000, 0.003355
0.446000, 0.003357
0.447000, 0.003359
0.448000, 0.003361
0.449000, 0.003363
0.450000, 0.003364
0.451000, 0.003366
0.452000, 0.003368
0.453000, 0.003369
0.454000, 0.003371
0.455000, 0.003372
0.456000, 0.003374
0.457000, 0.003375
0.458000, 0.003377
0.459000, 0.003378
0.460000, 0.003379
0.461000, 0.003381
0.462000, 0.003382
0.463000, 0.003383
0.464000, 0.003384
0.465000, 0.003386
0.466000, 0.003387
0.467000, 0.003388
0.468000, 0.003389
0.469000, 0.003390
0.470000, 0.003391
0.471000, 0.003392
0.472000, 0.003393
0.473000, 0.003394
0.474000, 0.003395
0.475000, 0.003396
0.476000, 0.003396
0.477000, 0.003397
0.478000, 0.003398
0.479000, 0.003399
0.480000, 0.003399
0.481000, 0.003400
0.482000, 0.003401
0.483000, 0.003401
0.484000, 0.003402
0.485000, 0.003402
0.486000, 0.003403
0.487000, 0.003403
0.488000, 0.003404
0.489000, 0.003404
0.490000, 0.003404
0.491000, 0.003405
0.492000, 0.003405
0.493000, 0.003405
0.494000, 0.003406
0.495000, 0.003406
0.496000, 0.003406
0.497000, 0.003406
0.498000, 0.003406
0.499000, 0.003406
0.500000, 0.003406
0.501000, 0.003406
0.502000, 0.003406
0.503000, 0.003406
0.504000, 0.003406
0.505000, 0.003406
0.506000, 0.003406
0.507000, 0.003405
0.508000, 0.003405
0.509000, 0.003405
0.510000, 0.003404
0.511000, 0.003404
0.512000, 0.003404
0.513000, 0.003403
0.514000, 0.003403
0.515000, 0.003402
0.516000, 0.003402
0.517000, 0.003401
0.518000, 0.003401
0.519000, 0.003400
0.520000, 0.003399
0.521000, 0.003399
0.522000, 0.003398
0.523000, 0.003397
0.524000, 0.003396
0.525000, 0.003396
0.526000, 0.003395
0.527000, 0.003394
0.528000, 0.003393
0.529000, 0.003392
0.530000, 0.003391
0.531000, 0.003390
0.532000, 0.003389
0.533000, 0.003388
0.534000, 0.003387
0.535000, 0.003386
0.536000, 0.003384
0.537000, 0.003383
0.538000, 0.003382
0.539000, 0.003381
0.540000, 0.003379
0.541000, 0.003378
0.542000, 0.003377
0.543000, 0.003375
0.544000, 0.003374
0.545000, 0.003372
0.546000, 0.003371
0.547000, 0.003369
0.548000, 0.003368
0.549000, 0.003366
0.550000, 0.003364
0.551000, 0.003363
0.552000, 0.003361
0.553000, 0.003359
0.554000, 0.003357
0.555000, 0.003355
0.556000, 0.003354
0.557000, 0.003352
0.558000, 0.003350
0.559000, 0.003348
0.560000, 0.003346
0.561000, 0.003344
0.562000, 0.003342
0.563000, 0.003340
0.564000, 0.003338
0.565000, 0.003335
0.566000, 0.003333
0.567000, 0.003331
0.568000, 0.003329
0.569000, 0.003326
0.570000, 0.003324
0.571000, 0.003322
0.572000, 0.003319
0.573000, 0.003317
0.574000, 0.003315
0.575000, 0.003312
0.576000, 0.003310
0.577000, 0.003307
0.578000, 0.003304
0.579000, 0.003302
0.580000, 0.003299
0.581000, 0.003296
0.582000, 0.003294
0.583000, 0.003291
0.584000, 0.003288
0.585000, 0.003285
0.586000, 0.003283
0.587000, 0.003280
0.588000, 0.003277
0.589000, 0.003274
0.590000, 0.003271
0.591000, 0.003268
0.592000, 0.003265
0.593000, 0.003262
0.594000, 0.003259
0.595000, 0.003256
0.596000, 0.003252
0.597000, 0.003249
0.598000, 0.003246
0.599000, 0.003243
0.600000, 0.003239
0.601000, 0.003236
0.602000, 0.003233
0.603000, 0.003229
0.604000, 0.003226
0.605000, 0.003223
0.606000, 0.003219
0.607000, 0.003216
0.608000, 0.003212
0.609000, 0.003208
0.610000, 0.003205
0.611000, 0.003201
0.612000, 0.003197
0.613000, 0.003194
0.614000, 0.003190
0.615000, 0.003186
0.616000, 0.003182
0.617000, 0.003179
0.618000, 0.003175
0.619000, 0.003171
0.620000, 0.003167
0.621000, 0.003163
0.622000, 0.003159
0.623000, 0.003155
0.624000, 0.003151
0.625000, 0.003147
0.626000, 0.003143
0.627000, 0.003139
0.628000, 0.003134
0.629000, 0.003130
0.630000, 0.003126
0.631000, 0.003122
0.632000, 0.003117
0.633000, 0.003113
0.634000, 0.003109
0.635000, 0.003104
0.636000, 0.003100
0.637000, 0.003096
0.638000, 0.003091
0.639000, 0.003087
0.640000, 0.003082
0.641000, 0.003077
0.642000, 0.003073
0.643000, 0.003068
0.644000, 0.003064
0.645000, 0.003059
0.646000, 0.003054
0.647000, 0.003049
0.648000, 0.003045
0.649000, 0.003040
0.650000, 0.003035
0.651000, 0.003030
0.652000, 0.003025
0.653000, 0.003020
0.654000, 0.003015
0.655000, 0.003010
0.656000, 0.003005
0.657000, 0.003000
0.658000, 0.002995
0.659000, 0.002990
0.660000, 0.002985
0.661000, 0.002980
0.662000, 0.002974
0.663000, 0.002969
0.664000, 0.002964
0.665000, 0.002959
0.666000, 0.002953
0.667000, 0.002948
0.668000, 0.002943
0.669000, 0.002937
0.670000, 0.002932
0.671000, 0.002926
0.672000, 0.002921
0.673000, 0.002915
0.674000, 0.002910
0.675000, 0.002904
0.676000, 0.002899
0.677000, 0.002893
0.678000, 0.002887
0.679000, 0.002882
0.680000, 0.002876
0.681000, 0.002870
0.682000, 0.002864
0.683000, 0.002859
0.684000, 0.002853
0.685000, 0.002847
0.686000, 0.002841
0.687000, 0.002835
0.688000, 0.002829
0.689000, 0.002823
0.690000, 0.002817
0.691000, 0.002811
0.692000, 0.002805
0.693000, 0.002799
0.694000, 0.002793
0.695000, 0.002787
0.696000, 0.002781
0.697000, 0.002774
0.698000, 0.002768
0.699000, 0.002762
0.700000, 0.002756
0.701000, 0.002749
0.702000, 0.002743
0.703000, 0.002737
0.704000, 0.002730
0.705000, 0.002724
0.706000, 0.002717
0.707000, 0.002711
0.708000, 0.002704
0.709000, 0.002698
0.710000, 0.002691
0.711000, 0.002685
0.712000, 0.002678
0.713000, 0.002672
0.714000, 0.002665
0.715000, 0.002658
0.716000, 0.002652
0.717000, 0.002645
0.718000, 0.002638
0.719000, 0.002631
0.720000, 0.002624
0.721000, 0.002618
0.722000, 0.002611
0.723000, 0.002604
0.724000, 0.002597
0.725000, 0.002590
0.726000, 0.002583
0.727000, 0.002576
0.728000, 0.002569
0.729000, 0.002562
0.730000, 0.002555
0.731000, 0.002548
0.732000, 0.002541
0.733000, 0.002534
0.734000, 0.002526
0.735000, 0.002519
0.736000, 0.002512
0.737000, 0.002505
0.738000, 0.002498
0.739000, 0.002490
0.740000, 0.002483
0.741000, 0.002476
0.742000, 0.002468
0.743000, 0.002461
0.744000, 0.002453
0.745000, 0.002446
0.746000, 0.002439
0.747000, 0.002431
0.748000, 0.002424
0.749000, 0.002416
0.750000, 0.002409
0.751000, 0.002401
0.752000, 0.002393
0.753000, 0.002386
0.754000, 0.002378
0.755000, 0.002370
0.756000, 0.002363
0.757000, 0.002355
0.758000, 0.002347
0.759000, 0.002339
0.760000, 0.002332
0.761000, 0.002324
0.762000, 0.002316
0.763000, 0.002308
0.764000, 0.002300
0.765000, 0.002292
0.766000, 0.002284
0.767000, 0.002277
0.768000, 0.002269
0.769000, 0.002261
0.770000, 0.002253
0.771000, 0.002245
0.772000, 0.002236
0.773000, 0.002228
0.774000, 0.002220
0.775000, 0.002212
0.776000, 0.002204
0.777000, 0.002196
0.778000, 0.002188
0.779000, 0.002179
0.780000, 0.002171
0.781000, 0.002163
0.782000, 0.002155
0.783000, 0.002146
0.784000, 0.002138
0.785000, 0.002130
0.786000, 0.002121
0.787000, 0.002113
0.788000, 0.002105
0.789000, 0.002096
0.790000, 0.002088
0.791000, 0.002079
0.792000, 0.002071
0.793000, 0.002062
0.794000, 0.002054
0.795000, 0.002045
0.796000, 0.002037
0.797000, 0.002028
0.798000, 0.002019
0.799000, 0.002011
0.800000, 0.002002
0.801000, 0.001993
0.802000, 0.001985
0.803000, 0.001976
0.804000, 0.001967
0.805000, 0.001959
0.806000, 0.001950
0.807000, 0.001941
0.808000, 0.001932
0.809000, 0.001923
0.810000, 0.001915
0.811000, 0.001906
0.812000, 0.001897
0.813000, 0.001888
0.814000, 0.001879
0.815000, 0.001870
0.816000, 0.001861
0.817000, 0.001852
0.818000, 0.001843
0.819000, 0.001834
0.820000, 0.001825
0.821000, 0.001816
0.822000, 0.001807
0.823000, 0.001798
0.824000, 0.001789
0.825000, 0.001780
0.826000, 0.001771
0.827000, 0.001761
0.828000, 0.001752
0.829000, 0.001743
0.830000, 0.001734
0.831000, 0.001725
0.832000, 0.001715
0.833000, 0.001706
0.834000, 0.001697
0.835000, 0.001688
0.836000, 0.001678
0.837000, 0.001669
0.838000, 0.001660
0.839000, 0.001650
0.840000, 0.001641
0.841000, 0.001632
0.842000, 0.001622
0.843000, 0.001613
0.844000, 0.001603
0.845000, 0.001594
0.846000, 0.001584
0.847000, 0.001575
0.848000, 0.001565
0.849000, 0.001556
0.850000, 0.001546
0.851000, 0.001537
0.852000, 0.001527
0.853000, 0.001518
0.854000, 0.001508
0.855000, 0.001499
0.856000, 0.001489
0.857000, 0.001479
0.858000, 0.001470
0.859000, 0.001460
0.860000, 0.001450
0.861000, 0.001441
0.862000, 0.001431
0.863000, 0.001421
0.864000, 0.001411
0.865000, 0.001402
0.866000, 0.001392
0.867000, 0.001382
0.868000, 0.001372
0.869000, 0.001363
0.870000, 0.001353
0.871000, 0.001343
0.872000, 0.001333
0.873000, 0.001323
0.874000, 0.001313
0.875000, 0.001303
0.876000, 0.001294
0.877000, 0.001284
0.878000, 0.001274
0.879000, 0.001264
0.880000, 0.001254
0.881000, 0.001244
0.882000, 0.001234
0.883000, 0.001224
0.884000, 0.001214
0.885000, 0.001204
0.886000, 0.001194
0.887000, 0.001184
0.888000, 0.001174
0.889000, 0.001164
0.890000, 0.001154
0.891000, 0.001144
0.892000, 0.001134
0.893000, 0.001124
0.894000, 0.001113
0.895000, 0.001103
0.896000, 0.001093
0.897000, 0.001083
0.898000, 0.001073
0.899000, 0.001063
0.900000, 0.001053
0.901000, 0.001042
0.902000, 0.001032
0.903000, 0.001022
0.904000, 0.001012
0.905000, 0.001002
0.906000, 0.000991
0.907000, 0.000981
0.908000, 0.000971
0.909000, 0.000961
0.910000, 0.000950
0.911000, 0.000940
0.912000, 0.000930
0.913000, 0.000919
0.914000, 0.000909
0.915000, 0.000899
0.916000, 0.000888
0.917000, 0.000878
0.918000, 0.000868
0.919000, 0.000857
0.920000, 0.000847
0.921000, 0.000837
0.922000, 0.000826
0.923000, 0.000816
0.924000, 0.000806
0.925000, 0.000795
0.926000, 0.000785
0.927000, 0.000774
0.928000, 0.000764
0.929000, 0.000753
0.930000, 0.000743
0.931000, 0.000733
0.932000, 0.000722
0.933000, 0.000712
0.934000, 0.000701
0.935000, 0.000691
0.936000, 0.000680
0.937000, 0.000670
0.938000, 0.000659
0.939000, 0.000649
0.940000, 0.000638
0.941000, 0.000628
0.942000, 0.000617
0.943000, 0.000607
0.944000, 0.000596
0.945000, 0.000586
0.946000, 0.000575
0.947000, 0.000565
0.948000, 0.000554
0.949000, 0.000543
0.950000, 0.000533
0.951000, 0.000522
0.952000, 0.000512
0.953000, 0.000501
0.954000, 0.000491
0.955000, 0.000480
0.956000, 0.000469
0.957000, 0.000459
0.958000, 0.000448
0.959000, 0.000438
0.960000, 0.000427
0.961000, 0.000416
0.962000, 0.000406
0.963000, 0.000395
0.964000, 0.000384
0.965000, 0.000374
0.966000, 0.000363
0.967000, 0.000352
0.968000, 0.000342
0.969000, 0.000331
0.970000, 0.000321
0.971000, 0.000310
0.972000, 0.000299
0.973000, 0.000289
0.974000, 0.000278
0.975000, 0.000267
0.976000, 0.000257
0.977000, 0.000246
0.978000, 0.000235
0.979000, 0.000225
0.980000, 0.000214
0.981000, 0.000203
0.982000, 0.000193
0.983000, 0.000182
0.984000, 0.000171
0.985000, 0.000160
0.986000, 0.000150
0.987000, 0.000139
0.988000, 0.000128
0.989000, 0.000118
0.990000, 0.000107
0.991000, 0.000096
0.992000, 0.000086
0.993000, 0.000075
0.994000, 0.000064
0.995000, 0.000054
0.996000, 0.000043
0.997000, 0.000032
0.998000, 0.000021
0.999000, 0.000011
1.000000, 0.000000
